"Frequency, Hz - Peaks",Magnitude (V) - Peaks,"Frequency, Hz - Signal",Magnitude (V) - Signal
102.72k,1.200895m,100k,759.0087u
117.9k,506.6625u,100.02k,418.7299u
122.92k,1.013017m,100.04k,110.4653u
128.44k,773.3704u,100.06k,443.1964u
185.44k,471.5711u,100.08k,533.2851u
242.2k,855.5625u,100.1k,539.9218u
243.22k,782.1361u,100.12k,532.5349u
284.72k,708.5641u,100.14k,526.8118u
287.08k,614.734u,100.16k,521.5506u
295.16k,668.8658u,100.18k,518.7369u
296.24k,669.1585u,100.2k,519.6979u
301.4k,887.1313u,100.22k,517.5774u
319.76k,2.045575m,100.24k,517.8734u
324.22k,6.094711m,100.26k,517.7752u
337.84k,1.163608m,100.28k,507.9937u
343.46k,2.663488m,100.3k,493.9585u
359.58k,4.769162m,100.32k,482.1672u
361.08k,5.907683m,100.34k,474.373u
366.32k,2.678562m,100.36k,471.3518u
375.1k,1.32905m,100.38k,474.3682u
385.68k,525.2391u,100.4k,479.5076u
423.42k,460.871u,100.42k,477.145u
568.52k,519.94u,100.44k,469.7507u
973.06k,997.8297u,100.46k,468.9995u
,,100.48k,468.4169u
,,100.5k,460.6115u
,,100.52k,455.0216u
,,100.54k,453.3336u
,,100.56k,446.4242u
,,100.58k,437.3143u
,,100.6k,434.2367u
,,100.62k,432.8798u
,,100.64k,430.813u
,,100.66k,433.3088u
,,100.68k,432.5763u
,,100.7k,420.281u
,,100.72k,406.2741u
,,100.74k,400.0791u
,,100.76k,405.3008u
,,100.78k,410.6778u
,,100.8k,402.2447u
,,100.82k,391.6197u
,,100.84k,386.2904u
,,100.86k,377.7362u
,,100.88k,366.4328u
,,100.9k,359.7412u
,,100.92k,359.5117u
,,100.94k,362.4998u
,,100.96k,359.6429u
,,100.98k,349.391u
,,101k,349.5784u
,,101.02k,358.0104u
,,101.04k,351.8405u
,,101.06k,336.1432u
,,101.08k,326.9745u
,,101.1k,324.3101u
,,101.12k,326.8104u
,,101.14k,329.9697u
,,101.16k,320.1961u
,,101.18k,305.8559u
,,101.2k,299.2767u
,,101.22k,286.5084u
,,101.24k,270.2034u
,,101.26k,259.8442u
,,101.28k,248.4819u
,,101.3k,238.8125u
,,101.32k,239.4653u
,,101.34k,244.2775u
,,101.36k,248.8452u
,,101.38k,260.1011u
,,101.4k,271.3105u
,,101.42k,270.9174u
,,101.44k,260.6881u
,,101.46k,252.1277u
,,101.48k,246.5666u
,,101.5k,231.0259u
,,101.52k,213.2423u
,,101.54k,205.9214u
,,101.56k,200.7138u
,,101.58k,196.7768u
,,101.6k,195.1022u
,,101.62k,192.6847u
,,101.64k,190.0874u
,,101.66k,188.5798u
,,101.68k,190.173u
,,101.7k,188.5798u
,,101.72k,184.1689u
,,101.74k,188.1353u
,,101.76k,195.3861u
,,101.78k,196.5071u
,,101.8k,196.8126u
,,101.82k,199.6118u
,,101.84k,204.0254u
,,101.86k,209.8718u
,,101.88k,216.7339u
,,101.9k,229.1419u
,,101.92k,245.2767u
,,101.94k,258.6446u
,,101.96k,270.36u
,,101.98k,280.1258u
,,102k,289.0853u
,,102.02k,301.1651u
,,102.04k,319.9648u
,,102.06k,344.5341u
,,102.08k,370.0355u
,,102.1k,395.5872u
,,102.12k,419.8132u
,,102.14k,438.9023u
,,102.16k,451.4332u
,,102.18k,469.5414u
,,102.2k,504.0482u
,,102.22k,539.5905u
,,102.24k,563.1451u
,,102.26k,585.7946u
,,102.28k,617.9638u
,,102.3k,654.9084u
,,102.32k,691.632u
,,102.34k,722.8471u
,,102.36k,747.2242u
,,102.38k,773.1831u
,,102.4k,802.1975u
,,102.42k,838.9047u
,,102.44k,887.4599u
,,102.46k,936.9848u
,,102.48k,976.4324u
,,102.5k,1.003509m
,,102.52k,1.029016m
,,102.54k,1.057657m
,,102.56k,1.079813m
,,102.58k,1.098889m
,,102.6k,1.11916m
,,102.62k,1.136147m
,,102.64k,1.151205m
,,102.66k,1.165844m
,,102.68k,1.181322m
,,102.7k,1.196369m
,,102.72k,1.200895m
,,102.74k,1.197409m
,,102.76k,1.196802m
,,102.78k,1.195136m
,,102.8k,1.18905m
,,102.82k,1.181948m
,,102.84k,1.170366m
,,102.86k,1.15476m
,,102.88k,1.140638m
,,102.9k,1.131525m
,,102.92k,1.127597m
,,102.94k,1.118294m
,,102.96k,1.1039m
,,102.98k,1.092925m
,,103k,1.079764m
,,103.02k,1.061214m
,,103.04k,1.042806m
,,103.06k,1.031638m
,,103.08k,1.024158m
,,103.1k,1.01048m
,,103.12k,995.087u
,,103.14k,984.3286u
,,103.16k,976.7484u
,,103.18k,967.4024u
,,103.2k,955.6025u
,,103.22k,949.0515u
,,103.24k,945.2861u
,,103.26k,933.0322u
,,103.28k,916.5857u
,,103.3k,905.9915u
,,103.32k,899.286u
,,103.34k,894.6895u
,,103.36k,889.3746u
,,103.38k,879.4111u
,,103.4k,868.1051u
,,103.42k,858.1745u
,,103.44k,845.5127u
,,103.46k,828.6804u
,,103.48k,818.191u
,,103.5k,817.8681u
,,103.52k,813.6452u
,,103.54k,802.3079u
,,103.56k,792.878u
,,103.58k,787.3683u
,,103.6k,780.3301u
,,103.62k,768.9671u
,,103.64k,761.4107u
,,103.66k,754.434u
,,103.68k,737.5278u
,,103.7k,720.4132u
,,103.72k,714.4513u
,,103.74k,715.5913u
,,103.76k,714.515u
,,103.78k,709.4879u
,,103.8k,706.1779u
,,103.82k,705.7569u
,,103.84k,696.4141u
,,103.86k,675.5406u
,,103.88k,662.7439u
,,103.9k,660.9566u
,,103.92k,657.3951u
,,103.94k,654.2745u
,,103.96k,652.4883u
,,103.98k,643.2875u
,,104k,631.7639u
,,104.02k,627.8534u
,,104.04k,622.0786u
,,104.06k,609.5137u
,,104.08k,604.8134u
,,104.1k,612.3859u
,,104.12k,617.7131u
,,104.14k,612.7556u
,,104.16k,604.3599u
,,104.18k,590.7096u
,,104.2k,571.1047u
,,104.22k,563.131u
,,104.24k,561.032u
,,104.26k,550.0113u
,,104.28k,544.1551u
,,104.3k,547.4066u
,,104.32k,548.2754u
,,104.34k,542.4225u
,,104.36k,531.4471u
,,104.38k,524.8853u
,,104.4k,526.9031u
,,104.42k,523.2716u
,,104.44k,515.8607u
,,104.46k,514.4446u
,,104.48k,510.265u
,,104.5k,503.3902u
,,104.52k,497.9762u
,,104.54k,496.2498u
,,104.56k,497.6632u
,,104.58k,493.2661u
,,104.6k,483.7021u
,,104.62k,476.1675u
,,104.64k,470.4369u
,,104.66k,459.1679u
,,104.68k,443.0606u
,,104.7k,436.9105u
,,104.72k,443.2414u
,,104.74k,447.7977u
,,104.76k,451.0899u
,,104.78k,458.5169u
,,104.8k,461.7595u
,,104.82k,457.9425u
,,104.84k,453.3195u
,,104.86k,452.3932u
,,104.88k,449.2788u
,,104.9k,441.8921u
,,104.92k,436.5762u
,,104.94k,435.0975u
,,104.96k,435.2865u
,,104.98k,430.026u
,,105k,420.849u
,,105.02k,414.8423u
,,105.04k,411.7156u
,,105.06k,409.2799u
,,105.08k,404.7328u
,,105.1k,406.0693u
,,105.12k,413.9218u
,,105.14k,413.4109u
,,105.16k,406.7478u
,,105.18k,403.3299u
,,105.2k,398.9227u
,,105.22k,391.8542u
,,105.24k,384.9854u
,,105.26k,383.1955u
,,105.28k,384.9231u
,,105.3k,381.0974u
,,105.32k,373.5361u
,,105.34k,372.6666u
,,105.36k,378.1221u
,,105.38k,376.5349u
,,105.4k,366.1845u
,,105.42k,365.7326u
,,105.44k,375.7209u
,,105.46k,377.6726u
,,105.48k,371.3215u
,,105.5k,367.8182u
,,105.52k,365.0203u
,,105.54k,355.7258u
,,105.56k,348.7269u
,,105.58k,346.1597u
,,105.6k,340.7924u
,,105.62k,334.1576u
,,105.64k,325.2655u
,,105.66k,315.9596u
,,105.68k,311.9937u
,,105.7k,308.4593u
,,105.72k,303.389u
,,105.74k,301.0211u
,,105.76k,296.6309u
,,105.78k,289.017u
,,105.8k,284.7665u
,,105.82k,288.3338u
,,105.84k,299.8188u
,,105.86k,308.5215u
,,105.88k,303.9536u
,,105.9k,294.4211u
,,105.92k,291.1736u
,,105.94k,291.3957u
,,105.96k,291.9704u
,,105.98k,290.8657u
,,106k,282.0641u
,,106.02k,271.958u
,,106.04k,271.8014u
,,106.06k,278.8204u
,,106.08k,285.4738u
,,106.1k,290.0223u
,,106.12k,294.7575u
,,106.14k,295.7853u
,,106.16k,290.3651u
,,106.18k,287.7392u
,,106.2k,293.5846u
,,106.22k,302.4732u
,,106.24k,306.6459u
,,106.26k,304.0397u
,,106.28k,303.2812u
,,106.3k,314.0395u
,,106.32k,328.2647u
,,106.34k,337.5176u
,,106.36k,340.2938u
,,106.38k,336.0085u
,,106.4k,338.3402u
,,106.42k,348.7968u
,,106.44k,356.2659u
,,106.46k,359.0077u
,,106.48k,362.9657u
,,106.5k,371.1173u
,,106.52k,378.7703u
,,106.54k,384.1962u
,,106.56k,385.7568u
,,106.58k,384.6882u
,,106.6k,388.1158u
,,106.62k,394.1312u
,,106.64k,395.5951u
,,106.66k,392.2759u
,,106.68k,389.2433u
,,106.7k,390.9292u
,,106.72k,389.9596u
,,106.74k,381.0532u
,,106.76k,373.5736u
,,106.78k,372.6923u
,,106.8k,375.4022u
,,106.82k,377.8727u
,,106.84k,374.0123u
,,106.86k,373.5022u
,,106.88k,385.2258u
,,106.9k,389.3516u
,,106.92k,379.7314u
,,106.94k,371.0006u
,,106.96k,365.3709u
,,106.98k,362.2389u
,,107k,363.8453u
,,107.02k,367.8763u
,,107.04k,367.9863u
,,107.06k,365.1498u
,,107.08k,363.6028u
,,107.1k,357.8739u
,,107.12k,353.6402u
,,107.14k,360.1863u
,,107.16k,364.6972u
,,107.18k,360.1852u
,,107.2k,355.5825u
,,107.22k,350.0927u
,,107.24k,340.9272u
,,107.26k,336.809u
,,107.28k,339.901u
,,107.3k,341.6739u
,,107.32k,339.0258u
,,107.34k,337.7681u
,,107.36k,339.6782u
,,107.38k,336.7495u
,,107.4k,324.3455u
,,107.42k,311.1106u
,,107.44k,311.6495u
,,107.46k,320.4809u
,,107.48k,316.4956u
,,107.5k,304.5217u
,,107.52k,302.1146u
,,107.54k,305.4484u
,,107.56k,304.0465u
,,107.58k,301.9694u
,,107.6k,303.4868u
,,107.62k,304.266u
,,107.64k,303.8718u
,,107.66k,304.4435u
,,107.68k,300.5144u
,,107.7k,287.3747u
,,107.72k,278.0876u
,,107.74k,286.1084u
,,107.76k,299.9986u
,,107.78k,302.5813u
,,107.8k,296.0891u
,,107.82k,289.7372u
,,107.84k,288.5375u
,,107.86k,293.5103u
,,107.88k,294.2264u
,,107.9k,290.6627u
,,107.92k,293.2946u
,,107.94k,294.9089u
,,107.96k,294.2351u
,,107.98k,302.3647u
,,108k,307.8811u
,,108.02k,302.2357u
,,108.04k,297.4698u
,,108.06k,291.9465u
,,108.08k,288.0236u
,,108.1k,296.8296u
,,108.12k,307.8382u
,,108.14k,308.231u
,,108.16k,302.9358u
,,108.18k,298.9597u
,,108.2k,299.644u
,,108.22k,304.3496u
,,108.24k,311.1381u
,,108.26k,316.4945u
,,108.28k,316.2932u
,,108.3k,314.9836u
,,108.32k,314.7571u
,,108.34k,314.3731u
,,108.36k,317.4522u
,,108.38k,322.1455u
,,108.4k,324.4928u
,,108.42k,324.2226u
,,108.44k,319.6149u
,,108.46k,315.7181u
,,108.48k,321.0329u
,,108.5k,330.8459u
,,108.52k,335.355u
,,108.54k,333.2603u
,,108.56k,330.1463u
,,108.58k,329.0429u
,,108.6k,330.6592u
,,108.62k,339.1205u
,,108.64k,351.0408u
,,108.66k,356.983u
,,108.68k,357.6328u
,,108.7k,355.2426u
,,108.72k,347.5972u
,,108.74k,334.6897u
,,108.76k,325.3926u
,,108.78k,329.6798u
,,108.8k,330.5444u
,,108.82k,319.3908u
,,108.84k,315.7171u
,,108.86k,324.745u
,,108.88k,334.7878u
,,108.9k,339.0458u
,,108.92k,335.5641u
,,108.94k,328.2209u
,,108.96k,323.0483u
,,108.98k,327.0479u
,,109k,336.3717u
,,109.02k,333.4844u
,,109.04k,318.6026u
,,109.06k,311.0841u
,,109.08k,317.2078u
,,109.1k,325.9899u
,,109.12k,326.9745u
,,109.14k,318.5342u
,,109.16k,313.4293u
,,109.18k,318.2782u
,,109.2k,321.3162u
,,109.22k,319.8377u
,,109.24k,319.528u
,,109.26k,317.3627u
,,109.28k,313.5898u
,,109.3k,311.7459u
,,109.32k,308.9047u
,,109.34k,306.5468u
,,109.36k,306.0259u
,,109.38k,303.9764u
,,109.4k,303.2305u
,,109.42k,305.0575u
,,109.44k,304.4686u
,,109.46k,303.671u
,,109.48k,305.6678u
,,109.5k,303.0887u
,,109.52k,293.8981u
,,109.54k,287.4724u
,,109.56k,287.0488u
,,109.58k,289.0129u
,,109.6k,290.1051u
,,109.62k,287.8523u
,,109.64k,286.8216u
,,109.66k,286.4741u
,,109.68k,280.8519u
,,109.7k,277.371u
,,109.72k,279.434u
,,109.74k,285.2487u
,,109.76k,291.8651u
,,109.78k,286.4403u
,,109.8k,270.8612u
,,109.82k,261.5681u
,,109.84k,259.3271u
,,109.86k,260.6916u
,,109.88k,268.0522u
,,109.9k,278.5347u
,,109.92k,287.9296u
,,109.94k,291.6167u
,,109.96k,288.1296u
,,109.98k,285.4469u
,,110k,286.8344u
,,110.02k,283.6054u
,,110.04k,274.3344u
,,110.06k,271.3872u
,,110.08k,272.1724u
,,110.1k,266.1463u
,,110.12k,267.4303u
,,110.14k,277.977u
,,110.16k,281.5671u
,,110.18k,278.7145u
,,110.2k,275.7276u
,,110.22k,268.3664u
,,110.24k,260.4309u
,,110.26k,261.0062u
,,110.28k,261.7592u
,,110.3k,261.3113u
,,110.32k,264.8965u
,,110.34k,266.0239u
,,110.36k,266.2871u
,,110.38k,269.9204u
,,110.4k,271.4689u
,,110.42k,264.2478u
,,110.44k,255.7817u
,,110.46k,256.4312u
,,110.48k,260.1709u
,,110.5k,261.0448u
,,110.52k,265.2977u
,,110.54k,274.8403u
,,110.56k,281.4065u
,,110.58k,281.7093u
,,110.6k,280.4158u
,,110.62k,275.9817u
,,110.64k,271.2388u
,,110.66k,273.7114u
,,110.68k,281.7156u
,,110.7k,290.5171u
,,110.72k,289.2648u
,,110.74k,277.0425u
,,110.76k,271.1621u
,,110.78k,276.9535u
,,110.8k,281.9247u
,,110.82k,279.4418u
,,110.84k,277.3479u
,,110.86k,280.4405u
,,110.88k,278.4557u
,,110.9k,271.5657u
,,110.92k,271.318u
,,110.94k,276.669u
,,110.96k,279.7453u
,,110.98k,278.3386u
,,111k,278.9998u
,,111.02k,282.8968u
,,111.04k,284.5508u
,,111.06k,285.7016u
,,111.08k,288.1513u
,,111.1k,290.4862u
,,111.12k,289.5673u
,,111.14k,288.3494u
,,111.16k,292.4417u
,,111.18k,297.1241u
,,111.2k,295.4215u
,,111.22k,290.0542u
,,111.24k,287.763u
,,111.26k,287.5194u
,,111.28k,286.6321u
,,111.3k,287.2418u
,,111.32k,287.76u
,,111.34k,288.31u
,,111.36k,292.3687u
,,111.38k,293.4601u
,,111.4k,291.1035u
,,111.42k,292.306u
,,111.44k,295.0303u
,,111.46k,295.0984u
,,111.48k,294.2707u
,,111.5k,298.1077u
,,111.52k,305.1146u
,,111.54k,307.2597u
,,111.56k,301.6782u
,,111.58k,297.963u
,,111.6k,301.636u
,,111.62k,303.0815u
,,111.64k,300.2067u
,,111.66k,298.8306u
,,111.68k,299.7954u
,,111.7k,301.658u
,,111.72k,301.338u
,,111.74k,293.838u
,,111.76k,285.3307u
,,111.78k,287.3984u
,,111.8k,295.3866u
,,111.82k,299.9695u
,,111.84k,300.0953u
,,111.86k,297.2411u
,,111.88k,292.8606u
,,111.9k,289.8455u
,,111.92k,288.3667u
,,111.94k,286.0179u
,,111.96k,281.8556u
,,111.98k,277.9026u
,,112k,277.6937u
,,112.02k,280.2928u
,,112.04k,282.1187u
,,112.06k,281.1147u
,,112.08k,280.9908u
,,112.1k,285.0195u
,,112.12k,289.0876u
,,112.14k,287.8169u
,,112.16k,279.733u
,,112.18k,271.4528u
,,112.2k,269.9001u
,,112.22k,272.7326u
,,112.24k,276.2064u
,,112.26k,279.59u
,,112.28k,281.9823u
,,112.3k,283.3076u
,,112.32k,283.6688u
,,112.34k,283.3027u
,,112.36k,281.3958u
,,112.38k,280.7978u
,,112.4k,288.4249u
,,112.42k,298.7981u
,,112.44k,300.4658u
,,112.46k,296.6293u
,,112.48k,294.7793u
,,112.5k,294.3628u
,,112.52k,294.4532u
,,112.54k,295.7643u
,,112.56k,294.1007u
,,112.58k,291.1704u
,,112.6k,294.5359u
,,112.62k,299.0027u
,,112.64k,298.0185u
,,112.66k,296.462u
,,112.68k,298.1486u
,,112.7k,301.8035u
,,112.72k,305.0173u
,,112.74k,308.6794u
,,112.76k,315.0995u
,,112.78k,316.802u
,,112.8k,311.9903u
,,112.82k,310.5739u
,,112.84k,314.274u
,,112.86k,319.7896u
,,112.88k,320.6038u
,,112.9k,312.5504u
,,112.92k,308.3204u
,,112.94k,313.6096u
,,112.96k,316.9849u
,,112.98k,316.9655u
,,113k,317.4663u
,,113.02k,314.8231u
,,113.04k,312.4196u
,,113.06k,315.2478u
,,113.08k,317.5785u
,,113.1k,317.4733u
,,113.12k,314.6543u
,,113.14k,309.6151u
,,113.16k,307.5129u
,,113.18k,306.6453u
,,113.2k,302.8728u
,,113.22k,295.6822u
,,113.24k,285.4035u
,,113.26k,276.0618u
,,113.28k,268.2426u
,,113.3k,258.5088u
,,113.32k,247.5006u
,,113.34k,236.4292u
,,113.36k,226.2246u
,,113.38k,214.0854u
,,113.4k,199.6624u
,,113.42k,188.9789u
,,113.44k,178.4941u
,,113.46k,165.2445u
,,113.48k,153.1251u
,,113.5k,141.1257u
,,113.52k,129.9142u
,,113.54k,122.6129u
,,113.56k,117.5476u
,,113.58k,112.9854u
,,113.6k,109.6582u
,,113.62k,106.0326u
,,113.64k,97.45602u
,,113.66k,87.77577u
,,113.68k,83.65438u
,,113.7k,80.18896u
,,113.72k,74.61878u
,,113.74k,74.10259u
,,113.76k,78.20153u
,,113.78k,77.09684u
,,113.8k,70.17317u
,,113.82k,64.59632u
,,113.84k,65.50157u
,,113.86k,71.74317u
,,113.88k,74.35769u
,,113.9k,71.43552u
,,113.92k,73.90154u
,,113.94k,81.78237u
,,113.96k,85.03933u
,,113.98k,84.24591u
,,114k,83.25475u
,,114.02k,82.53544u
,,114.04k,81.04157u
,,114.06k,78.74537u
,,114.08k,78.27939u
,,114.1k,79.84785u
,,114.12k,83.06999u
,,114.14k,84.79087u
,,114.16k,85.22957u
,,114.18k,91.71307u
,,114.2k,100.5055u
,,114.22k,100.7667u
,,114.24k,97.9549u
,,114.26k,100.6962u
,,114.28k,103.7171u
,,114.3k,102.8321u
,,114.32k,101.7221u
,,114.34k,101.5512u
,,114.36k,102.7674u
,,114.38k,104.1769u
,,114.4k,102.4242u
,,114.42k,102.2181u
,,114.44k,106.5665u
,,114.46k,108.3591u
,,114.48k,107.4508u
,,114.5k,109.3327u
,,114.52k,112.5686u
,,114.54k,115.9059u
,,114.56k,117.756u
,,114.58k,115.3527u
,,114.6k,112.6316u
,,114.62k,113.9163u
,,114.64k,116.2052u
,,114.66k,117.7898u
,,114.68k,117.7908u
,,114.7k,117.9615u
,,114.72k,120.0901u
,,114.74k,120.5025u
,,114.76k,121.7799u
,,114.78k,124.156u
,,114.8k,123.5806u
,,114.82k,120.2133u
,,114.84k,112.3891u
,,114.86k,107.8384u
,,114.88k,114.9764u
,,114.9k,124.0935u
,,114.92k,126.8714u
,,114.94k,126.8866u
,,114.96k,124.8623u
,,114.98k,119.3559u
,,115k,117.8062u
,,115.02k,124.2987u
,,115.04k,129.8916u
,,115.06k,130.4456u
,,115.08k,130.9839u
,,115.1k,131.6605u
,,115.12k,131.8568u
,,115.14k,132.3027u
,,115.16k,130.2757u
,,115.18k,128.9839u
,,115.2k,131.6336u
,,115.22k,132.6511u
,,115.24k,131.1639u
,,115.26k,130.6803u
,,115.28k,132.3776u
,,115.3k,136.0943u
,,115.32k,137.6158u
,,115.34k,135.5788u
,,115.36k,132.1073u
,,115.38k,129.1376u
,,115.4k,129.0543u
,,115.42k,129.4251u
,,115.44k,127.5725u
,,115.46k,126.9991u
,,115.48k,128.9813u
,,115.5k,132.5633u
,,115.52k,137.9089u
,,115.54k,139.0554u
,,115.56k,133.8109u
,,115.58k,131.3887u
,,115.6k,133.1062u
,,115.62k,132.9699u
,,115.64k,131.7401u
,,115.66k,135.1459u
,,115.68k,145.0442u
,,115.7k,152.039u
,,115.72k,148.125u
,,115.74k,140.6202u
,,115.76k,141.9174u
,,115.78k,149.8477u
,,115.8k,153.9568u
,,115.82k,156.2441u
,,115.84k,160.4808u
,,115.86k,161.6616u
,,115.88k,160.7498u
,,115.9k,162.5469u
,,115.92k,167.8591u
,,115.94k,174.0439u
,,115.96k,177.1276u
,,115.98k,176.9117u
,,116k,175.1137u
,,116.02k,174.068u
,,116.04k,176.6424u
,,116.06k,181.5654u
,,116.08k,182.9048u
,,116.1k,179.1423u
,,116.12k,172.8626u
,,116.14k,166.5814u
,,116.16k,169.3874u
,,116.18k,182.562u
,,116.2k,191.1675u
,,116.22k,190.9598u
,,116.24k,190.4549u
,,116.26k,189.8418u
,,116.28k,188.2868u
,,116.3k,188.7684u
,,116.32k,189.193u
,,116.34k,190.6855u
,,116.36k,192.3547u
,,116.38k,189.6976u
,,116.4k,185.4391u
,,116.42k,181.9305u
,,116.44k,181.9863u
,,116.46k,183.9044u
,,116.48k,181.8474u
,,116.5k,180.9751u
,,116.52k,185.2407u
,,116.54k,188.0622u
,,116.56k,184.4122u
,,116.58k,181.8826u
,,116.6k,187.755u
,,116.62k,191.7775u
,,116.64k,185.5159u
,,116.66k,178.0391u
,,116.68k,176.7459u
,,116.7k,177.0722u
,,116.72k,173.1788u
,,116.74k,169.609u
,,116.76k,169.792u
,,116.78k,168.6232u
,,116.8k,167.1064u
,,116.82k,168.1328u
,,116.84k,167.5855u
,,116.86k,165.816u
,,116.88k,167.2764u
,,116.9k,167.1167u
,,116.92k,161.8671u
,,116.94k,157.2691u
,,116.96k,153.1429u
,,116.98k,148.7098u
,,117k,146.3451u
,,117.02k,145.0798u
,,117.04k,144.709u
,,117.06k,142.8059u
,,117.08k,137.5405u
,,117.1k,133.7713u
,,117.12k,136.6717u
,,117.14k,142.5686u
,,117.16k,143.6125u
,,117.18k,140.5228u
,,117.2k,137.6188u
,,117.22k,136.9821u
,,117.24k,136.6144u
,,117.26k,134.9457u
,,117.28k,134.517u
,,117.3k,135.3362u
,,117.32k,136.233u
,,117.34k,135.8623u
,,117.36k,134.5497u
,,117.38k,134.2341u
,,117.4k,135.1239u
,,117.42k,136.8197u
,,117.44k,138.0762u
,,117.46k,141.8105u
,,117.48k,151.6848u
,,117.5k,163.5828u
,,117.52k,173.7269u
,,117.54k,183.9058u
,,117.56k,196.3811u
,,117.58k,212.3583u
,,117.6k,231.3784u
,,117.62k,251.0226u
,,117.64k,268.9104u
,,117.66k,288.4264u
,,117.68k,314.2483u
,,117.7k,344.2067u
,,117.72k,374.0901u
,,117.74k,400.9946u
,,117.76k,423.2384u
,,117.78k,442.3993u
,,117.8k,461.8975u
,,117.82k,480.6635u
,,117.84k,494.5727u
,,117.86k,501.5773u
,,117.88k,504.1857u
,,117.9k,506.6625u
,,117.92k,505.9519u
,,117.94k,500.7976u
,,117.96k,495.8764u
,,117.98k,493.6618u
,,118k,492.0721u
,,118.02k,485.3429u
,,118.04k,473.8039u
,,118.06k,466.9033u
,,118.08k,465.9138u
,,118.1k,463.9924u
,,118.12k,459.6844u
,,118.14k,454.664u
,,118.16k,450.3191u
,,118.18k,442.0649u
,,118.2k,431.8436u
,,118.22k,429.8504u
,,118.24k,431.0143u
,,118.26k,426.4505u
,,118.28k,418.8747u
,,118.3k,414.1672u
,,118.32k,414.2208u
,,118.34k,413.1096u
,,118.36k,405.4827u
,,118.38k,397.9929u
,,118.4k,398.4594u
,,118.42k,403.9397u
,,118.44k,408.225u
,,118.46k,408.181u
,,118.48k,404.0667u
,,118.5k,398.1302u
,,118.52k,391.7585u
,,118.54k,389.2918u
,,118.56k,390.8089u
,,118.58k,390.0313u
,,118.6k,388.8966u
,,118.62k,387.725u
,,118.64k,385.0013u
,,118.66k,388.0678u
,,118.68k,395.6609u
,,118.7k,399.2842u
,,118.72k,400.5722u
,,118.74k,401.2533u
,,118.76k,400.0702u
,,118.78k,398.1634u
,,118.8k,393.5045u
,,118.82k,387.7817u
,,118.84k,389.5668u
,,118.86k,396.7628u
,,118.88k,397.0908u
,,118.9k,391.3824u
,,118.92k,390.6714u
,,118.94k,393.6554u
,,118.96k,393.3058u
,,118.98k,392.0405u
,,119k,393.4827u
,,119.02k,396.7895u
,,119.04k,400.5919u
,,119.06k,403.1835u
,,119.08k,403.8599u
,,119.1k,406.7063u
,,119.12k,411.8954u
,,119.14k,413.3066u
,,119.16k,410.6434u
,,119.18k,408.2703u
,,119.2k,409.6978u
,,119.22k,413.1519u
,,119.24k,412.2497u
,,119.26k,406.5729u
,,119.28k,401.8802u
,,119.3k,402.1582u
,,119.32k,404.893u
,,119.34k,404.7089u
,,119.36k,402.7427u
,,119.38k,402.0799u
,,119.4k,402.8586u
,,119.42k,406.5108u
,,119.44k,410.9999u
,,119.46k,411.5984u
,,119.48k,409.3307u
,,119.5k,407.1806u
,,119.52k,403.6127u
,,119.54k,396.0129u
,,119.56k,389.6545u
,,119.58k,390.3328u
,,119.6k,392.5172u
,,119.62k,390.0746u
,,119.64k,388.316u
,,119.66k,389.4299u
,,119.68k,387.1471u
,,119.7k,383.9108u
,,119.72k,382.4177u
,,119.74k,379.7601u
,,119.76k,378.0728u
,,119.78k,377.6302u
,,119.8k,374.2895u
,,119.82k,371.1303u
,,119.84k,372.4657u
,,119.86k,374.4727u
,,119.88k,374.3005u
,,119.9k,371.618u
,,119.92k,367.1506u
,,119.94k,365.2836u
,,119.96k,368.0851u
,,119.98k,370.5726u
,,120k,370.7675u
,,120.02k,373.1015u
,,120.04k,376.8911u
,,120.06k,378.0097u
,,120.08k,376.1033u
,,120.1k,376.0436u
,,120.12k,379.4635u
,,120.14k,384.1585u
,,120.16k,387.9252u
,,120.18k,387.0497u
,,120.2k,386.1384u
,,120.22k,389.6158u
,,120.24k,395.5093u
,,120.26k,398.6192u
,,120.28k,394.6852u
,,120.3k,391.7332u
,,120.32k,394.5911u
,,120.34k,399.4625u
,,120.36k,402.759u
,,120.38k,404.8182u
,,120.4k,410.2375u
,,120.42k,416.1045u
,,120.44k,418.9126u
,,120.46k,420.3982u
,,120.48k,423.2818u
,,120.5k,427.9873u
,,120.52k,428.9735u
,,120.54k,425.2982u
,,120.56k,422.8412u
,,120.58k,425.3815u
,,120.6k,432.7685u
,,120.62k,440.2227u
,,120.64k,442.3734u
,,120.66k,441.7279u
,,120.68k,441.2999u
,,120.7k,444.2193u
,,120.72k,456.238u
,,120.74k,471.2438u
,,120.76k,478.3533u
,,120.78k,477.9108u
,,120.8k,475.1558u
,,120.82k,472.6643u
,,120.84k,473.9417u
,,120.86k,479.0439u
,,120.88k,485.3458u
,,120.9k,494.1092u
,,120.92k,500.6361u
,,120.94k,501.7889u
,,120.96k,504.0115u
,,120.98k,507.0228u
,,121k,508.148u
,,121.02k,511.9182u
,,121.04k,517.7797u
,,121.06k,522.186u
,,121.08k,526.4373u
,,121.1k,530.3881u
,,121.12k,536.1682u
,,121.14k,545.936u
,,121.16k,552.8056u
,,121.18k,551.1055u
,,121.2k,548.5694u
,,121.22k,554.8678u
,,121.24k,566.2381u
,,121.26k,573.1687u
,,121.28k,574.9167u
,,121.3k,576.8846u
,,121.32k,583.4863u
,,121.34k,592.0331u
,,121.36k,594.6762u
,,121.38k,594.7629u
,,121.4k,598.2024u
,,121.42k,602.2443u
,,121.44k,608.2176u
,,121.46k,616.9417u
,,121.48k,625.4313u
,,121.5k,631.3617u
,,121.52k,634.3738u
,,121.54k,639.7256u
,,121.56k,647.6531u
,,121.58k,653.6547u
,,121.6k,659.4134u
,,121.62k,664.7902u
,,121.64k,668.3504u
,,121.66k,676.3384u
,,121.68k,689.0074u
,,121.7k,698.4756u
,,121.72k,703.173u
,,121.74k,704.3375u
,,121.76k,706.1352u
,,121.78k,713.5593u
,,121.8k,724.2048u
,,121.82k,731.6753u
,,121.84k,735.1219u
,,121.86k,739.1772u
,,121.88k,745.1119u
,,121.9k,752.5931u
,,121.92k,760.0504u
,,121.94k,764.7615u
,,121.96k,767.4724u
,,121.98k,770.4912u
,,122k,776.0032u
,,122.02k,782.9463u
,,122.04k,790.3564u
,,122.06k,798.6268u
,,122.08k,805.1212u
,,122.1k,811.3826u
,,122.12k,818.374u
,,122.14k,825.4179u
,,122.16k,833.524u
,,122.18k,842.0936u
,,122.2k,849.1302u
,,122.22k,850.646u
,,122.24k,851.2352u
,,122.26k,858.9889u
,,122.28k,871.9228u
,,122.3k,885.5392u
,,122.32k,897.9057u
,,122.34k,907.9815u
,,122.36k,915.9848u
,,122.38k,922.1826u
,,122.4k,928.2004u
,,122.42k,933.4508u
,,122.44k,936.7304u
,,122.46k,944.6677u
,,122.48k,955.4216u
,,122.5k,958.2353u
,,122.52k,955.9191u
,,122.54k,956.3557u
,,122.56k,960.0479u
,,122.58k,965.9379u
,,122.6k,971.6228u
,,122.62k,974.8017u
,,122.64k,979.2425u
,,122.66k,987.9974u
,,122.68k,995.4724u
,,122.7k,995.0163u
,,122.72k,990.3084u
,,122.74k,988.8253u
,,122.76k,991.2168u
,,122.78k,996.1502u
,,122.8k,1.001355m
,,122.82k,1.004538m
,,122.84k,1.008321m
,,122.86k,1.011709m
,,122.88k,1.01136m
,,122.9k,1.011051m
,,122.92k,1.013017m
,,122.94k,1.010835m
,,122.96k,1.001201m
,,122.98k,990.7202u
,,123k,985.078u
,,123.02k,981.6276u
,,123.04k,976.5943u
,,123.06k,972.809u
,,123.08k,970.7681u
,,123.1k,965.4546u
,,123.12k,958.9486u
,,123.14k,952.7132u
,,123.16k,942.6647u
,,123.18k,933.504u
,,123.2k,927.3133u
,,123.22k,919.8635u
,,123.24k,913.5618u
,,123.26k,908.7769u
,,123.28k,905.7718u
,,123.3k,899.5782u
,,123.32k,885.9953u
,,123.34k,876.0621u
,,123.36k,868.5078u
,,123.38k,856.2704u
,,123.4k,845.8634u
,,123.42k,839.7332u
,,123.44k,833.1604u
,,123.46k,824.7209u
,,123.48k,815.9048u
,,123.5k,802.0994u
,,123.52k,784.3431u
,,123.54k,772.5884u
,,123.56k,763.888u
,,123.58k,753.3979u
,,123.6k,745.6274u
,,123.62k,739.7191u
,,123.64k,729.7321u
,,123.66k,713.2969u
,,123.68k,696.979u
,,123.7k,691.6962u
,,123.72k,694.0687u
,,123.74k,688.3501u
,,123.76k,674.5716u
,,123.78k,661.9466u
,,123.8k,653.6095u
,,123.82k,647.8203u
,,123.84k,637.6756u
,,123.86k,628.2212u
,,123.88k,621.5052u
,,123.9k,610.6u
,,123.92k,598.9095u
,,123.94k,590.4012u
,,123.96k,587.2739u
,,123.98k,586.0333u
,,124k,571.705u
,,124.02k,544.4623u
,,124.04k,528.8748u
,,124.06k,530.726u
,,124.08k,528.0454u
,,124.1k,509.4465u
,,124.12k,490.573u
,,124.14k,483.372u
,,124.16k,479.049u
,,124.18k,467.3285u
,,124.2k,453.877u
,,124.22k,450.9621u
,,124.24k,452.4042u
,,124.26k,450.7719u
,,124.28k,441.8789u
,,124.3k,423.9331u
,,124.32k,412.2935u
,,124.34k,411.0418u
,,124.36k,406.0142u
,,124.38k,397.5745u
,,124.4k,394.4477u
,,124.42k,390.7522u
,,124.44k,384.4385u
,,124.46k,380.1356u
,,124.48k,373.4164u
,,124.5k,366.3885u
,,124.52k,362.6477u
,,124.54k,353.4519u
,,124.56k,337.6251u
,,124.58k,326.0243u
,,124.6k,324.7083u
,,124.62k,326.0337u
,,124.64k,319.2618u
,,124.66k,308.9066u
,,124.68k,301.476u
,,124.7k,293.8077u
,,124.72k,281.5871u
,,124.74k,270.4355u
,,124.76k,269.3656u
,,124.78k,269.4428u
,,124.8k,264.8421u
,,124.82k,262.1586u
,,124.84k,256.2585u
,,124.86k,244.9992u
,,124.88k,239.8078u
,,124.9k,244.249u
,,124.92k,252.6696u
,,124.94k,259.834u
,,124.96k,250.2295u
,,124.98k,222.7253u
,,125k,208.0715u
,,125.02k,215.9331u
,,125.04k,220.6758u
,,125.06k,208.4098u
,,125.08k,196.7684u
,,125.1k,192.7913u
,,125.12k,189.6355u
,,125.14k,187.9923u
,,125.16k,185.4719u
,,125.18k,176.8386u
,,125.2k,171.2211u
,,125.22k,180.0115u
,,125.24k,192.2904u
,,125.26k,203.3897u
,,125.28k,216.1223u
,,125.3k,208.7322u
,,125.32k,186.9289u
,,125.34k,176.1281u
,,125.36k,183.0037u
,,125.38k,195.7357u
,,125.4k,199.3172u
,,125.42k,197.2969u
,,125.44k,198.3727u
,,125.46k,200.8842u
,,125.48k,201.4705u
,,125.5k,204.9755u
,,125.52k,206.2314u
,,125.54k,202.339u
,,125.56k,202.1638u
,,125.58k,204.3391u
,,125.6k,199.5035u
,,125.62k,191.2342u
,,125.64k,196.1173u
,,125.66k,208.6395u
,,125.68k,211.8301u
,,125.7k,210.0061u
,,125.72k,212.2415u
,,125.74k,217.1013u
,,125.76k,219.9932u
,,125.78k,222.281u
,,125.8k,228.7022u
,,125.82k,234.1878u
,,125.84k,238.2008u
,,125.86k,247.6234u
,,125.88k,259.0673u
,,125.9k,265.5889u
,,125.92k,269.0529u
,,125.94k,272.3386u
,,125.96k,276.0941u
,,125.98k,279.4276u
,,126k,281.4587u
,,126.02k,285.976u
,,126.04k,289.6997u
,,126.06k,294.0064u
,,126.08k,303.182u
,,126.1k,309.6785u
,,126.12k,315.9459u
,,126.14k,325.3432u
,,126.16k,327.8931u
,,126.18k,322.4687u
,,126.2k,323.2812u
,,126.22k,330.7177u
,,126.24k,330.0716u
,,126.26k,328.7785u
,,126.28k,343.9263u
,,126.3k,363.4763u
,,126.32k,370.943u
,,126.34k,373.0927u
,,126.36k,374.6814u
,,126.38k,375.8711u
,,126.4k,376.5256u
,,126.42k,372.9801u
,,126.44k,372.6135u
,,126.46k,387.2277u
,,126.48k,415.4635u
,,126.5k,433.3657u
,,126.52k,432.6673u
,,126.54k,432.5689u
,,126.56k,439.2523u
,,126.58k,441.7429u
,,126.6k,430.0763u
,,126.62k,419.5252u
,,126.64k,428.4436u
,,126.66k,441.7098u
,,126.68k,441.5774u
,,126.7k,432.9038u
,,126.72k,431.4126u
,,126.74k,443.6735u
,,126.76k,460.7354u
,,126.78k,478.1559u
,,126.8k,492.8892u
,,126.82k,500.7335u
,,126.84k,507.3084u
,,126.86k,511.3534u
,,126.88k,508.7259u
,,126.9k,502.4486u
,,126.92k,500.7986u
,,126.94k,508.3601u
,,126.96k,517.3925u
,,126.98k,521.1344u
,,127k,522.5517u
,,127.02k,529.6966u
,,127.04k,544.1124u
,,127.06k,556.8624u
,,127.08k,563.279u
,,127.1k,567.128u
,,127.12k,570.0644u
,,127.14k,570.1621u
,,127.16k,566.6228u
,,127.18k,565.4789u
,,127.2k,570.6761u
,,127.22k,575.8355u
,,127.24k,582.9228u
,,127.26k,590.9968u
,,127.28k,590.9775u
,,127.3k,584.6231u
,,127.32k,579.3871u
,,127.34k,583.2835u
,,127.36k,596.8189u
,,127.38k,615.5354u
,,127.4k,625.0984u
,,127.42k,618.9858u
,,127.44k,619.9919u
,,127.46k,627.1358u
,,127.48k,622.6933u
,,127.5k,623.9844u
,,127.52k,642.6131u
,,127.54k,652.6952u
,,127.56k,638.693u
,,127.58k,630.091u
,,127.6k,652.2434u
,,127.62k,676.9013u
,,127.64k,679.2486u
,,127.66k,672.1502u
,,127.68k,670.524u
,,127.7k,679.1762u
,,127.72k,683.1721u
,,127.74k,674.7176u
,,127.76k,671.2995u
,,127.78k,673.3516u
,,127.8k,669.0748u
,,127.82k,661.9098u
,,127.84k,657.8644u
,,127.86k,668.2034u
,,127.88k,692.1821u
,,127.9k,711.1383u
,,127.92k,724.8383u
,,127.94k,732.3447u
,,127.96k,723.8554u
,,127.98k,709.4856u
,,128k,702.9745u
,,128.02k,706.1016u
,,128.04k,720.4037u
,,128.06k,735.0941u
,,128.08k,740.144u
,,128.1k,742.5073u
,,128.12k,743.7156u
,,128.14k,747.4169u
,,128.16k,759.7907u
,,128.18k,773.4174u
,,128.2k,775.7613u
,,128.22k,766.456u
,,128.24k,760.7798u
,,128.26k,767.6897u
,,128.28k,767.3253u
,,128.3k,757.1808u
,,128.32k,761.4244u
,,128.34k,767.3728u
,,128.36k,755.3927u
,,128.38k,746.6436u
,,128.4k,759.5423u
,,128.42k,774.1173u
,,128.44k,773.3704u
,,128.46k,772.0977u
,,128.48k,775.4337u
,,128.5k,768.3555u
,,128.52k,753.2082u
,,128.54k,746.3884u
,,128.56k,749.9432u
,,128.58k,751.6373u
,,128.6k,752.0789u
,,128.62k,758.0733u
,,128.64k,759.7483u
,,128.66k,750.9261u
,,128.68k,738.8619u
,,128.7k,731.445u
,,128.72k,729.9595u
,,128.74k,727.1694u
,,128.76k,722.4806u
,,128.78k,717.3173u
,,128.8k,708.3419u
,,128.82k,706.6765u
,,128.84k,713.192u
,,128.86k,712.0752u
,,128.88k,706.3759u
,,128.9k,701.8029u
,,128.92k,699.779u
,,128.94k,700.8051u
,,128.96k,689.8982u
,,128.98k,671.1069u
,,129k,664.4122u
,,129.02k,664.1217u
,,129.04k,663.5922u
,,129.06k,662.6842u
,,129.08k,650.2705u
,,129.1k,630.0314u
,,129.12k,615.3798u
,,129.14k,614.7092u
,,129.16k,627.4071u
,,129.18k,633.2271u
,,129.2k,617.23u
,,129.22k,596.7816u
,,129.24k,590.5813u
,,129.26k,591.8263u
,,129.28k,594.4009u
,,129.3k,599.7643u
,,129.32k,601.6682u
,,129.34k,598.0335u
,,129.36k,587.2941u
,,129.38k,572.4464u
,,129.4k,561.5539u
,,129.42k,548.1704u
,,129.44k,536.6781u
,,129.46k,536.2826u
,,129.48k,537.1751u
,,129.5k,529.7118u
,,129.52k,519.3828u
,,129.54k,512.1807u
,,129.56k,505.2586u
,,129.58k,496.1337u
,,129.6k,488.857u
,,129.62k,486.9202u
,,129.64k,478.8281u
,,129.66k,460.3991u
,,129.68k,449.3058u
,,129.7k,455.9105u
,,129.72k,464.8816u
,,129.74k,462.6447u
,,129.76k,454.953u
,,129.78k,443.5355u
,,129.8k,427.687u
,,129.82k,416.1761u
,,129.84k,412.8544u
,,129.86k,410.1988u
,,129.88k,405.3354u
,,129.9k,401.8991u
,,129.92k,397.4663u
,,129.94k,388.6232u
,,129.96k,378.825u
,,129.98k,373.8655u
,,130k,372.8686u
,,130.02k,367.582u
,,130.04k,360.3916u
,,130.06k,357.8087u
,,130.08k,359.5907u
,,130.1k,362.4081u
,,130.12k,361.8716u
,,130.14k,353.4568u
,,130.16k,337.2321u
,,130.18k,323.5215u
,,130.2k,318.292u
,,130.22k,318.2382u
,,130.24k,322.9365u
,,130.26k,326.7184u
,,130.28k,321.7879u
,,130.3k,308.6141u
,,130.32k,297.1729u
,,130.34k,296.8363u
,,130.36k,298.6491u
,,130.38k,294.1467u
,,130.4k,294.0933u
,,130.42k,298.0109u
,,130.44k,293.7414u
,,130.46k,287.0055u
,,130.48k,283.8167u
,,130.5k,280.0265u
,,130.52k,273.7042u
,,130.54k,266.2214u
,,130.56k,261.9956u
,,130.58k,259.4364u
,,130.6k,254.7246u
,,130.62k,247.0069u
,,130.64k,239.8878u
,,130.66k,245.1205u
,,130.68k,255.7163u
,,130.7k,254.7392u
,,130.72k,244.9941u
,,130.74k,241.2798u
,,130.76k,243.7125u
,,130.78k,237.5735u
,,130.8k,227.158u
,,130.82k,222.5116u
,,130.84k,221.019u
,,130.86k,222.456u
,,130.88k,226.6214u
,,130.9k,224.4979u
,,130.92k,214.3063u
,,130.94k,207.247u
,,130.96k,202.931u
,,130.98k,201.3218u
,,131k,204.1996u
,,131.02k,201.8807u
,,131.04k,198.9085u
,,131.06k,198.8456u
,,131.08k,195.7764u
,,131.1k,194.6533u
,,131.12k,198.4526u
,,131.14k,197.9626u
,,131.16k,191.6734u
,,131.18k,186.373u
,,131.2k,181.5164u
,,131.22k,176.5972u
,,131.24k,172.5935u
,,131.26k,170.9715u
,,131.28k,172.2651u
,,131.3k,174.2206u
,,131.32k,177.3108u
,,131.34k,181.3808u
,,131.36k,177.3259u
,,131.38k,163.31u
,,131.4k,149.1331u
,,131.42k,138.1388u
,,131.44k,134.7004u
,,131.46k,144.4502u
,,131.48k,158.3682u
,,131.5k,159.3193u
,,131.52k,148.0828u
,,131.54k,133.415u
,,131.56k,117.5987u
,,131.58k,107.4491u
,,131.6k,107.4683u
,,131.62k,113.2103u
,,131.64k,120.8823u
,,131.66k,127.7423u
,,131.68k,125.4092u
,,131.7k,109.5383u
,,131.72k,99.39962u
,,131.74k,112.0081u
,,131.76k,124.6657u
,,131.78k,122.6548u
,,131.8k,112.3969u
,,131.82k,97.38705u
,,131.84k,88.06828u
,,131.86k,89.47115u
,,131.88k,92.46401u
,,131.9k,97.71043u
,,131.92k,106.8323u
,,131.94k,107.4239u
,,131.96k,101.7712u
,,131.98k,100.0281u
,,132k,97.1822u
,,132.02k,92.53512u
,,132.04k,90.15878u
,,132.06k,93.41199u
,,132.08k,96.79155u
,,132.1k,95.42258u
,,132.12k,92.49239u
,,132.14k,99.37926u
,,132.16k,107.5779u
,,132.18k,108.4294u
,,132.2k,104.8489u
,,132.22k,96.58666u
,,132.24k,85.19434u
,,132.26k,73.67568u
,,132.28k,67.55083u
,,132.3k,68.34943u
,,132.32k,72.60182u
,,132.34k,74.73976u
,,132.36k,73.07043u
,,132.38k,72.11713u
,,132.4k,74.76622u
,,132.42k,76.8432u
,,132.44k,73.59172u
,,132.46k,69.48163u
,,132.48k,68.23774u
,,132.5k,71.23724u
,,132.52k,70.42906u
,,132.54k,64.79344u
,,132.56k,65.96393u
,,132.58k,69.50035u
,,132.6k,65.62424u
,,132.62k,59.90218u
,,132.64k,58.33343u
,,132.66k,57.93613u
,,132.68k,61.14292u
,,132.7k,65.24647u
,,132.72k,63.69477u
,,132.74k,60.55285u
,,132.76k,60.00276u
,,132.78k,60.64046u
,,132.8k,63.38803u
,,132.82k,63.30685u
,,132.84k,55.99362u
,,132.86k,49.88281u
,,132.88k,49.29647u
,,132.9k,47.89212u
,,132.92k,46.59427u
,,132.94k,49.1875u
,,132.96k,52.64516u
,,132.98k,54.4896u
,,133k,53.46076u
,,133.02k,51.80915u
,,133.04k,50.35983u
,,133.06k,52.86887u
,,133.08k,59.00211u
,,133.1k,65.40884u
,,133.12k,69.26135u
,,133.14k,62.36619u
,,133.16k,51.33178u
,,133.18k,50.69244u
,,133.2k,56.38488u
,,133.22k,56.4281u
,,133.24k,53.68973u
,,133.26k,55.21695u
,,133.28k,57.62088u
,,133.3k,57.24767u
,,133.32k,54.34999u
,,133.34k,55.27585u
,,133.36k,56.50507u
,,133.38k,52.76225u
,,133.4k,50.33268u
,,133.42k,57.08016u
,,133.44k,68.03237u
,,133.46k,67.92877u
,,133.48k,58.63658u
,,133.5k,53.75802u
,,133.52k,57.66317u
,,133.54k,65.17747u
,,133.56k,68.90093u
,,133.58k,64.36824u
,,133.6k,54.0937u
,,133.62k,45.21025u
,,133.64k,44.75638u
,,133.66k,44.67897u
,,133.68k,44.49681u
,,133.7k,45.83248u
,,133.72k,47.26512u
,,133.74k,46.40345u
,,133.76k,42.1159u
,,133.78k,41.72868u
,,133.8k,45.92462u
,,133.82k,44.50386u
,,133.84k,42.9522u
,,133.86k,49.01474u
,,133.88k,53.97032u
,,133.9k,53.87855u
,,133.92k,56.32011u
,,133.94k,63.68985u
,,133.96k,63.42138u
,,133.98k,52.80379u
,,134k,45.03997u
,,134.02k,44.01035u
,,134.04k,47.132u
,,134.06k,51.13665u
,,134.08k,48.10839u
,,134.1k,43.99225u
,,134.12k,47.8976u
,,134.14k,52.21943u
,,134.16k,45.9981u
,,134.18k,37.25766u
,,134.2k,36.70673u
,,134.22k,36.12453u
,,134.24k,36.11636u
,,134.26k,37.869u
,,134.28k,38.77047u
,,134.3k,37.47913u
,,134.32k,36.68632u
,,134.34k,37.35763u
,,134.36k,36.44798u
,,134.38k,32.21504u
,,134.4k,29.23007u
,,134.42k,34.11961u
,,134.44k,36.83909u
,,134.46k,36.14106u
,,134.48k,39.01825u
,,134.5k,40.15467u
,,134.52k,39.87087u
,,134.54k,40.19904u
,,134.56k,39.02265u
,,134.58k,38.67966u
,,134.6k,40.72691u
,,134.62k,45.85275u
,,134.64k,45.19209u
,,134.66k,36.41886u
,,134.68k,33.45115u
,,134.7k,37.84212u
,,134.72k,38.111u
,,134.74k,33.99584u
,,134.76k,33.57647u
,,134.78k,32.68393u
,,134.8k,27.2701u
,,134.82k,24.51533u
,,134.84k,26.55686u
,,134.86k,30.14996u
,,134.88k,35.30597u
,,134.9k,36.50189u
,,134.92k,36.14059u
,,134.94k,36.9821u
,,134.96k,32.62678u
,,134.98k,27.65134u
,,135k,27.49719u
,,135.02k,27.69708u
,,135.04k,29.10298u
,,135.06k,32.95343u
,,135.08k,37.6166u
,,135.1k,40.06907u
,,135.12k,39.82017u
,,135.14k,37.44812u
,,135.16k,35.36836u
,,135.18k,40.33129u
,,135.2k,45.23625u
,,135.22k,37.20841u
,,135.24k,32.56322u
,,135.26k,36.47225u
,,135.28k,40.27714u
,,135.3k,33.80611u
,,135.32k,31.05165u
,,135.34k,36.83247u
,,135.36k,39.90889u
,,135.38k,44.45547u
,,135.4k,50.68549u
,,135.42k,51.77656u
,,135.44k,46.13508u
,,135.46k,36.74571u
,,135.48k,29.34024u
,,135.5k,30.34918u
,,135.52k,29.63875u
,,135.54k,26.48008u
,,135.56k,28.67354u
,,135.58k,28.70273u
,,135.6k,21.90821u
,,135.62k,18.3735u
,,135.64k,21.55658u
,,135.66k,31.81026u
,,135.68k,37.4838u
,,135.7k,35.47841u
,,135.72k,31.48145u
,,135.74k,31.29297u
,,135.76k,31.37441u
,,135.78k,26.9634u
,,135.8k,22.6409u
,,135.82k,23.69096u
,,135.84k,26.00192u
,,135.86k,27.05086u
,,135.88k,30.39322u
,,135.9k,35.30802u
,,135.92k,35.31991u
,,135.94k,27.32073u
,,135.96k,20.37314u
,,135.98k,15.50599u
,,136k,17.48266u
,,136.02k,20.25886u
,,136.04k,18.74318u
,,136.06k,17.08461u
,,136.08k,19.88853u
,,136.1k,20.19633u
,,136.12k,24.36461u
,,136.14k,30.25642u
,,136.16k,36.63205u
,,136.18k,40.49072u
,,136.2k,38.35084u
,,136.22k,27.13668u
,,136.24k,13.83193u
,,136.26k,10.12859u
,,136.28k,11.55232u
,,136.3k,7.450182u
,,136.32k,2.652706u
,,136.34k,6.720661u
,,136.36k,10.19495u
,,136.38k,6.832806u
,,136.4k,7.112044u
,,136.42k,13.24987u
,,136.44k,15.40751u
,,136.46k,11.53948u
,,136.48k,11.94805u
,,136.5k,21.83351u
,,136.52k,32.45936u
,,136.54k,35.01271u
,,136.56k,30.09151u
,,136.58k,24.47427u
,,136.6k,22.26306u
,,136.62k,22.50627u
,,136.64k,19.86611u
,,136.66k,15.12932u
,,136.68k,9.666456u
,,136.7k,8.906743u
,,136.72k,12.96559u
,,136.74k,15.6107u
,,136.76k,15.43991u
,,136.78k,16.27543u
,,136.8k,20.39213u
,,136.82k,24.30957u
,,136.84k,24.96404u
,,136.86k,22.72778u
,,136.88k,19.64524u
,,136.9k,18.30796u
,,136.92k,16.81178u
,,136.94k,15.84378u
,,136.96k,13.77074u
,,136.98k,13.60751u
,,137k,14.43428u
,,137.02k,18.08372u
,,137.04k,21.62348u
,,137.06k,21.57213u
,,137.08k,19.19061u
,,137.1k,16.99964u
,,137.12k,19.48092u
,,137.14k,22.18939u
,,137.16k,19.79066u
,,137.18k,15.65054u
,,137.2k,13.81479u
,,137.22k,14.94652u
,,137.24k,8.001938u
,,137.26k,7.048795u
,,137.28k,17.40888u
,,137.3k,24.38612u
,,137.32k,25.37469u
,,137.34k,26.95492u
,,137.36k,26.88082u
,,137.38k,22.76065u
,,137.4k,16.40554u
,,137.42k,16.81852u
,,137.44k,23.77403u
,,137.46k,25.56534u
,,137.48k,23.00665u
,,137.5k,25.76272u
,,137.52k,28.26213u
,,137.54k,24.63049u
,,137.56k,24.36126u
,,137.58k,27.68681u
,,137.6k,24.63656u
,,137.62k,19.90095u
,,137.64k,20.8916u
,,137.66k,27.86608u
,,137.68k,33.71319u
,,137.7k,38.09105u
,,137.72k,36.96318u
,,137.74k,25.69641u
,,137.76k,12.90116u
,,137.78k,8.768149u
,,137.8k,11.08556u
,,137.82k,16.3715u
,,137.84k,23.92886u
,,137.86k,26.20292u
,,137.88k,22.44416u
,,137.9k,22.13726u
,,137.92k,24.67555u
,,137.94k,21.98447u
,,137.96k,19.11532u
,,137.98k,21.93992u
,,138k,16.1991u
,,138.02k,8.478668u
,,138.04k,6.738634u
,,138.06k,18.87397u
,,138.08k,27.92931u
,,138.1k,21.85504u
,,138.12k,15.10149u
,,138.14k,21.30015u
,,138.16k,31.2464u
,,138.18k,30.92352u
,,138.2k,26.75691u
,,138.22k,23.92892u
,,138.24k,19.59162u
,,138.26k,20.42684u
,,138.28k,28.59051u
,,138.3k,33.84151u
,,138.32k,29.33106u
,,138.34k,19.12464u
,,138.36k,16.84193u
,,138.38k,21.26537u
,,138.4k,23.03821u
,,138.42k,15.41878u
,,138.44k,7.648344u
,,138.46k,14.0922u
,,138.48k,22.8967u
,,138.5k,21.04202u
,,138.52k,15.07173u
,,138.54k,14.41354u
,,138.56k,18.58196u
,,138.58k,25.41901u
,,138.6k,32.18588u
,,138.62k,33.42786u
,,138.64k,29.42327u
,,138.66k,23.66988u
,,138.68k,18.17462u
,,138.7k,14.93375u
,,138.72k,20.13631u
,,138.74k,23.49667u
,,138.76k,22.12526u
,,138.78k,24.37916u
,,138.8k,27.41825u
,,138.82k,26.04778u
,,138.84k,24.71297u
,,138.86k,23.73355u
,,138.88k,21.20891u
,,138.9k,22.75042u
,,138.92k,26.25641u
,,138.94k,27.32392u
,,138.96k,25.76148u
,,138.98k,30.0884u
,,139k,36.09447u
,,139.02k,31.7856u
,,139.04k,23.00665u
,,139.06k,23.57149u
,,139.08k,34.63495u
,,139.1k,45.11465u
,,139.12k,46.54409u
,,139.14k,43.14071u
,,139.16k,40.78606u
,,139.18k,38.61796u
,,139.2k,36.56371u
,,139.22k,36.24906u
,,139.24k,38.80257u
,,139.26k,43.00427u
,,139.28k,44.50061u
,,139.3k,41.63585u
,,139.32k,39.01763u
,,139.34k,41.40117u
,,139.36k,45.46062u
,,139.38k,46.94169u
,,139.4k,47.27953u
,,139.42k,48.5369u
,,139.44k,53.61912u
,,139.46k,57.50214u
,,139.48k,56.06423u
,,139.5k,56.61133u
,,139.52k,59.87483u
,,139.54k,62.45192u
,,139.56k,62.86775u
,,139.58k,62.46796u
,,139.6k,62.05184u
,,139.62k,60.00187u
,,139.64k,56.80737u
,,139.66k,56.25413u
,,139.68k,63.75569u
,,139.7k,68.88696u
,,139.72k,63.5094u
,,139.74k,63.44082u
,,139.76k,69.79494u
,,139.78k,72.19987u
,,139.8k,71.99255u
,,139.82k,71.18564u
,,139.84k,68.54907u
,,139.86k,66.15486u
,,139.88k,66.21242u
,,139.9k,67.3901u
,,139.92k,69.98328u
,,139.94k,75.54888u
,,139.96k,79.36329u
,,139.98k,79.08597u
,,140k,77.82269u
,,140.02k,79.82821u
,,140.04k,85.26959u
,,140.06k,90.33415u
,,140.08k,92.94569u
,,140.1k,91.50379u
,,140.12k,85.62625u
,,140.14k,81.36522u
,,140.16k,82.68281u
,,140.18k,85.57421u
,,140.2k,86.51909u
,,140.22k,85.25924u
,,140.24k,83.18227u
,,140.26k,81.23376u
,,140.28k,76.84806u
,,140.3k,71.98534u
,,140.32k,71.82619u
,,140.34k,75.97443u
,,140.36k,79.06533u
,,140.38k,77.08185u
,,140.4k,75.20281u
,,140.42k,81.03344u
,,140.44k,88.67994u
,,140.46k,90.2185u
,,140.48k,88.12592u
,,140.5k,85.30679u
,,140.52k,81.17415u
,,140.54k,78.30883u
,,140.56k,76.68924u
,,140.58k,77.95591u
,,140.6k,81.17725u
,,140.62k,82.94595u
,,140.64k,81.45529u
,,140.66k,76.73168u
,,140.68k,72.67545u
,,140.7k,73.61023u
,,140.72k,76.63656u
,,140.74k,76.29996u
,,140.76k,75.51983u
,,140.78k,77.07905u
,,140.8k,78.3608u
,,140.82k,77.85656u
,,140.84k,77.29294u
,,140.86k,80.35301u
,,140.88k,83.77964u
,,140.9k,84.00155u
,,140.92k,84.13972u
,,140.94k,85.7095u
,,140.96k,89.28417u
,,140.98k,94.67669u
,,141k,95.9783u
,,141.02k,92.41797u
,,141.04k,92.5433u
,,141.06k,96.74241u
,,141.08k,98.31614u
,,141.1k,99.14201u
,,141.12k,102.2918u
,,141.14k,105.9994u
,,141.16k,108.206u
,,141.18k,110.8767u
,,141.2k,115.9638u
,,141.22k,116.6483u
,,141.24k,111.7606u
,,141.26k,110.9686u
,,141.28k,117.3003u
,,141.3k,123.4888u
,,141.32k,125.5041u
,,141.34k,125.9349u
,,141.36k,127.1232u
,,141.38k,131.9088u
,,141.4k,137.3845u
,,141.42k,140.3079u
,,141.44k,143.22u
,,141.46k,144.4827u
,,141.48k,145.1032u
,,141.5k,147.576u
,,141.52k,149.3006u
,,141.54k,149.6952u
,,141.56k,151.6782u
,,141.58k,154.3452u
,,141.6k,154.8416u
,,141.62k,153.161u
,,141.64k,153.1182u
,,141.66k,156.6273u
,,141.68k,156.7306u
,,141.7k,150.2432u
,,141.72k,146.0064u
,,141.74k,145.8414u
,,141.76k,146.0121u
,,141.78k,149.4759u
,,141.8k,152.3298u
,,141.82k,151.2578u
,,141.84k,151.1989u
,,141.86k,151.7812u
,,141.88k,152.3809u
,,141.9k,152.4075u
,,141.92k,149.1791u
,,141.94k,146.8134u
,,141.96k,148.1153u
,,141.98k,149.1921u
,,142k,149.8098u
,,142.02k,151.9721u
,,142.04k,151.5643u
,,142.06k,147.166u
,,142.08k,145.6858u
,,142.1k,147.2105u
,,142.12k,145.4448u
,,142.14k,143.7928u
,,142.16k,145.1355u
,,142.18k,142.5033u
,,142.2k,135.8295u
,,142.22k,131.2849u
,,142.24k,129.2571u
,,142.26k,131.3926u
,,142.28k,133.4684u
,,142.3k,131.7334u
,,142.32k,133.6181u
,,142.34k,136.8341u
,,142.36k,135.8843u
,,142.38k,131.9724u
,,142.4k,127.8622u
,,142.42k,129.2205u
,,142.44k,132.3652u
,,142.46k,131.9586u
,,142.48k,128.4246u
,,142.5k,120.316u
,,142.52k,112.9275u
,,142.54k,111.8712u
,,142.56k,112.8565u
,,142.58k,113.7441u
,,142.6k,114.7671u
,,142.62k,110.8962u
,,142.64k,103.6221u
,,142.66k,100.1774u
,,142.68k,102.3502u
,,142.7k,107.7994u
,,142.72k,109.1142u
,,142.74k,104.2497u
,,142.76k,98.57171u
,,142.78k,94.72493u
,,142.8k,91.34318u
,,142.82k,85.39969u
,,142.84k,81.737u
,,142.86k,83.28295u
,,142.88k,84.07711u
,,142.9k,84.77339u
,,142.92k,86.05623u
,,142.94k,86.9152u
,,142.96k,90.75571u
,,142.98k,93.97314u
,,143k,92.64862u
,,143.02k,88.18196u
,,143.04k,82.07449u
,,143.06k,79.71204u
,,143.08k,81.42986u
,,143.1k,82.12609u
,,143.12k,81.07383u
,,143.14k,78.12532u
,,143.16k,73.54728u
,,143.18k,68.49724u
,,143.2k,65.92847u
,,143.22k,69.13245u
,,143.24k,73.56977u
,,143.26k,73.99785u
,,143.28k,70.53545u
,,143.3k,68.97326u
,,143.32k,71.85559u
,,143.34k,71.96922u
,,143.36k,69.0461u
,,143.38k,69.9453u
,,143.4k,70.06961u
,,143.42k,67.139u
,,143.44k,66.82273u
,,143.46k,66.20575u
,,143.48k,62.13138u
,,143.5k,57.31132u
,,143.52k,53.26924u
,,143.54k,53.83818u
,,143.56k,56.71042u
,,143.58k,56.8247u
,,143.6k,58.67022u
,,143.62k,61.58988u
,,143.64k,59.23079u
,,143.66k,53.91977u
,,143.68k,49.8251u
,,143.7k,50.18915u
,,143.72k,58.19217u
,,143.74k,66.06148u
,,143.76k,65.24578u
,,143.78k,63.86511u
,,143.8k,66.97838u
,,143.82k,68.35207u
,,143.84k,65.30742u
,,143.86k,57.37355u
,,143.88k,49.40801u
,,143.9k,46.14739u
,,143.92k,44.70508u
,,143.94k,44.84848u
,,143.96k,47.30193u
,,143.98k,49.92873u
,,144k,50.75862u
,,144.02k,48.88385u
,,144.04k,45.96707u
,,144.06k,42.59091u
,,144.08k,42.41376u
,,144.1k,46.58725u
,,144.12k,47.7074u
,,144.14k,42.84119u
,,144.16k,37.97848u
,,144.18k,37.86781u
,,144.2k,40.16626u
,,144.22k,40.65429u
,,144.24k,42.02708u
,,144.26k,44.30573u
,,144.28k,43.4566u
,,144.3k,41.86035u
,,144.32k,43.34655u
,,144.34k,45.69533u
,,144.36k,46.56068u
,,144.38k,45.43607u
,,144.4k,42.28015u
,,144.42k,33.54598u
,,144.44k,23.16512u
,,144.46k,20.71538u
,,144.48k,21.81513u
,,144.5k,23.20683u
,,144.52k,23.65671u
,,144.54k,28.38693u
,,144.56k,34.84277u
,,144.58k,39.12094u
,,144.6k,42.99638u
,,144.62k,44.33077u
,,144.64k,42.59725u
,,144.66k,42.92374u
,,144.68k,42.35858u
,,144.7k,40.14283u
,,144.72k,42.11881u
,,144.74k,45.98554u
,,144.76k,47.46687u
,,144.78k,46.78961u
,,144.8k,46.50093u
,,144.82k,44.5858u
,,144.84k,40.42338u
,,144.86k,37.58843u
,,144.88k,36.50305u
,,144.9k,36.90678u
,,144.92k,38.07234u
,,144.94k,39.62001u
,,144.96k,42.17848u
,,144.98k,42.49498u
,,145k,40.57712u
,,145.02k,38.3251u
,,145.04k,33.22489u
,,145.06k,29.51178u
,,145.08k,29.9958u
,,145.1k,29.96343u
,,145.12k,29.1647u
,,145.14k,27.96717u
,,145.16k,27.03415u
,,145.18k,27.09331u
,,145.2k,30.545u
,,145.22k,33.79655u
,,145.24k,36.54051u
,,145.26k,40.43961u
,,145.28k,40.80349u
,,145.3k,37.12969u
,,145.32k,33.85183u
,,145.34k,31.98223u
,,145.36k,33.2898u
,,145.38k,35.34927u
,,145.4k,33.99586u
,,145.42k,31.47831u
,,145.44k,32.11709u
,,145.46k,34.44874u
,,145.48k,34.50499u
,,145.5k,30.27981u
,,145.52k,26.05601u
,,145.54k,24.7063u
,,145.56k,24.76655u
,,145.58k,25.7619u
,,145.6k,28.22596u
,,145.62k,29.03682u
,,145.64k,28.40214u
,,145.66k,28.86097u
,,145.68k,26.87092u
,,145.7k,24.91435u
,,145.72k,29.37643u
,,145.74k,32.31383u
,,145.76k,31.44979u
,,145.78k,28.19106u
,,145.8k,26.75029u
,,145.82k,25.50916u
,,145.84k,24.545u
,,145.86k,26.44317u
,,145.88k,30.13053u
,,145.9k,34.54229u
,,145.92k,36.55771u
,,145.94k,32.65639u
,,145.96k,28.32761u
,,145.98k,26.91428u
,,146k,26.15417u
,,146.02k,26.54685u
,,146.04k,26.26688u
,,146.06k,22.82011u
,,146.08k,21.64468u
,,146.1k,24.73189u
,,146.12k,29.07233u
,,146.14k,33.45306u
,,146.16k,35.62098u
,,146.18k,36.38391u
,,146.2k,36.41463u
,,146.22k,34.46967u
,,146.24k,33.57802u
,,146.26k,32.58723u
,,146.28k,29.11952u
,,146.3k,28.36749u
,,146.32k,32.081u
,,146.34k,33.07406u
,,146.36k,30.70268u
,,146.38k,29.32398u
,,146.4k,29.87899u
,,146.42k,33.7168u
,,146.44k,38.70837u
,,146.46k,41.2337u
,,146.48k,41.20388u
,,146.5k,38.29769u
,,146.52k,34.51184u
,,146.54k,34.36095u
,,146.56k,35.15182u
,,146.58k,33.10927u
,,146.6k,29.89912u
,,146.62k,30.28309u
,,146.64k,32.96565u
,,146.66k,29.48874u
,,146.68k,22.2278u
,,146.7k,16.39446u
,,146.72k,20.51261u
,,146.74k,29.80438u
,,146.76k,32.65197u
,,146.78k,28.48809u
,,146.8k,25.00384u
,,146.82k,27.07201u
,,146.84k,30.93508u
,,146.86k,33.21812u
,,146.88k,34.05972u
,,146.9k,33.10365u
,,146.92k,27.77738u
,,146.94k,22.10539u
,,146.96k,18.85662u
,,146.98k,17.19657u
,,147k,17.48519u
,,147.02k,22.25264u
,,147.04k,27.46637u
,,147.06k,31.62053u
,,147.08k,37.48916u
,,147.1k,42.506u
,,147.12k,45.71815u
,,147.14k,42.76756u
,,147.16k,37.83933u
,,147.18k,32.6877u
,,147.2k,29.13164u
,,147.22k,28.59294u
,,147.24k,27.93704u
,,147.26k,26.50391u
,,147.28k,28.09074u
,,147.3k,29.69113u
,,147.32k,26.81704u
,,147.34k,25.51841u
,,147.36k,27.62829u
,,147.38k,26.1842u
,,147.4k,21.30402u
,,147.42k,17.31568u
,,147.44k,17.44266u
,,147.46k,16.76053u
,,147.48k,16.7999u
,,147.5k,21.63514u
,,147.52k,29.76568u
,,147.54k,34.33834u
,,147.56k,31.31325u
,,147.58k,27.1273u
,,147.6k,26.82863u
,,147.62k,26.51579u
,,147.64k,27.00101u
,,147.66k,26.89307u
,,147.68k,25.43857u
,,147.7k,22.31042u
,,147.72k,19.78284u
,,147.74k,18.95124u
,,147.76k,18.03721u
,,147.78k,18.69675u
,,147.8k,24.18684u
,,147.82k,31.10003u
,,147.84k,32.38648u
,,147.86k,29.81474u
,,147.88k,29.30877u
,,147.9k,32.59783u
,,147.92k,35.80645u
,,147.94k,33.39483u
,,147.96k,29.2559u
,,147.98k,29.41125u
,,148k,29.12521u
,,148.02k,28.52606u
,,148.04k,30.9658u
,,148.06k,32.38933u
,,148.08k,30.05698u
,,148.1k,29.25009u
,,148.12k,29.39418u
,,148.14k,30.42172u
,,148.16k,30.95765u
,,148.18k,27.00716u
,,148.2k,24.03242u
,,148.22k,25.22923u
,,148.24k,25.11813u
,,148.26k,23.58726u
,,148.28k,25.1574u
,,148.3k,28.27067u
,,148.32k,31.38052u
,,148.34k,33.44362u
,,148.36k,30.07972u
,,148.38k,23.83092u
,,148.4k,20.93828u
,,148.42k,21.29543u
,,148.44k,20.4433u
,,148.46k,22.48103u
,,148.48k,28.01017u
,,148.5k,29.94638u
,,148.52k,29.14443u
,,148.54k,28.70357u
,,148.56k,28.66148u
,,148.58k,28.75409u
,,148.6k,26.52465u
,,148.62k,24.50053u
,,148.64k,25.90054u
,,148.66k,26.87638u
,,148.68k,25.36308u
,,148.7k,25.92049u
,,148.72k,29.94084u
,,148.74k,32.45832u
,,148.76k,29.76516u
,,148.78k,28.01117u
,,148.8k,29.93365u
,,148.82k,29.88745u
,,148.84k,29.15209u
,,148.86k,28.29576u
,,148.88k,27.37936u
,,148.9k,29.23517u
,,148.92k,29.27032u
,,148.94k,27.89519u
,,148.96k,30.71396u
,,148.98k,33.8209u
,,149k,31.4384u
,,149.02k,27.7894u
,,149.04k,27.54644u
,,149.06k,29.31974u
,,149.08k,34.41591u
,,149.1k,40.36827u
,,149.12k,42.56751u
,,149.14k,43.33327u
,,149.16k,45.02191u
,,149.18k,45.1117u
,,149.2k,43.37194u
,,149.22k,41.15943u
,,149.24k,40.71594u
,,149.26k,43.29674u
,,149.28k,45.08016u
,,149.3k,41.57885u
,,149.32k,35.93073u
,,149.34k,35.84259u
,,149.36k,40.31833u
,,149.38k,42.06714u
,,149.4k,42.00475u
,,149.42k,44.56441u
,,149.44k,46.86828u
,,149.46k,46.24717u
,,149.48k,45.84621u
,,149.5k,44.32569u
,,149.52k,42.45293u
,,149.54k,47.49939u
,,149.56k,53.11521u
,,149.58k,49.24831u
,,149.6k,43.67855u
,,149.62k,42.70914u
,,149.64k,42.65273u
,,149.66k,42.08554u
,,149.68k,42.75343u
,,149.7k,43.87123u
,,149.72k,46.37132u
,,149.74k,49.01684u
,,149.76k,45.45455u
,,149.78k,38.10862u
,,149.8k,39.51235u
,,149.82k,48.74969u
,,149.84k,56.15124u
,,149.86k,55.23363u
,,149.88k,53.05371u
,,149.9k,57.67035u
,,149.92k,60.47744u
,,149.94k,56.04128u
,,149.96k,52.38147u
,,149.98k,52.48887u
,,150k,51.78349u
,,150.02k,50.02536u
,,150.04k,54.09871u
,,150.06k,61.71933u
,,150.08k,67.92039u
,,150.1k,71.84757u
,,150.12k,75.21006u
,,150.14k,80.20959u
,,150.16k,81.1217u
,,150.18k,76.4285u
,,150.2k,74.22565u
,,150.22k,77.48988u
,,150.24k,80.01719u
,,150.26k,78.75626u
,,150.28k,79.51332u
,,150.3k,84.34824u
,,150.32k,90.94317u
,,150.34k,97.62846u
,,150.36k,101.6819u
,,150.38k,98.92439u
,,150.4k,96.32234u
,,150.42k,101.789u
,,150.44k,103.9186u
,,150.46k,97.79348u
,,150.48k,96.73956u
,,150.5k,103.6975u
,,150.52k,110.7507u
,,150.54k,111.4994u
,,150.56k,107.9972u
,,150.58k,106.7476u
,,150.6k,109.304u
,,150.62k,113.532u
,,150.64k,118.3542u
,,150.66k,125.834u
,,150.68k,130.1111u
,,150.7k,123.8664u
,,150.72k,114.0549u
,,150.74k,108.9069u
,,150.76k,111.6919u
,,150.78k,118.1445u
,,150.8k,117.9943u
,,150.82k,116.3409u
,,150.84k,117.0226u
,,150.86k,115.1923u
,,150.88k,115.4113u
,,150.9k,123.2148u
,,150.92k,134.2911u
,,150.94k,139.0658u
,,150.96k,136.2744u
,,150.98k,131.8742u
,,151k,127.6826u
,,151.02k,126.1262u
,,151.04k,123.9296u
,,151.06k,117.4646u
,,151.08k,113.2785u
,,151.1k,115.5002u
,,151.12k,120.6494u
,,151.14k,123.2831u
,,151.16k,126.5722u
,,151.18k,129.3725u
,,151.2k,128.9706u
,,151.22k,132.5307u
,,151.24k,136.5671u
,,151.26k,132.7225u
,,151.28k,119.2308u
,,151.3k,107.7097u
,,151.32k,105.459u
,,151.34k,105.2963u
,,151.36k,106.9947u
,,151.38k,112.2087u
,,151.4k,118.5082u
,,151.42k,123.8824u
,,151.44k,122.7005u
,,151.46k,113.6346u
,,151.48k,104.3651u
,,151.5k,101.5857u
,,151.52k,108.4946u
,,151.54k,119.3362u
,,151.56k,126.0997u
,,151.58k,122.9563u
,,151.6k,113.5343u
,,151.62k,110.8761u
,,151.64k,112.7382u
,,151.66k,109.2486u
,,151.68k,99.32833u
,,151.7k,93.47038u
,,151.72k,97.99425u
,,151.74k,101.7017u
,,151.76k,102.2268u
,,151.78k,104.7835u
,,151.8k,102.3395u
,,151.82k,95.58614u
,,151.84k,94.85028u
,,151.86k,101.402u
,,151.88k,111.0024u
,,151.9k,116.7999u
,,151.92k,112.4902u
,,151.94k,102.9206u
,,151.96k,95.40693u
,,151.98k,91.53542u
,,152k,95.51347u
,,152.02k,100.8477u
,,152.04k,95.78799u
,,152.06k,86.08517u
,,152.08k,84.45445u
,,152.1k,87.02404u
,,152.12k,82.6585u
,,152.14k,76.25029u
,,152.16k,79.00972u
,,152.18k,88.11463u
,,152.2k,90.89435u
,,152.22k,86.87959u
,,152.24k,83.56195u
,,152.26k,84.22048u
,,152.28k,88.15538u
,,152.3k,89.31598u
,,152.32k,87.24733u
,,152.34k,86.16631u
,,152.36k,85.49405u
,,152.38k,85.718u
,,152.4k,87.44102u
,,152.42k,87.00927u
,,152.44k,81.7283u
,,152.46k,77.87955u
,,152.48k,80.84599u
,,152.5k,83.61801u
,,152.52k,82.6203u
,,152.54k,81.50863u
,,152.56k,76.11159u
,,152.58k,67.76397u
,,152.6k,65.54227u
,,152.62k,69.52031u
,,152.64k,73.98071u
,,152.66k,73.39417u
,,152.68k,69.60247u
,,152.7k,70.89441u
,,152.72k,68.92939u
,,152.74k,61.00872u
,,152.76k,61.98909u
,,152.78k,67.8207u
,,152.8k,70.27023u
,,152.82k,72.33739u
,,152.84k,78.61299u
,,152.86k,83.69343u
,,152.88k,81.6063u
,,152.9k,72.12369u
,,152.92k,63.97101u
,,152.94k,63.32671u
,,152.96k,60.2958u
,,152.98k,60.63393u
,,153k,73.98038u
,,153.02k,84.98076u
,,153.04k,85.33381u
,,153.06k,83.67224u
,,153.08k,81.06939u
,,153.1k,70.38708u
,,153.12k,60.03054u
,,153.14k,60.71866u
,,153.16k,64.87679u
,,153.18k,64.15895u
,,153.2k,59.20546u
,,153.22k,57.32525u
,,153.24k,59.06086u
,,153.26k,58.06757u
,,153.28k,55.38117u
,,153.3k,53.0532u
,,153.32k,49.27671u
,,153.34k,46.24745u
,,153.36k,45.1767u
,,153.38k,45.099u
,,153.4k,44.96352u
,,153.42k,44.73378u
,,153.44k,45.68311u
,,153.46k,47.0345u
,,153.48k,47.02957u
,,153.5k,45.92938u
,,153.52k,46.87939u
,,153.54k,49.38741u
,,153.56k,49.17897u
,,153.58k,49.67044u
,,153.6k,52.67218u
,,153.62k,55.27599u
,,153.64k,57.92987u
,,153.66k,59.32355u
,,153.68k,54.66319u
,,153.7k,45.99266u
,,153.72k,44.75559u
,,153.74k,55.38916u
,,153.76k,64.39359u
,,153.78k,68.01158u
,,153.8k,69.10332u
,,153.82k,65.74422u
,,153.84k,58.62283u
,,153.86k,48.77699u
,,153.88k,40.60063u
,,153.9k,38.72337u
,,153.92k,37.07404u
,,153.94k,40.9634u
,,153.96k,48.86008u
,,153.98k,53.31238u
,,154k,49.29007u
,,154.02k,36.67244u
,,154.04k,29.07689u
,,154.06k,39.59417u
,,154.08k,53.15876u
,,154.1k,58.55862u
,,154.12k,57.29876u
,,154.14k,52.10573u
,,154.16k,47.14646u
,,154.18k,47.55987u
,,154.2k,53.8772u
,,154.22k,58.09185u
,,154.24k,55.42601u
,,154.26k,50.24141u
,,154.28k,42.54008u
,,154.3k,33.11389u
,,154.32k,29.07208u
,,154.34k,30.5141u
,,154.36k,33.26306u
,,154.38k,36.87968u
,,154.4k,38.22694u
,,154.42k,40.90031u
,,154.44k,48.79972u
,,154.46k,50.06254u
,,154.48k,43.03509u
,,154.5k,42.9588u
,,154.52k,46.16917u
,,154.54k,44.27469u
,,154.56k,39.97675u
,,154.58k,37.18571u
,,154.6k,41.13524u
,,154.62k,50.88129u
,,154.64k,61.43565u
,,154.66k,65.27776u
,,154.68k,57.16057u
,,154.7k,48.09115u
,,154.72k,44.93349u
,,154.74k,40.54459u
,,154.76k,37.29639u
,,154.78k,37.83253u
,,154.8k,39.84893u
,,154.82k,44.16082u
,,154.84k,47.64534u
,,154.86k,53.16784u
,,154.88k,53.47504u
,,154.9k,54.1045u
,,154.92k,56.09422u
,,154.94k,53.96657u
,,154.96k,48.1665u
,,154.98k,42.64419u
,,155k,45.67698u
,,155.02k,53.92888u
,,155.04k,52.44895u
,,155.06k,45.72081u
,,155.08k,52.92888u
,,155.1k,66.7539u
,,155.12k,72.01347u
,,155.14k,68.37782u
,,155.16k,60.31131u
,,155.18k,50.89431u
,,155.2k,46.53368u
,,155.22k,46.97871u
,,155.24k,49.84352u
,,155.26k,53.64767u
,,155.28k,50.79354u
,,155.3k,44.14814u
,,155.32k,47.1102u
,,155.34k,56.80375u
,,155.36k,60.84725u
,,155.38k,59.61489u
,,155.4k,61.4499u
,,155.42k,63.29141u
,,155.44k,59.09662u
,,155.46k,54.61643u
,,155.48k,54.20858u
,,155.5k,54.20104u
,,155.52k,51.96385u
,,155.54k,51.01291u
,,155.56k,49.6977u
,,155.58k,41.95144u
,,155.6k,32.83145u
,,155.62k,27.56688u
,,155.64k,22.58387u
,,155.66k,21.99679u
,,155.68k,29.3509u
,,155.7k,39.46627u
,,155.72k,47.84077u
,,155.74k,53.29598u
,,155.76k,49.22818u
,,155.78k,45.32648u
,,155.8k,48.76227u
,,155.82k,49.05607u
,,155.84k,44.92673u
,,155.86k,43.8434u
,,155.88k,45.42594u
,,155.9k,44.62374u
,,155.92k,38.99754u
,,155.94k,36.1435u
,,155.96k,39.72587u
,,155.98k,40.49983u
,,156k,36.50129u
,,156.02k,33.03957u
,,156.04k,33.16802u
,,156.06k,35.50035u
,,156.08k,36.8686u
,,156.1k,38.62799u
,,156.12k,37.89526u
,,156.14k,38.30733u
,,156.16k,43.19572u
,,156.18k,41.36336u
,,156.2k,31.14675u
,,156.22k,18.35023u
,,156.24k,13.10779u
,,156.26k,16.13244u
,,156.28k,21.92045u
,,156.3k,28.22398u
,,156.32k,26.60035u
,,156.34k,21.72864u
,,156.36k,20.89354u
,,156.38k,22.2143u
,,156.4k,22.861u
,,156.42k,23.03263u
,,156.44k,23.9218u
,,156.46k,24.14498u
,,156.48k,22.84082u
,,156.5k,20.33916u
,,156.52k,16.10938u
,,156.54k,9.226908u
,,156.56k,1.567457u
,,156.58k,12.43608u
,,156.6k,20.91425u
,,156.62k,22.45339u
,,156.64k,17.8758u
,,156.66k,6.929836u
,,156.68k,13.92138u
,,156.7k,19.49699u
,,156.72k,15.42463u
,,156.74k,12.00366u
,,156.76k,13.91139u
,,156.78k,13.18641u
,,156.8k,10.61334u
,,156.82k,12.9271u
,,156.84k,17.97711u
,,156.86k,15.76615u
,,156.88k,10.9607u
,,156.9k,12.11583u
,,156.92k,12.94706u
,,156.94k,13.92574u
,,156.96k,12.54942u
,,156.98k,10.42065u
,,157k,6.533099u
,,157.02k,1.745726u
,,157.04k,5.481161u
,,157.06k,8.532715u
,,157.08k,12.87095u
,,157.1k,14.78416u
,,157.12k,15.08695u
,,157.14k,14.331u
,,157.16k,15.28448u
,,157.18k,19.14271u
,,157.2k,17.3914u
,,157.22k,8.670837u
,,157.24k,4.437482u
,,157.26k,6.618141u
,,157.28k,10.86078u
,,157.3k,14.55052u
,,157.32k,16.15685u
,,157.34k,18.33267u
,,157.36k,19.35046u
,,157.38k,22.19731u
,,157.4k,25.84008u
,,157.42k,26.10854u
,,157.44k,23.03829u
,,157.46k,21.73221u
,,157.48k,19.80318u
,,157.5k,18.364u
,,157.52k,21.38387u
,,157.54k,24.70475u
,,157.56k,23.94763u
,,157.58k,25.54833u
,,157.6k,28.87286u
,,157.62k,28.98583u
,,157.64k,32.02002u
,,157.66k,33.27102u
,,157.68k,27.72533u
,,157.7k,21.63266u
,,157.72k,19.48615u
,,157.74k,22.35517u
,,157.76k,26.65102u
,,157.78k,25.85124u
,,157.8k,26.12939u
,,157.82k,35.18207u
,,157.84k,41.45372u
,,157.86k,44.63939u
,,157.88k,46.10978u
,,157.9k,40.91602u
,,157.92k,33.9326u
,,157.94k,33.30094u
,,157.96k,42.57903u
,,157.98k,57.38473u
,,158k,65.88443u
,,158.02k,64.99618u
,,158.04k,64.7821u
,,158.06k,70.6079u
,,158.08k,74.82147u
,,158.1k,72.40754u
,,158.12k,66.95464u
,,158.14k,62.70812u
,,158.16k,63.4691u
,,158.18k,70.33587u
,,158.2k,74.52307u
,,158.22k,74.0482u
,,158.24k,74.63983u
,,158.26k,72.43793u
,,158.28k,68.39316u
,,158.3k,69.78969u
,,158.32k,75.32115u
,,158.34k,83.41294u
,,158.36k,89.07862u
,,158.38k,85.03232u
,,158.4k,79.58281u
,,158.42k,83.79989u
,,158.44k,93.04364u
,,158.46k,96.32833u
,,158.48k,92.8228u
,,158.5k,85.6515u
,,158.52k,82.09482u
,,158.54k,85.38662u
,,158.56k,89.36152u
,,158.58k,90.20019u
,,158.6k,93.37929u
,,158.62k,96.14083u
,,158.64k,90.50919u
,,158.66k,86.27804u
,,158.68k,93.70176u
,,158.7k,103.139u
,,158.72k,104.724u
,,158.74k,101.1262u
,,158.76k,100.4783u
,,158.78k,103.0313u
,,158.8k,105.8777u
,,158.82k,108.423u
,,158.84k,107.8512u
,,158.86k,107.3634u
,,158.88k,110.1229u
,,158.9k,110.8757u
,,158.92k,104.7448u
,,158.94k,99.33652u
,,158.96k,104.6446u
,,158.98k,115.0033u
,,159k,118.1566u
,,159.02k,115.3279u
,,159.04k,115.7227u
,,159.06k,119.5345u
,,159.08k,122.219u
,,159.1k,120.2707u
,,159.12k,112.3547u
,,159.14k,107.596u
,,159.16k,111.7581u
,,159.18k,116.6092u
,,159.2k,119.5763u
,,159.22k,126.2956u
,,159.24k,133.805u
,,159.26k,134.0622u
,,159.28k,128.2081u
,,159.3k,121.3055u
,,159.32k,115.9039u
,,159.34k,119.5732u
,,159.36k,128.4899u
,,159.38k,131.8998u
,,159.4k,134.8127u
,,159.42k,137.2629u
,,159.44k,131.7402u
,,159.46k,124.4544u
,,159.48k,123.1568u
,,159.5k,128.3814u
,,159.52k,134.3394u
,,159.54k,135.409u
,,159.56k,134.2341u
,,159.58k,137.8157u
,,159.6k,141.3771u
,,159.62k,131.6409u
,,159.64k,123.497u
,,159.66k,136.0812u
,,159.68k,151.5231u
,,159.7k,152.6906u
,,159.72k,146.1858u
,,159.74k,142.4613u
,,159.76k,143.6264u
,,159.78k,143.4486u
,,159.8k,140.2561u
,,159.82k,140.8397u
,,159.84k,147.0819u
,,159.86k,154.3801u
,,159.88k,155.9471u
,,159.9k,149.9317u
,,159.92k,147.1854u
,,159.94k,153.1686u
,,159.96k,157.6587u
,,159.98k,155.4939u
,,160k,148.3604u
,,160.02k,143.3467u
,,160.04k,147.2433u
,,160.06k,154.8048u
,,160.08k,157.5198u
,,160.1k,157.8961u
,,160.12k,160.5495u
,,160.14k,162.1373u
,,160.16k,159.6586u
,,160.18k,160.0143u
,,160.2k,165.9432u
,,160.22k,175.1819u
,,160.24k,183.6021u
,,160.26k,185.0749u
,,160.28k,181.0711u
,,160.3k,175.1408u
,,160.32k,170.5979u
,,160.34k,171.5187u
,,160.36k,174.0436u
,,160.38k,172.0677u
,,160.4k,168.308u
,,160.42k,168.6216u
,,160.44k,171.0648u
,,160.46k,172.4654u
,,160.48k,170.8871u
,,160.5k,165.936u
,,160.52k,160.4082u
,,160.54k,156.5293u
,,160.56k,158.2368u
,,160.58k,166.8029u
,,160.6k,173.2977u
,,160.62k,174.2121u
,,160.64k,174.7297u
,,160.66k,175.2889u
,,160.68k,172.5326u
,,160.7k,169.5783u
,,160.72k,169.6311u
,,160.74k,170.9633u
,,160.76k,174.9631u
,,160.78k,174.4813u
,,160.8k,170.2026u
,,160.82k,174.5053u
,,160.84k,184.8332u
,,160.86k,191.2711u
,,160.88k,192.2376u
,,160.9k,190.8176u
,,160.92k,186.6968u
,,160.94k,179.6581u
,,160.96k,174.7813u
,,160.98k,175.5427u
,,161k,180.6775u
,,161.02k,182.0092u
,,161.04k,174.0704u
,,161.06k,167.3675u
,,161.08k,170.4579u
,,161.1k,177.8985u
,,161.12k,183.0499u
,,161.14k,182.1909u
,,161.16k,174.0387u
,,161.18k,164.0348u
,,161.2k,161.5666u
,,161.22k,162.9671u
,,161.24k,162.9182u
,,161.26k,167.1412u
,,161.28k,166.8544u
,,161.3k,155.4876u
,,161.32k,148.233u
,,161.34k,149.9915u
,,161.36k,152.6175u
,,161.38k,153.9746u
,,161.4k,157.9022u
,,161.42k,164.0396u
,,161.44k,163.0277u
,,161.46k,157.3701u
,,161.48k,156.9513u
,,161.5k,157.5935u
,,161.52k,154.096u
,,161.54k,147.5624u
,,161.56k,142.9317u
,,161.58k,144.4953u
,,161.6k,148.1613u
,,161.62k,149.4102u
,,161.64k,147.9462u
,,161.66k,143.3047u
,,161.68k,135.6161u
,,161.7k,132.8117u
,,161.72k,139.4254u
,,161.74k,146.5741u
,,161.76k,149.2759u
,,161.78k,148.1561u
,,161.8k,142.0786u
,,161.82k,136.1506u
,,161.84k,134.6645u
,,161.86k,130.9934u
,,161.88k,128.5377u
,,161.9k,131.9202u
,,161.92k,126.6789u
,,161.94k,110.0991u
,,161.96k,97.70889u
,,161.98k,97.9707u
,,162k,105.754u
,,162.02k,112.8436u
,,162.04k,116.9742u
,,162.06k,118.4693u
,,162.08k,117.4872u
,,162.1k,120.3897u
,,162.12k,124.6689u
,,162.14k,117.407u
,,162.16k,102.9666u
,,162.18k,94.27254u
,,162.2k,95.31129u
,,162.22k,102.1768u
,,162.24k,107.4832u
,,162.26k,105.1799u
,,162.28k,97.89355u
,,162.3k,91.55494u
,,162.32k,87.63154u
,,162.34k,89.82297u
,,162.36k,95.56201u
,,162.38k,93.67878u
,,162.4k,85.15941u
,,162.42k,80.1268u
,,162.44k,78.85532u
,,162.46k,79.88484u
,,162.48k,82.51945u
,,162.5k,83.90941u
,,162.52k,80.74363u
,,162.54k,72.67244u
,,162.56k,63.02179u
,,162.58k,55.36258u
,,162.6k,56.5597u
,,162.62k,61.64466u
,,162.64k,63.424u
,,162.66k,68.7869u
,,162.68k,70.34588u
,,162.7k,60.13624u
,,162.72k,53.17458u
,,162.74k,56.9785u
,,162.76k,60.6616u
,,162.78k,63.18161u
,,162.8k,64.27761u
,,162.82k,57.98624u
,,162.84k,56.05459u
,,162.86k,59.93506u
,,162.88k,60.49532u
,,162.9k,54.29016u
,,162.92k,44.76407u
,,162.94k,45.81153u
,,162.96k,56.32148u
,,162.98k,60.91908u
,,163k,56.28698u
,,163.02k,48.62155u
,,163.04k,43.48745u
,,163.06k,45.17083u
,,163.08k,51.16487u
,,163.1k,55.83722u
,,163.12k,56.23362u
,,163.14k,53.85388u
,,163.16k,48.90626u
,,163.18k,44.11267u
,,163.2k,42.25035u
,,163.22k,41.65138u
,,163.24k,39.55086u
,,163.26k,38.10264u
,,163.28k,36.88836u
,,163.3k,33.83119u
,,163.32k,31.62023u
,,163.34k,31.64948u
,,163.36k,35.19946u
,,163.38k,41.11752u
,,163.4k,40.4117u
,,163.42k,36.42248u
,,163.44k,35.34283u
,,163.46k,35.67131u
,,163.48k,38.28403u
,,163.5k,41.83878u
,,163.52k,41.56012u
,,163.54k,38.97678u
,,163.56k,44.00503u
,,163.58k,48.34974u
,,163.6k,39.78367u
,,163.62k,25.16402u
,,163.64k,19.98296u
,,163.66k,31.28324u
,,163.68k,44.26447u
,,163.7k,45.80841u
,,163.72k,37.44542u
,,163.74k,30.27721u
,,163.76k,28.18284u
,,163.78k,28.42155u
,,163.8k,31.86031u
,,163.82k,34.77756u
,,163.84k,37.07627u
,,163.86k,37.6111u
,,163.88k,32.50706u
,,163.9k,22.27519u
,,163.92k,14.35418u
,,163.94k,15.71337u
,,163.96k,23.73973u
,,163.98k,29.77316u
,,164k,27.26277u
,,164.02k,21.29671u
,,164.04k,19.46052u
,,164.06k,19.92656u
,,164.08k,18.76006u
,,164.1k,15.21048u
,,164.12k,13.29529u
,,164.14k,13.06955u
,,164.16k,14.96149u
,,164.18k,14.74924u
,,164.2k,14.76942u
,,164.22k,16.22167u
,,164.24k,19.94733u
,,164.26k,21.91706u
,,164.28k,18.87263u
,,164.3k,13.79471u
,,164.32k,12.48357u
,,164.34k,14.94214u
,,164.36k,13.41472u
,,164.38k,9.322509u
,,164.4k,8.082429u
,,164.42k,11.75986u
,,164.44k,11.72905u
,,164.46k,11.43783u
,,164.48k,11.13451u
,,164.5k,8.57295u
,,164.52k,7.307428u
,,164.54k,7.165266u
,,164.56k,9.18559u
,,164.58k,11.47979u
,,164.6k,8.154534u
,,164.62k,4.453796u
,,164.64k,5.650905u
,,164.66k,9.127625u
,,164.68k,10.61475u
,,164.7k,12.63186u
,,164.72k,15.16059u
,,164.74k,18.50315u
,,164.76k,17.5021u
,,164.78k,15.71174u
,,164.8k,15.19884u
,,164.82k,15.07674u
,,164.84k,9.711014u
,,164.86k,4.184811u
,,164.88k,4.914519u
,,164.9k,10.46362u
,,164.92k,16.61015u
,,164.94k,12.56814u
,,164.96k,2.452724u
,,164.98k,3.181827u
,,165k,2.864236u
,,165.02k,1.630479u
,,165.04k,7.602069u
,,165.06k,9.779623u
,,165.08k,3.867374u
,,165.1k,17.4051u
,,165.12k,27.03779u
,,165.14k,20.37218u
,,165.16k,5.540781u
,,165.18k,10.38004u
,,165.2k,5.066512u
,,165.22k,5.475397u
,,165.24k,4.30219u
,,165.26k,8.027633u
,,165.28k,12.7492u
,,165.3k,14.04461u
,,165.32k,15.15229u
,,165.34k,23.85294u
,,165.36k,29.44092u
,,165.38k,22.75681u
,,165.4k,9.54053u
,,165.42k,8.275979u
,,165.44k,13.22448u
,,165.46k,19.09381u
,,165.48k,20.55625u
,,165.5k,15.5597u
,,165.52k,8.516957u
,,165.54k,12.86434u
,,165.56k,18.01843u
,,165.58k,23.0032u
,,165.6k,27.45102u
,,165.62k,24.58802u
,,165.64k,16.746u
,,165.66k,11.36426u
,,165.68k,9.078556u
,,165.7k,8.813398u
,,165.72k,10.05586u
,,165.74k,6.695549u
,,165.76k,8.213496u
,,165.78k,8.736961u
,,165.8k,8.376009u
,,165.82k,5.732497u
,,165.84k,6.84446u
,,165.86k,10.20494u
,,165.88k,16.44966u
,,165.9k,19.93118u
,,165.92k,21.61609u
,,165.94k,19.36183u
,,165.96k,13.21119u
,,165.98k,7.580201u
,,166k,9.07716u
,,166.02k,14.76308u
,,166.04k,17.61117u
,,166.06k,15.97116u
,,166.08k,14.41824u
,,166.1k,12.73623u
,,166.12k,11.07934u
,,166.14k,9.432331u
,,166.16k,11.05052u
,,166.18k,13.56343u
,,166.2k,9.556802u
,,166.22k,3.438595u
,,166.24k,3.328865u
,,166.26k,9.179047u
,,166.28k,10.3034u
,,166.3k,8.349607u
,,166.32k,5.997286u
,,166.34k,4.051799u
,,166.36k,5.993357u
,,166.38k,9.208817u
,,166.4k,6.929305u
,,166.42k,2.637898u
,,166.44k,3.623619u
,,166.46k,8.214319u
,,166.48k,12.02983u
,,166.5k,12.27881u
,,166.52k,13.08305u
,,166.54k,12.89267u
,,166.56k,8.381242u
,,166.58k,8.828734u
,,166.6k,14.85632u
,,166.62k,15.4203u
,,166.64k,10.63211u
,,166.66k,7.302583u
,,166.68k,2.922706u
,,166.7k,5.544003u
,,166.72k,6.739447u
,,166.74k,6.572921u
,,166.76k,1.391511u
,,166.78k,3.997743u
,,166.8k,3.852749u
,,166.82k,2.277762u
,,166.84k,2.614381u
,,166.86k,10.40536u
,,166.88k,12.08553u
,,166.9k,6.881082u
,,166.92k,4.571649u
,,166.94k,2.27887u
,,166.96k,12.62965u
,,166.98k,13.42736u
,,167k,6.487165u
,,167.02k,2.020731u
,,167.04k,4.365597u
,,167.06k,13.57884u
,,167.08k,21.6004u
,,167.1k,21.75807u
,,167.12k,19.40642u
,,167.14k,20.68692u
,,167.16k,21.24127u
,,167.18k,20.27221u
,,167.2k,19.50954u
,,167.22k,16.04259u
,,167.24k,13.7457u
,,167.26k,16.43362u
,,167.28k,18.12377u
,,167.3k,17.62493u
,,167.32k,18.56001u
,,167.34k,19.64515u
,,167.36k,19.08976u
,,167.38k,16.55157u
,,167.4k,12.80589u
,,167.42k,11.98472u
,,167.44k,17.81102u
,,167.46k,23.12885u
,,167.48k,24.1963u
,,167.5k,24.10413u
,,167.52k,21.64747u
,,167.54k,19.63311u
,,167.56k,21.20363u
,,167.58k,22.47497u
,,167.6k,22.75606u
,,167.62k,25.47853u
,,167.64k,29.87329u
,,167.66k,29.38838u
,,167.68k,25.28969u
,,167.7k,25.03737u
,,167.72k,25.57811u
,,167.74k,25.25489u
,,167.76k,27.68213u
,,167.78k,31.83081u
,,167.8k,35.30623u
,,167.82k,33.93341u
,,167.84k,29.96032u
,,167.86k,30.19745u
,,167.88k,33.09334u
,,167.9k,36.66708u
,,167.92k,40.39386u
,,167.94k,43.10847u
,,167.96k,45.70259u
,,167.98k,47.68296u
,,168k,46.07799u
,,168.02k,41.11882u
,,168.04k,37.47161u
,,168.06k,38.23871u
,,168.08k,41.18279u
,,168.1k,46.56188u
,,168.12k,53.44239u
,,168.14k,55.37975u
,,168.16k,51.97398u
,,168.18k,48.51833u
,,168.2k,48.83464u
,,168.22k,51.25876u
,,168.24k,50.24083u
,,168.26k,48.5122u
,,168.28k,52.7254u
,,168.3k,59.30054u
,,168.32k,62.076u
,,168.34k,61.76469u
,,168.36k,61.97289u
,,168.38k,64.02138u
,,168.4k,67.30137u
,,168.42k,69.2908u
,,168.44k,69.19263u
,,168.46k,70.24026u
,,168.48k,72.58103u
,,168.5k,77.01903u
,,168.52k,81.42297u
,,168.54k,83.98878u
,,168.56k,86.72086u
,,168.58k,86.42008u
,,168.6k,84.76293u
,,168.62k,89.6865u
,,168.64k,97.98017u
,,168.66k,102.2687u
,,168.68k,102.8059u
,,168.7k,107.8944u
,,168.72k,115.952u
,,168.74k,114.8611u
,,168.76k,111.9702u
,,168.78k,115.6047u
,,168.8k,115.1854u
,,168.82k,107.8771u
,,168.84k,103.981u
,,168.86k,107.2821u
,,168.88k,111.336u
,,168.9k,114.2587u
,,168.92k,116.1238u
,,168.94k,115.2873u
,,168.96k,115.7106u
,,168.98k,118.8763u
,,169k,120.0755u
,,169.02k,118.7559u
,,169.04k,118.7901u
,,169.06k,117.0058u
,,169.08k,114.857u
,,169.1k,116.4468u
,,169.12k,116.8268u
,,169.14k,115.5062u
,,169.16k,111.0945u
,,169.18k,103.9583u
,,169.2k,99.01073u
,,169.22k,95.38571u
,,169.24k,93.48978u
,,169.26k,93.57568u
,,169.28k,91.72214u
,,169.3k,87.55761u
,,169.32k,85.73679u
,,169.34k,86.74845u
,,169.36k,86.23303u
,,169.38k,84.11263u
,,169.4k,80.60667u
,,169.42k,75.52403u
,,169.44k,73.28709u
,,169.46k,73.9175u
,,169.48k,73.79019u
,,169.5k,73.94508u
,,169.52k,73.54645u
,,169.54k,70.64371u
,,169.56k,70.19799u
,,169.58k,72.96753u
,,169.6k,72.21236u
,,169.62k,67.40511u
,,169.64k,63.22654u
,,169.66k,60.02242u
,,169.68k,55.74968u
,,169.7k,49.94614u
,,169.72k,47.80747u
,,169.74k,53.67822u
,,169.76k,58.93577u
,,169.78k,57.99968u
,,169.8k,54.04192u
,,169.82k,53.48806u
,,169.84k,57.24335u
,,169.86k,57.06916u
,,169.88k,51.48047u
,,169.9k,45.10566u
,,169.92k,42.12277u
,,169.94k,43.82794u
,,169.96k,45.73476u
,,169.98k,46.60197u
,,170k,47.05252u
,,170.02k,46.84934u
,,170.04k,49.06782u
,,170.06k,53.27297u
,,170.08k,54.59748u
,,170.1k,53.5799u
,,170.12k,52.05512u
,,170.14k,49.04973u
,,170.16k,44.22848u
,,170.18k,38.30575u
,,170.2k,34.62775u
,,170.22k,34.68273u
,,170.24k,36.47396u
,,170.26k,39.11983u
,,170.28k,41.11372u
,,170.3k,38.34324u
,,170.32k,33.44033u
,,170.34k,32.32672u
,,170.36k,32.93961u
,,170.38k,32.40595u
,,170.4k,30.72605u
,,170.42k,28.7294u
,,170.44k,26.99017u
,,170.46k,26.72836u
,,170.48k,29.81733u
,,170.5k,32.69276u
,,170.52k,33.10811u
,,170.54k,35.15477u
,,170.56k,38.23892u
,,170.58k,38.67629u
,,170.6k,37.08767u
,,170.62k,35.42904u
,,170.64k,33.86062u
,,170.66k,30.16966u
,,170.68k,28.50031u
,,170.7k,33.60108u
,,170.72k,37.19814u
,,170.74k,35.72958u
,,170.76k,33.30585u
,,170.78k,30.17178u
,,170.8k,26.91733u
,,170.82k,25.84178u
,,170.84k,27.75851u
,,170.86k,31.31802u
,,170.88k,30.91978u
,,170.9k,25.94378u
,,170.92k,22.14849u
,,170.94k,24.47756u
,,170.96k,30.02114u
,,170.98k,31.70179u
,,171k,27.70165u
,,171.02k,22.71781u
,,171.04k,22.55808u
,,171.06k,26.11747u
,,171.08k,30.80938u
,,171.1k,31.68583u
,,171.12k,26.73852u
,,171.14k,23.97043u
,,171.16k,24.91541u
,,171.18k,23.3498u
,,171.2k,23.97229u
,,171.22k,25.54954u
,,171.24k,25.06732u
,,171.26k,27.1087u
,,171.28k,27.98711u
,,171.3k,23.80317u
,,171.32k,20.17025u
,,171.34k,20.10532u
,,171.36k,19.87567u
,,171.38k,20.47305u
,,171.4k,17.55601u
,,171.42k,12.47946u
,,171.44k,14.65738u
,,171.46k,19.33011u
,,171.48k,19.91272u
,,171.5k,17.58997u
,,171.52k,15.32027u
,,171.54k,13.44015u
,,171.56k,16.67344u
,,171.58k,20.45094u
,,171.6k,20.46939u
,,171.62k,18.08852u
,,171.64k,16.5199u
,,171.66k,15.85335u
,,171.68k,14.60577u
,,171.7k,12.6131u
,,171.72k,8.740513u
,,171.74k,5.945935u
,,171.76k,7.430754u
,,171.78k,10.11173u
,,171.8k,11.80828u
,,171.82k,12.62418u
,,171.84k,12.26691u
,,171.86k,10.92647u
,,171.88k,12.10137u
,,171.9k,13.88378u
,,171.92k,15.09332u
,,171.94k,18.44964u
,,171.96k,14.30591u
,,171.98k,6.590657u
,,172k,5.275119u
,,172.02k,10.41267u
,,172.04k,15.07606u
,,172.06k,17.786u
,,172.08k,21.71958u
,,172.1k,20.91514u
,,172.12k,15.40991u
,,172.14k,11.82799u
,,172.16k,11.95328u
,,172.18k,16.1165u
,,172.2k,18.53256u
,,172.22k,17.15316u
,,172.24k,16.75417u
,,172.26k,18.49759u
,,172.28k,21.87051u
,,172.3k,23.78428u
,,172.32k,21.1024u
,,172.34k,19.04119u
,,172.36k,19.19281u
,,172.38k,20.67422u
,,172.4k,23.35543u
,,172.42k,25.55976u
,,172.44k,25.91095u
,,172.46k,25.97065u
,,172.48k,23.52001u
,,172.5k,19.26814u
,,172.52k,17.69159u
,,172.54k,18.07433u
,,172.56k,15.82933u
,,172.58k,13.91387u
,,172.6k,14.2616u
,,172.62k,14.38709u
,,172.64k,17.21719u
,,172.66k,22.07405u
,,172.68k,22.22533u
,,172.7k,19.10569u
,,172.72k,19.84924u
,,172.74k,23.13236u
,,172.76k,23.68715u
,,172.78k,22.0222u
,,172.8k,23.69452u
,,172.82k,25.37605u
,,172.84k,24.40272u
,,172.86k,20.87857u
,,172.88k,16.2734u
,,172.9k,16.85881u
,,172.92k,18.70758u
,,172.94k,16.52009u
,,172.96k,12.32893u
,,172.98k,15.03447u
,,173k,21.21868u
,,173.02k,25.58137u
,,173.04k,25.00564u
,,173.06k,20.90389u
,,173.08k,19.05413u
,,173.1k,18.41116u
,,173.12k,16.25533u
,,173.14k,16.47265u
,,173.16k,18.12365u
,,173.18k,15.7826u
,,173.2k,14.27936u
,,173.22k,16.63401u
,,173.24k,15.75449u
,,173.26k,12.47876u
,,173.28k,11.27891u
,,173.3k,12.53132u
,,173.32k,14.57212u
,,173.34k,16.52262u
,,173.36k,15.92409u
,,173.38k,12.38394u
,,173.4k,12.89275u
,,173.42k,15.42773u
,,173.44k,17.02985u
,,173.46k,16.59449u
,,173.48k,12.18762u
,,173.5k,11.99963u
,,173.52k,13.26432u
,,173.54k,9.834388u
,,173.56k,5.859782u
,,173.58k,4.305808u
,,173.6k,8.09669u
,,173.62k,10.52575u
,,173.64k,9.440154u
,,173.66k,15.23467u
,,173.68k,17.68576u
,,173.7k,12.11133u
,,173.72k,9.156906u
,,173.74k,10.30039u
,,173.76k,6.926332u
,,173.78k,3.736262u
,,173.8k,2.962792u
,,173.82k,5.458158u
,,173.84k,9.093974u
,,173.86k,11.87173u
,,173.88k,16.17203u
,,173.9k,21.06253u
,,173.92k,20.23846u
,,173.94k,15.73719u
,,173.96k,14.50057u
,,173.98k,14.40167u
,,174k,12.49302u
,,174.02k,10.39029u
,,174.04k,5.976541u
,,174.06k,7.663301u
,,174.08k,8.688795u
,,174.1k,12.09965u
,,174.12k,13.87912u
,,174.14k,8.21548u
,,174.16k,7.101786u
,,174.18k,11.22417u
,,174.2k,7.79139u
,,174.22k,5.507662u
,,174.24k,4.389171u
,,174.26k,7.410676u
,,174.28k,12.0019u
,,174.3k,13.99724u
,,174.32k,12.48495u
,,174.34k,8.524257u
,,174.36k,6.531957u
,,174.38k,7.346287u
,,174.4k,11.44972u
,,174.42k,13.9238u
,,174.44k,10.50392u
,,174.46k,4.451646u
,,174.48k,3.990326u
,,174.5k,8.837264u
,,174.52k,9.434907u
,,174.54k,5.630216u
,,174.56k,4.691683u
,,174.58k,6.043261u
,,174.6k,4.94141u
,,174.62k,4.264795u
,,174.64k,1.822128u
,,174.66k,6.455676u
,,174.68k,10.83492u
,,174.7k,12.6591u
,,174.72k,13.22887u
,,174.74k,10.22479u
,,174.76k,5.788615u
,,174.78k,5.347114u
,,174.8k,3.875313u
,,174.82k,3.022241u
,,174.84k,1.469183u
,,174.86k,2.21156u
,,174.88k,6.412579u
,,174.9k,11.77214u
,,174.92k,17.18722u
,,174.94k,22.58535u
,,174.96k,22.98381u
,,174.98k,14.94221u
,,175k,5.075722u
,,175.02k,1.34024u
,,175.04k,5.542986u
,,175.06k,7.308073u
,,175.08k,6.23546u
,,175.1k,9.677612u
,,175.12k,8.232422u
,,175.14k,3.728923u
,,175.16k,3.403109u
,,175.18k,7.535202u
,,175.2k,12.48482u
,,175.22k,16.85463u
,,175.24k,17.27863u
,,175.26k,10.92195u
,,175.28k,3.865878u
,,175.3k,8.470453u
,,175.32k,12.43547u
,,175.34k,11.31535u
,,175.36k,9.742643u
,,175.38k,3.549012u
,,175.4k,3.850668u
,,175.42k,5.166806u
,,175.44k,3.528302u
,,175.46k,3.431674u
,,175.48k,7.204401u
,,175.5k,4.956733u
,,175.52k,961.7588n
,,175.54k,3.495365u
,,175.56k,9.492993u
,,175.58k,12.70996u
,,175.6k,12.64782u
,,175.62k,9.360719u
,,175.64k,6.074512u
,,175.66k,4.111223u
,,175.68k,2.667344u
,,175.7k,4.364419u
,,175.72k,9.788603u
,,175.74k,12.11143u
,,175.76k,11.32426u
,,175.78k,11.16909u
,,175.8k,12.96569u
,,175.82k,15.58234u
,,175.84k,17.64707u
,,175.86k,12.0432u
,,175.88k,4.370043u
,,175.9k,3.074149u
,,175.92k,2.010291u
,,175.94k,4.169252u
,,175.96k,12.00253u
,,175.98k,15.98791u
,,176k,14.35776u
,,176.02k,12.3211u
,,176.04k,6.349712u
,,176.06k,9.041003u
,,176.08k,12.42298u
,,176.1k,15.62751u
,,176.12k,18.1613u
,,176.14k,13.43857u
,,176.16k,6.953063u
,,176.18k,3.974354u
,,176.2k,10.23954u
,,176.22k,11.09185u
,,176.24k,11.84492u
,,176.26k,12.03176u
,,176.28k,11.44057u
,,176.3k,12.39584u
,,176.32k,14.8729u
,,176.34k,17.54443u
,,176.36k,18.43207u
,,176.38k,16.69791u
,,176.4k,13.11882u
,,176.42k,13.04313u
,,176.44k,8.552617u
,,176.46k,7.16426u
,,176.48k,13.91139u
,,176.5k,13.81187u
,,176.52k,8.843563u
,,176.54k,1.729107u
,,176.56k,9.564296u
,,176.58k,14.77624u
,,176.6k,16.15152u
,,176.62k,15.80584u
,,176.64k,11.56603u
,,176.66k,4.13185u
,,176.68k,4.367188u
,,176.7k,8.018541u
,,176.72k,6.912972u
,,176.74k,8.369189u
,,176.76k,8.587512u
,,176.78k,10.36159u
,,176.8k,13.02043u
,,176.82k,8.072446u
,,176.84k,3.91964u
,,176.86k,3.9801u
,,176.88k,7.751359u
,,176.9k,11.33344u
,,176.92k,13.01739u
,,176.94k,11.24153u
,,176.96k,4.283144u
,,176.98k,3.463041u
,,177k,5.123047u
,,177.02k,2.62069u
,,177.04k,4.569255u
,,177.06k,8.73073u
,,177.08k,8.460261u
,,177.1k,5.395226u
,,177.12k,2.7816u
,,177.14k,12.3267u
,,177.16k,16.16677u
,,177.18k,9.478773u
,,177.2k,8.25205u
,,177.22k,9.288475u
,,177.24k,6.729996u
,,177.26k,9.261169u
,,177.28k,16.06748u
,,177.3k,18.36936u
,,177.32k,15.47187u
,,177.34k,12.20908u
,,177.36k,14.18975u
,,177.38k,17.58827u
,,177.4k,18.75468u
,,177.42k,16.06729u
,,177.44k,13.02163u
,,177.46k,8.826691u
,,177.48k,3.076887u
,,177.5k,3.379423u
,,177.52k,4.894116u
,,177.54k,10.33981u
,,177.56k,10.67698u
,,177.58k,6.648693u
,,177.6k,5.164398u
,,177.62k,10.30851u
,,177.64k,18.97575u
,,177.66k,24.30892u
,,177.68k,20.84766u
,,177.7k,14.50335u
,,177.72k,12.24109u
,,177.74k,13.97159u
,,177.76k,16.40925u
,,177.78k,18.64695u
,,177.8k,21.96084u
,,177.82k,19.88601u
,,177.84k,10.2224u
,,177.86k,7.38601u
,,177.88k,15.97821u
,,177.9k,19.86118u
,,177.92k,15.57622u
,,177.94k,10.37861u
,,177.96k,9.134379u
,,177.98k,10.21192u
,,178k,10.02911u
,,178.02k,4.887404u
,,178.04k,2.514239u
,,178.06k,6.60216u
,,178.08k,7.436788u
,,178.1k,7.520254u
,,178.12k,11.54939u
,,178.14k,19.8173u
,,178.16k,25.22565u
,,178.18k,22.33234u
,,178.2k,18.17375u
,,178.22k,15.45664u
,,178.24k,14.17497u
,,178.26k,16.30429u
,,178.28k,19.1865u
,,178.3k,19.09193u
,,178.32k,18.94655u
,,178.34k,12.78288u
,,178.36k,5.024271u
,,178.38k,12.72316u
,,178.4k,22.47729u
,,178.42k,22.68849u
,,178.44k,17.61009u
,,178.46k,12.41488u
,,178.48k,10.44593u
,,178.5k,8.950616u
,,178.52k,7.812791u
,,178.54k,9.278755u
,,178.56k,12.33187u
,,178.58k,16.76243u
,,178.6k,15.96966u
,,178.62k,12.03287u
,,178.64k,9.209768u
,,178.66k,5.351495u
,,178.68k,5.134541u
,,178.7k,4.966993u
,,178.72k,5.974026u
,,178.74k,12.68102u
,,178.76k,13.50358u
,,178.78k,9.045916u
,,178.8k,6.74106u
,,178.82k,8.60297u
,,178.84k,11.5986u
,,178.86k,12.6806u
,,178.88k,14.12738u
,,178.9k,9.667731u
,,178.92k,9.882676u
,,178.94k,21.11817u
,,178.96k,23.00518u
,,178.98k,15.76808u
,,179k,5.524063u
,,179.02k,3.316277u
,,179.04k,10.89795u
,,179.06k,16.07939u
,,179.08k,12.63309u
,,179.1k,11.82364u
,,179.12k,18.14374u
,,179.14k,21.51567u
,,179.16k,22.30636u
,,179.18k,22.61021u
,,179.2k,21.02463u
,,179.22k,21.00061u
,,179.24k,22.29899u
,,179.26k,17.66317u
,,179.28k,5.846956u
,,179.3k,3.915765u
,,179.32k,9.244904u
,,179.34k,14.04011u
,,179.36k,21.05037u
,,179.38k,25.24069u
,,179.4k,25.80004u
,,179.42k,27.21313u
,,179.44k,28.07983u
,,179.46k,24.99905u
,,179.48k,18.37163u
,,179.5k,15.75588u
,,179.52k,18.38508u
,,179.54k,19.15823u
,,179.56k,17.27931u
,,179.58k,13.64667u
,,179.6k,11.91656u
,,179.62k,14.69834u
,,179.64k,13.17893u
,,179.66k,8.329738u
,,179.68k,13.00337u
,,179.7k,15.23768u
,,179.72k,16.6372u
,,179.74k,19.53796u
,,179.76k,21.72091u
,,179.78k,24.63344u
,,179.8k,24.17914u
,,179.82k,16.92264u
,,179.84k,13.91037u
,,179.86k,20.05173u
,,179.88k,23.77915u
,,179.9k,18.77574u
,,179.92k,15.32258u
,,179.94k,18.108u
,,179.96k,22.31105u
,,179.98k,27.87315u
,,180k,28.51805u
,,180.02k,22.30142u
,,180.04k,18.35525u
,,180.06k,15.88352u
,,180.08k,13.20851u
,,180.1k,13.63135u
,,180.12k,14.26554u
,,180.14k,16.38329u
,,180.16k,16.32009u
,,180.18k,15.43842u
,,180.2k,17.16976u
,,180.22k,20.26422u
,,180.24k,20.17297u
,,180.26k,19.80539u
,,180.28k,21.3645u
,,180.3k,19.91287u
,,180.32k,16.55757u
,,180.34k,14.06762u
,,180.36k,14.74133u
,,180.38k,18.86427u
,,180.4k,23.29236u
,,180.42k,20.47669u
,,180.44k,10.54031u
,,180.46k,4.767885u
,,180.48k,3.93476u
,,180.5k,6.307626u
,,180.52k,12.15505u
,,180.54k,16.29152u
,,180.56k,21.05664u
,,180.58k,23.24368u
,,180.6k,20.70542u
,,180.62k,18.27884u
,,180.64k,17.70625u
,,180.66k,16.94842u
,,180.68k,15.83259u
,,180.7k,14.42043u
,,180.72k,14.32951u
,,180.74k,20.93133u
,,180.76k,29.17754u
,,180.78k,32.62594u
,,180.8k,29.55446u
,,180.82k,25.02001u
,,180.84k,24.26001u
,,180.86k,24.57007u
,,180.88k,23.51687u
,,180.9k,23.32448u
,,180.92k,25.1376u
,,180.94k,28.01289u
,,180.96k,29.65166u
,,180.98k,29.04503u
,,181k,28.73859u
,,181.02k,26.99152u
,,181.04k,26.50162u
,,181.06k,33.97415u
,,181.08k,39.9824u
,,181.1k,35.75869u
,,181.12k,26.09942u
,,181.14k,21.78266u
,,181.16k,28.269u
,,181.18k,37.07431u
,,181.2k,41.85125u
,,181.22k,41.08651u
,,181.24k,36.90358u
,,181.26k,33.60107u
,,181.28k,28.46824u
,,181.3k,19.21466u
,,181.32k,15.24798u
,,181.34k,18.97428u
,,181.36k,21.16209u
,,181.38k,20.65884u
,,181.4k,20.50276u
,,181.42k,19.41024u
,,181.44k,21.65538u
,,181.46k,26.98741u
,,181.48k,31.61449u
,,181.5k,34.2296u
,,181.52k,30.84917u
,,181.54k,28.80701u
,,181.56k,34.59884u
,,181.58k,38.60736u
,,181.6k,39.85364u
,,181.62k,38.97248u
,,181.64k,33.93613u
,,181.66k,31.8664u
,,181.68k,34.31257u
,,181.7k,30.61349u
,,181.72k,26.54009u
,,181.74k,29.59693u
,,181.76k,35.84129u
,,181.78k,44.21296u
,,181.8k,46.51012u
,,181.82k,38.61125u
,,181.84k,30.39495u
,,181.86k,26.59651u
,,181.88k,31.26611u
,,181.9k,37.77591u
,,181.92k,37.6714u
,,181.94k,35.38647u
,,181.96k,37.31372u
,,181.98k,40.38759u
,,182k,40.37166u
,,182.02k,39.45237u
,,182.04k,39.90467u
,,182.06k,39.47544u
,,182.08k,36.20388u
,,182.1k,31.00209u
,,182.12k,26.82554u
,,182.14k,25.6151u
,,182.16k,32.64882u
,,182.18k,47.3295u
,,182.2k,56.20455u
,,182.22k,57.49627u
,,182.24k,57.49015u
,,182.26k,58.40801u
,,182.28k,56.62892u
,,182.3k,49.66649u
,,182.32k,45.02637u
,,182.34k,47.64125u
,,182.36k,49.84915u
,,182.38k,50.27012u
,,182.4k,50.39847u
,,182.42k,50.55781u
,,182.44k,52.40388u
,,182.46k,52.542u
,,182.48k,46.69573u
,,182.5k,42.54931u
,,182.52k,47.65391u
,,182.54k,51.37401u
,,182.56k,48.33684u
,,182.58k,50.61565u
,,182.6k,60.88027u
,,182.62k,67.67904u
,,182.64k,68.38402u
,,182.66k,69.90617u
,,182.68k,70.92255u
,,182.7k,65.45245u
,,182.72k,58.80407u
,,182.74k,58.02648u
,,182.76k,61.07722u
,,182.78k,65.18058u
,,182.8k,68.45114u
,,182.82k,70.45819u
,,182.84k,72.67832u
,,182.86k,70.30714u
,,182.88k,62.82857u
,,182.9k,60.1221u
,,182.92k,64.21048u
,,182.94k,72.2077u
,,182.96k,79.90406u
,,182.98k,78.04544u
,,183k,69.35781u
,,183.02k,64.15478u
,,183.04k,62.74514u
,,183.06k,63.78703u
,,183.08k,65.44053u
,,183.1k,65.3451u
,,183.12k,68.81901u
,,183.14k,73.51315u
,,183.16k,74.39012u
,,183.18k,76.2037u
,,183.2k,79.23026u
,,183.22k,83.45429u
,,183.24k,88.96116u
,,183.26k,89.79423u
,,183.28k,84.2993u
,,183.3k,78.08416u
,,183.32k,74.20181u
,,183.34k,75.18441u
,,183.36k,80.25537u
,,183.38k,85.27724u
,,183.4k,86.53608u
,,183.42k,86.72419u
,,183.44k,89.68514u
,,183.46k,91.45567u
,,183.48k,94.46099u
,,183.5k,98.46349u
,,183.52k,95.34836u
,,183.54k,92.23019u
,,183.56k,99.71224u
,,183.58k,110.8371u
,,183.6k,116.234u
,,183.62k,114.1443u
,,183.64k,110.7962u
,,183.66k,112.3868u
,,183.68k,114.8158u
,,183.7k,112.5758u
,,183.72k,107.5855u
,,183.74k,104.6793u
,,183.76k,106.798u
,,183.78k,112.9067u
,,183.8k,121.7171u
,,183.82k,128.2961u
,,183.84k,126.6548u
,,183.86k,125.9596u
,,183.88k,133.4299u
,,183.9k,137.4779u
,,183.92k,135.4488u
,,183.94k,136.5673u
,,183.96k,140.1391u
,,183.98k,140.2246u
,,184k,140.7306u
,,184.02k,145.6912u
,,184.04k,147.4614u
,,184.06k,145.7332u
,,184.08k,149.3058u
,,184.1k,156.6908u
,,184.12k,162.6326u
,,184.14k,167.0419u
,,184.16k,173.9343u
,,184.18k,184.1105u
,,184.2k,191.2137u
,,184.22k,193.8229u
,,184.24k,194.5806u
,,184.26k,196.2732u
,,184.28k,199.3318u
,,184.3k,199.6661u
,,184.32k,199.757u
,,184.34k,202.3344u
,,184.36k,203.9775u
,,184.38k,205.8277u
,,184.4k,210.4649u
,,184.42k,217.5192u
,,184.44k,224.0234u
,,184.46k,228.4953u
,,184.48k,233.3071u
,,184.5k,239.6167u
,,184.52k,248.0516u
,,184.54k,255.8128u
,,184.56k,263.0487u
,,184.58k,272.5122u
,,184.6k,278.1247u
,,184.62k,278.4886u
,,184.64k,279.2558u
,,184.66k,285.0435u
,,184.68k,296.8853u
,,184.7k,307.2492u
,,184.72k,310.0054u
,,184.74k,312.275u
,,184.76k,321.678u
,,184.78k,330.5619u
,,184.8k,335.8539u
,,184.82k,342.4152u
,,184.84k,348.5098u
,,184.86k,354.9068u
,,184.88k,360.7422u
,,184.9k,363.037u
,,184.92k,368.2181u
,,184.94k,377.1658u
,,184.96k,384.7123u
,,184.98k,390.8704u
,,185k,396.6501u
,,185.02k,401.0717u
,,185.04k,400.9382u
,,185.06k,400.4356u
,,185.08k,408.454u
,,185.1k,419.0155u
,,185.12k,422.919u
,,185.14k,426.4839u
,,185.16k,433.8397u
,,185.18k,441.8497u
,,185.2k,448.3077u
,,185.22k,451.8688u
,,185.24k,453.756u
,,185.26k,454.2136u
,,185.28k,453.9797u
,,185.3k,458.4806u
,,185.32k,464.726u
,,185.34k,463.0962u
,,185.36k,458.297u
,,185.38k,459.0947u
,,185.4k,463.9107u
,,185.42k,469.3607u
,,185.44k,471.5711u
,,185.46k,467.1337u
,,185.48k,463.0051u
,,185.5k,462.5709u
,,185.52k,459.9191u
,,185.54k,453.6227u
,,185.56k,445.4548u
,,185.58k,440.1121u
,,185.6k,439.9413u
,,185.62k,443.634u
,,185.64k,448.2277u
,,185.66k,447.4249u
,,185.68k,440.1117u
,,185.7k,431.6187u
,,185.72k,424.7967u
,,185.74k,421.2632u
,,185.76k,422.4972u
,,185.78k,427.1794u
,,185.8k,433.3494u
,,185.82k,434.5934u
,,185.84k,429.928u
,,185.86k,427.5455u
,,185.88k,425.5185u
,,185.9k,417.645u
,,185.92k,412.39u
,,185.94k,414.0869u
,,185.96k,410.2402u
,,185.98k,400.747u
,,186k,393.6793u
,,186.02k,387.1445u
,,186.04k,383.2012u
,,186.06k,385.144u
,,186.08k,387.0325u
,,186.1k,382.5342u
,,186.12k,375.2612u
,,186.14k,372.321u
,,186.16k,370.8768u
,,186.18k,366.2881u
,,186.2k,362.7418u
,,186.22k,361.3216u
,,186.24k,359.5143u
,,186.26k,356.714u
,,186.28k,350.2068u
,,186.3k,344.3742u
,,186.32k,343.1994u
,,186.34k,338.445u
,,186.36k,333.1869u
,,186.38k,334.3951u
,,186.4k,337.0393u
,,186.42k,336.0444u
,,186.44k,329.3217u
,,186.46k,319.0005u
,,186.48k,307.6979u
,,186.5k,301.7148u
,,186.52k,301.0215u
,,186.54k,297.357u
,,186.56k,292.7477u
,,186.58k,290.6815u
,,186.6k,290.4087u
,,186.62k,287.5928u
,,186.64k,281.6618u
,,186.66k,279.9947u
,,186.68k,278.9772u
,,186.7k,272.3303u
,,186.72k,264.4125u
,,186.74k,257.4999u
,,186.76k,254.0595u
,,186.78k,256.7731u
,,186.8k,258.8522u
,,186.82k,256.0971u
,,186.84k,255.1477u
,,186.86k,257.9184u
,,186.88k,257.3534u
,,186.9k,250.7216u
,,186.92k,244.7744u
,,186.94k,244.8238u
,,186.96k,246.0497u
,,186.98k,242.5099u
,,187k,237.9951u
,,187.02k,239.4356u
,,187.04k,242.3096u
,,187.06k,241.7276u
,,187.08k,241.1431u
,,187.1k,242.6327u
,,187.12k,244.6947u
,,187.14k,246.3331u
,,187.16k,247.1752u
,,187.18k,246.3185u
,,187.2k,246.7453u
,,187.22k,246.4409u
,,187.24k,243.6527u
,,187.26k,242.9005u
,,187.28k,242.826u
,,187.3k,244.1065u
,,187.32k,248.6376u
,,187.34k,252.1523u
,,187.36k,251.7987u
,,187.38k,252.9426u
,,187.4k,262.3846u
,,187.42k,273.3436u
,,187.44k,275.2998u
,,187.46k,271.4653u
,,187.48k,268.5047u
,,187.5k,267.5629u
,,187.52k,269.6061u
,,187.54k,273.5047u
,,187.56k,274.8146u
,,187.58k,273.8492u
,,187.6k,276.6526u
,,187.62k,284.3194u
,,187.64k,290.7145u
,,187.66k,292.0281u
,,187.68k,290.6309u
,,187.7k,286.7067u
,,187.72k,282.8285u
,,187.74k,284.9015u
,,187.76k,289.6794u
,,187.78k,290.9193u
,,187.8k,288.8656u
,,187.82k,287.5454u
,,187.84k,288.1032u
,,187.86k,290.6555u
,,187.88k,292.6412u
,,187.9k,289.3565u
,,187.92k,282.8307u
,,187.94k,276.2531u
,,187.96k,273.1452u
,,187.98k,277.6148u
,,188k,287.3618u
,,188.02k,294.6524u
,,188.04k,292.1389u
,,188.06k,283.9367u
,,188.08k,280.3215u
,,188.1k,280.7961u
,,188.12k,283.4081u
,,188.14k,291.3192u
,,188.16k,298.767u
,,188.18k,297.2263u
,,188.2k,292.2404u
,,188.22k,289.2347u
,,188.24k,288.4604u
,,188.26k,289.753u
,,188.28k,288.7851u
,,188.3k,286.5527u
,,188.32k,285.3153u
,,188.34k,279.3996u
,,188.36k,270.94u
,,188.38k,269.4068u
,,188.4k,273.2467u
,,188.42k,279.024u
,,188.44k,285.0296u
,,188.46k,284.4773u
,,188.48k,278.7312u
,,188.5k,274.3344u
,,188.52k,270.9433u
,,188.54k,268.5916u
,,188.56k,270.1635u
,,188.58k,271.0112u
,,188.6k,266.9333u
,,188.62k,267.5647u
,,188.64k,271.7316u
,,188.66k,269.2741u
,,188.68k,267.7167u
,,188.7k,271.8562u
,,188.72k,274.3742u
,,188.74k,272.2352u
,,188.76k,266.8023u
,,188.78k,262.086u
,,188.8k,260.492u
,,188.82k,258.3427u
,,188.84k,253.4201u
,,188.86k,248.606u
,,188.88k,249.5961u
,,188.9k,255.8454u
,,188.92k,259.2038u
,,188.94k,255.811u
,,188.96k,250.0555u
,,188.98k,245.584u
,,189k,241.8038u
,,189.02k,239.8861u
,,189.04k,238.8505u
,,189.06k,235.4798u
,,189.08k,232.9609u
,,189.1k,232.4681u
,,189.12k,233.325u
,,189.14k,235.708u
,,189.16k,233.2556u
,,189.18k,226.8554u
,,189.2k,225.4178u
,,189.22k,229.2035u
,,189.24k,233.1931u
,,189.26k,231.4166u
,,189.28k,221.8032u
,,189.3k,214.3161u
,,189.32k,214.4065u
,,189.34k,214.5857u
,,189.36k,216.2545u
,,189.38k,216.829u
,,189.4k,208.6778u
,,189.42k,201.4758u
,,189.44k,203.1225u
,,189.46k,206.9028u
,,189.48k,207.6705u
,,189.5k,206.6096u
,,189.52k,203.256u
,,189.54k,200.483u
,,189.56k,199.8628u
,,189.58k,196.405u
,,189.6k,190.5178u
,,189.62k,188.4789u
,,189.64k,190.9634u
,,189.66k,191.2397u
,,189.68k,190.9923u
,,189.7k,196.1264u
,,189.72k,201.4312u
,,189.74k,202.4499u
,,189.76k,199.0116u
,,189.78k,193.0708u
,,189.8k,190.0222u
,,189.82k,191.03u
,,189.84k,195.6609u
,,189.86k,198.8977u
,,189.88k,194.8095u
,,189.9k,187.9628u
,,189.92k,182.1516u
,,189.94k,181.0342u
,,189.96k,187.2504u
,,189.98k,193.0155u
,,190k,190.8694u
,,190.02k,185.4999u
,,190.04k,186.5045u
,,190.06k,189.6202u
,,190.08k,187.8171u
,,190.1k,186.4474u
,,190.12k,184.2517u
,,190.14k,178.9417u
,,190.16k,179.2875u
,,190.18k,186.066u
,,190.2k,192.9579u
,,190.22k,193.1896u
,,190.24k,184.5489u
,,190.26k,180.8308u
,,190.28k,188.7963u
,,190.3k,191.4946u
,,190.32k,184.588u
,,190.34k,184.044u
,,190.36k,188.1565u
,,190.38k,184.9907u
,,190.4k,179.6737u
,,190.42k,182.2839u
,,190.44k,189.6561u
,,190.46k,192.8817u
,,190.48k,190.3415u
,,190.5k,186.733u
,,190.52k,186.6738u
,,190.54k,189.288u
,,190.56k,190.2489u
,,190.58k,190.407u
,,190.6k,190.4435u
,,190.62k,186.8167u
,,190.64k,182.6419u
,,190.66k,180.2155u
,,190.68k,179.4825u
,,190.7k,184.449u
,,190.72k,190.6465u
,,190.74k,192.1687u
,,190.76k,193.5331u
,,190.78k,197.1809u
,,190.8k,197.5712u
,,190.82k,193.5774u
,,190.84k,190.3629u
,,190.86k,192.3089u
,,190.88k,197.9089u
,,190.9k,200.3014u
,,190.92k,197.1922u
,,190.94k,193.1059u
,,190.96k,193.1538u
,,190.98k,193.6782u
,,191k,188.9137u
,,191.02k,184.0049u
,,191.04k,186.856u
,,191.06k,194.1206u
,,191.08k,194.5455u
,,191.1k,191.6956u
,,191.12k,195.5341u
,,191.14k,201.6493u
,,191.16k,205.2166u
,,191.18k,204.3947u
,,191.2k,194.4813u
,,191.22k,188.2046u
,,191.24k,196.7701u
,,191.26k,199.2776u
,,191.28k,190.7698u
,,191.3k,186.9228u
,,191.32k,188.6526u
,,191.34k,191.6526u
,,191.36k,192.1481u
,,191.38k,189.9608u
,,191.4k,189.7012u
,,191.42k,189.727u
,,191.44k,186.4973u
,,191.46k,186.4554u
,,191.48k,189.4071u
,,191.5k,186.6834u
,,191.52k,182.625u
,,191.54k,183.1811u
,,191.56k,185.2379u
,,191.58k,188.3385u
,,191.6k,192.327u
,,191.62k,190.6221u
,,191.64k,185.8093u
,,191.66k,183.73u
,,191.68k,181.9308u
,,191.7k,182.8641u
,,191.72k,187.1975u
,,191.74k,186.7654u
,,191.76k,177.4486u
,,191.78k,169.2754u
,,191.8k,169.6733u
,,191.82k,169.2398u
,,191.84k,163.5294u
,,191.86k,155.8352u
,,191.88k,151.5542u
,,191.9k,153.8403u
,,191.92k,153.1697u
,,191.94k,147.8849u
,,191.96k,144.9334u
,,191.98k,143.0768u
,,192k,140.9338u
,,192.02k,140.1476u
,,192.04k,140.4351u
,,192.06k,137.517u
,,192.08k,131.4684u
,,192.1k,127.7465u
,,192.12k,127.2298u
,,192.14k,125.2387u
,,192.16k,119.647u
,,192.18k,112.4539u
,,192.2k,108.4742u
,,192.22k,109.2048u
,,192.24k,109.736u
,,192.26k,109.3478u
,,192.28k,109.9428u
,,192.3k,108.2201u
,,192.32k,102.132u
,,192.34k,97.97647u
,,192.36k,99.30748u
,,192.38k,101.5535u
,,192.4k,99.7636u
,,192.42k,92.60991u
,,192.44k,84.547u
,,192.46k,79.44188u
,,192.48k,75.51999u
,,192.5k,76.42814u
,,192.52k,79.05904u
,,192.54k,78.33821u
,,192.56k,78.91373u
,,192.58k,76.74599u
,,192.6k,69.27883u
,,192.62k,62.7193u
,,192.64k,60.63532u
,,192.66k,65.7243u
,,192.68k,70.84576u
,,192.7k,66.53677u
,,192.72k,60.29299u
,,192.74k,58.83817u
,,192.76k,57.30009u
,,192.78k,53.88053u
,,192.8k,53.42777u
,,192.82k,56.82142u
,,192.84k,58.41632u
,,192.86k,56.25462u
,,192.88k,53.02215u
,,192.9k,51.6717u
,,192.92k,51.73873u
,,192.94k,49.38554u
,,192.96k,45.55213u
,,192.98k,44.18846u
,,193k,47.50462u
,,193.02k,52.16445u
,,193.04k,51.51272u
,,193.06k,47.1123u
,,193.08k,43.31391u
,,193.1k,39.44316u
,,193.12k,36.27122u
,,193.14k,40.48966u
,,193.16k,49.21664u
,,193.18k,56.7311u
,,193.2k,61.59134u
,,193.22k,63.82359u
,,193.24k,63.5836u
,,193.26k,58.01251u
,,193.28k,50.81343u
,,193.3k,53.82981u
,,193.32k,66.7461u
,,193.34k,75.25153u
,,193.36k,75.53245u
,,193.38k,71.75265u
,,193.4k,63.9696u
,,193.42k,56.6885u
,,193.44k,56.48685u
,,193.46k,61.66924u
,,193.48k,67.40868u
,,193.5k,71.4069u
,,193.52k,71.9747u
,,193.54k,71.50354u
,,193.56k,70.45229u
,,193.58k,67.04517u
,,193.6k,65.49788u
,,193.62k,66.66585u
,,193.64k,68.33731u
,,193.66k,71.87838u
,,193.68k,78.45252u
,,193.7k,83.13918u
,,193.72k,77.89952u
,,193.74k,69.16458u
,,193.76k,67.20452u
,,193.78k,69.59481u
,,193.8k,71.55116u
,,193.82k,73.83666u
,,193.84k,75.42611u
,,193.86k,73.4912u
,,193.88k,70.09906u
,,193.9k,69.40092u
,,193.92k,74.37682u
,,193.94k,83.82578u
,,193.96k,89.6522u
,,193.98k,87.60266u
,,194k,84.99037u
,,194.02k,88.3135u
,,194.04k,92.70561u
,,194.06k,94.0748u
,,194.08k,90.26549u
,,194.1k,87.00927u
,,194.12k,88.00123u
,,194.14k,85.33852u
,,194.16k,82.61139u
,,194.18k,86.37115u
,,194.2k,93.24882u
,,194.22k,97.98946u
,,194.24k,95.90879u
,,194.26k,90.22779u
,,194.28k,87.88448u
,,194.3k,88.74257u
,,194.32k,90.22947u
,,194.34k,92.96225u
,,194.36k,94.4145u
,,194.38k,89.31257u
,,194.4k,85.58126u
,,194.42k,91.79282u
,,194.44k,98.84481u
,,194.46k,99.26666u
,,194.48k,95.30811u
,,194.5k,90.4104u
,,194.52k,86.79516u
,,194.54k,85.44029u
,,194.56k,85.07479u
,,194.58k,84.70285u
,,194.6k,85.75348u
,,194.62k,86.56884u
,,194.64k,89.40827u
,,194.66k,96.535u
,,194.68k,101.8188u
,,194.7k,100.8801u
,,194.72k,96.77155u
,,194.74k,92.12014u
,,194.76k,89.51314u
,,194.78k,92.33069u
,,194.8k,96.5608u
,,194.82k,94.65913u
,,194.84k,91.17315u
,,194.86k,89.7528u
,,194.88k,85.25106u
,,194.9k,79.56728u
,,194.92k,76.56835u
,,194.94k,78.3878u
,,194.96k,84.90819u
,,194.98k,87.74782u
,,195k,83.18873u
,,195.02k,78.30703u
,,195.04k,77.74756u
,,195.06k,77.46999u
,,195.08k,76.92431u
,,195.1k,80.10934u
,,195.12k,85.45926u
,,195.14k,88.8873u
,,195.16k,90.63837u
,,195.18k,89.28366u
,,195.2k,84.51518u
,,195.22k,80.30554u
,,195.24k,80.49822u
,,195.26k,86.98784u
,,195.28k,91.00515u
,,195.3k,89.93244u
,,195.32k,90.36941u
,,195.34k,89.94265u
,,195.36k,84.32126u
,,195.38k,76.60955u
,,195.4k,75.1583u
,,195.42k,80.74203u
,,195.44k,87.43215u
,,195.46k,89.01651u
,,195.48k,85.03495u
,,195.5k,80.24249u
,,195.52k,75.38408u
,,195.54k,72.09996u
,,195.56k,74.00046u
,,195.58k,76.42177u
,,195.6k,75.98019u
,,195.62k,77.0889u
,,195.64k,80.44145u
,,195.66k,81.85696u
,,195.68k,78.17459u
,,195.7k,69.79761u
,,195.72k,62.74424u
,,195.74k,62.88453u
,,195.76k,67.75834u
,,195.78k,70.65967u
,,195.8k,69.13731u
,,195.82k,65.85432u
,,195.84k,65.68235u
,,195.86k,68.45881u
,,195.88k,69.8999u
,,195.9k,70.17881u
,,195.92k,69.76959u
,,195.94k,69.83856u
,,195.96k,71.02249u
,,195.98k,68.82294u
,,196k,62.0713u
,,196.02k,58.56588u
,,196.04k,58.37795u
,,196.06k,56.96418u
,,196.08k,58.81897u
,,196.1k,60.36566u
,,196.12k,54.9258u
,,196.14k,49.87833u
,,196.16k,49.64056u
,,196.18k,51.18876u
,,196.2k,53.37754u
,,196.22k,55.67159u
,,196.24k,57.33861u
,,196.26k,55.97199u
,,196.28k,52.26493u
,,196.3k,51.37956u
,,196.32k,52.15838u
,,196.34k,48.99118u
,,196.36k,44.31806u
,,196.38k,43.60101u
,,196.4k,45.59698u
,,196.42k,45.54227u
,,196.44k,43.07571u
,,196.46k,38.38911u
,,196.48k,32.32694u
,,196.5k,28.16073u
,,196.52k,27.0195u
,,196.54k,26.16479u
,,196.56k,27.03764u
,,196.58k,31.44646u
,,196.6k,34.53857u
,,196.62k,35.26743u
,,196.64k,36.24184u
,,196.66k,34.50856u
,,196.68k,28.52276u
,,196.7k,23.86378u
,,196.72k,22.72258u
,,196.74k,22.39339u
,,196.76k,21.85059u
,,196.78k,21.86014u
,,196.8k,20.75877u
,,196.82k,22.26865u
,,196.84k,28.1067u
,,196.86k,30.65206u
,,196.88k,25.75477u
,,196.9k,17.92355u
,,196.92k,14.44007u
,,196.94k,14.96399u
,,196.96k,15.44103u
,,196.98k,13.76529u
,,197k,10.53564u
,,197.02k,9.354463u
,,197.04k,8.081727u
,,197.06k,10.38366u
,,197.08k,13.53824u
,,197.1k,14.49538u
,,197.12k,15.31405u
,,197.14k,15.76277u
,,197.16k,17.47415u
,,197.18k,17.45443u
,,197.2k,13.54999u
,,197.22k,13.67184u
,,197.24k,13.95084u
,,197.26k,9.615416u
,,197.28k,6.995093u
,,197.3k,9.740217u
,,197.32k,13.54478u
,,197.34k,16.87372u
,,197.36k,16.82073u
,,197.38k,12.64945u
,,197.4k,12.01398u
,,197.42k,13.53933u
,,197.44k,11.32026u
,,197.46k,8.509577u
,,197.48k,9.916919u
,,197.5k,12.90442u
,,197.52k,13.66455u
,,197.54k,14.06085u
,,197.56k,13.23986u
,,197.58k,8.763897u
,,197.6k,5.916422u
,,197.62k,6.652546u
,,197.64k,9.781919u
,,197.66k,14.88091u
,,197.68k,19.07933u
,,197.7k,17.57687u
,,197.72k,15.36461u
,,197.74k,17.45659u
,,197.76k,19.57367u
,,197.78k,19.36209u
,,197.8k,14.88409u
,,197.82k,7.5415u
,,197.84k,6.450983u
,,197.86k,14.25869u
,,197.88k,22.22277u
,,197.9k,24.63679u
,,197.92k,21.57131u
,,197.94k,15.93003u
,,197.96k,12.49522u
,,197.98k,13.51479u
,,198k,18.48861u
,,198.02k,22.40962u
,,198.04k,17.81274u
,,198.06k,11.89361u
,,198.08k,11.70534u
,,198.1k,13.35492u
,,198.12k,17.27993u
,,198.14k,22.43146u
,,198.16k,23.80006u
,,198.18k,22.61893u
,,198.2k,23.67399u
,,198.22k,24.55043u
,,198.24k,20.26619u
,,198.26k,13.51358u
,,198.28k,10.39568u
,,198.3k,13.52191u
,,198.32k,17.96u
,,198.34k,18.69994u
,,198.36k,21.72632u
,,198.38k,27.24871u
,,198.4k,27.52101u
,,198.42k,24.70311u
,,198.44k,26.29132u
,,198.46k,28.11048u
,,198.48k,28.36116u
,,198.5k,30.49941u
,,198.52k,31.2138u
,,198.54k,30.29762u
,,198.56k,31.3814u
,,198.58k,28.90616u
,,198.6k,23.55902u
,,198.62k,22.07276u
,,198.64k,22.12386u
,,198.66k,23.4395u
,,198.68k,26.77501u
,,198.7k,25.50957u
,,198.72k,22.64726u
,,198.74k,26.35202u
,,198.76k,31.2069u
,,198.78k,29.47532u
,,198.8k,23.83658u
,,198.82k,19.1292u
,,198.84k,18.72953u
,,198.86k,23.16558u
,,198.88k,29.46904u
,,198.9k,32.75193u
,,198.92k,30.5296u
,,198.94k,29.82374u
,,198.96k,33.31002u
,,198.98k,33.22252u
,,199k,29.09321u
,,199.02k,26.36359u
,,199.04k,26.5153u
,,199.06k,27.38853u
,,199.08k,26.44895u
,,199.1k,26.05051u
,,199.12k,26.64665u
,,199.14k,26.43316u
,,199.16k,25.21449u
,,199.18k,22.80741u
,,199.2k,21.57095u
,,199.22k,24.45585u
,,199.24k,28.32886u
,,199.26k,26.00596u
,,199.28k,18.35893u
,,199.3k,14.57785u
,,199.32k,20.98996u
,,199.34k,30.20363u
,,199.36k,30.88635u
,,199.38k,25.99934u
,,199.4k,24.01915u
,,199.42k,25.51882u
,,199.44k,28.05818u
,,199.46k,30.13769u
,,199.48k,29.22402u
,,199.5k,27.98877u
,,199.52k,26.24323u
,,199.54k,25.7334u
,,199.56k,27.83217u
,,199.58k,29.09198u
,,199.6k,27.82778u
,,199.62k,28.09689u
,,199.64k,30.02867u
,,199.66k,29.96092u
,,199.68k,25.24203u
,,199.7k,21.09144u
,,199.72k,21.13835u
,,199.74k,21.01529u
,,199.76k,21.05661u
,,199.78k,24.27298u
,,199.8k,27.38792u
,,199.82k,29.71741u
,,199.84k,30.58555u
,,199.86k,26.51853u
,,199.88k,21.75458u
,,199.9k,22.48907u
,,199.92k,25.27693u
,,199.94k,27.93013u
,,199.96k,28.1813u
,,199.98k,25.56644u
,,200k,23.57544u
,,200.02k,20.64225u
,,200.04k,17.97978u
,,200.06k,21.41873u
,,200.08k,28.29411u
,,200.1k,33.58432u
,,200.12k,33.03973u
,,200.14k,29.01442u
,,200.16k,29.2427u
,,200.18k,33.21716u
,,200.2k,34.68274u
,,200.22k,32.66235u
,,200.24k,32.38433u
,,200.26k,34.33686u
,,200.28k,32.75882u
,,200.3k,28.33186u
,,200.32k,26.39422u
,,200.34k,24.27885u
,,200.36k,22.82185u
,,200.38k,23.52089u
,,200.4k,25.04682u
,,200.42k,25.23879u
,,200.44k,22.95492u
,,200.46k,21.21464u
,,200.48k,22.5457u
,,200.5k,25.53148u
,,200.52k,29.17755u
,,200.54k,32.84971u
,,200.56k,35.04444u
,,200.58k,35.36708u
,,200.6k,34.5813u
,,200.62k,36.59958u
,,200.64k,40.03591u
,,200.66k,39.43852u
,,200.68k,35.00438u
,,200.7k,33.15929u
,,200.72k,35.00311u
,,200.74k,38.11786u
,,200.76k,37.50776u
,,200.78k,32.89955u
,,200.8k,33.58429u
,,200.82k,36.3949u
,,200.84k,37.55911u
,,200.86k,37.6903u
,,200.88k,33.88516u
,,200.9k,30.9683u
,,200.92k,32.80388u
,,200.94k,39.76081u
,,200.96k,48.94492u
,,200.98k,49.19764u
,,201k,43.76477u
,,201.02k,42.82577u
,,201.04k,42.48259u
,,201.06k,42.81819u
,,201.08k,47.78144u
,,201.1k,49.3525u
,,201.12k,45.9032u
,,201.14k,40.82526u
,,201.16k,35.91548u
,,201.18k,38.243u
,,201.2k,44.32263u
,,201.22k,46.07029u
,,201.24k,47.19725u
,,201.26k,49.75242u
,,201.28k,52.84912u
,,201.3k,56.3282u
,,201.32k,58.86319u
,,201.34k,60.32935u
,,201.36k,57.26796u
,,201.38k,53.51522u
,,201.4k,45.92301u
,,201.42k,38.79589u
,,201.44k,47.05031u
,,201.46k,63.09674u
,,201.48k,66.91376u
,,201.5k,59.64045u
,,201.52k,56.03246u
,,201.54k,63.50915u
,,201.56k,70.46534u
,,201.58k,68.60197u
,,201.6k,64.63079u
,,201.62k,65.43209u
,,201.64k,68.60528u
,,201.66k,68.25391u
,,201.68k,65.17991u
,,201.7k,61.05578u
,,201.72k,57.17695u
,,201.74k,56.92553u
,,201.76k,57.45981u
,,201.78k,56.81814u
,,201.8k,57.47686u
,,201.82k,59.5952u
,,201.84k,60.8744u
,,201.86k,61.20053u
,,201.88k,62.35943u
,,201.9k,62.81182u
,,201.92k,62.36623u
,,201.94k,65.24082u
,,201.96k,67.93312u
,,201.98k,64.85823u
,,202k,60.3776u
,,202.02k,60.20129u
,,202.04k,64.68633u
,,202.06k,70.69826u
,,202.08k,71.56389u
,,202.1k,68.35604u
,,202.12k,68.94598u
,,202.14k,75.10731u
,,202.16k,78.89767u
,,202.18k,76.78636u
,,202.2k,77.27002u
,,202.22k,80.62996u
,,202.24k,79.88481u
,,202.26k,77.48885u
,,202.28k,81.50774u
,,202.3k,86.49972u
,,202.32k,83.3893u
,,202.34k,79.66299u
,,202.36k,80.91174u
,,202.38k,81.73594u
,,202.4k,81.52761u
,,202.42k,81.04126u
,,202.44k,79.27741u
,,202.46k,81.0937u
,,202.48k,87.37808u
,,202.5k,91.32746u
,,202.52k,88.17935u
,,202.54k,82.71253u
,,202.56k,80.79504u
,,202.58k,79.65958u
,,202.6k,76.54354u
,,202.62k,74.23212u
,,202.64k,76.06773u
,,202.66k,79.82231u
,,202.68k,83.12938u
,,202.7k,82.23387u
,,202.72k,77.1015u
,,202.74k,75.31191u
,,202.76k,78.17219u
,,202.78k,80.66393u
,,202.8k,81.98666u
,,202.82k,83.03358u
,,202.84k,83.54111u
,,202.86k,82.08091u
,,202.88k,80.68598u
,,202.9k,80.33313u
,,202.92k,79.83071u
,,202.94k,82.04956u
,,202.96k,86.93683u
,,202.98k,89.70937u
,,203k,89.11033u
,,203.02k,88.06986u
,,203.04k,88.41588u
,,203.06k,89.89749u
,,203.08k,88.71615u
,,203.1k,85.77956u
,,203.12k,86.39431u
,,203.14k,86.17458u
,,203.16k,82.62565u
,,203.18k,82.64996u
,,203.2k,81.83861u
,,203.22k,77.73266u
,,203.24k,79.29132u
,,203.26k,82.23162u
,,203.28k,81.96184u
,,203.3k,80.25503u
,,203.32k,76.1295u
,,203.34k,73.4524u
,,203.36k,76.63589u
,,203.38k,81.95945u
,,203.4k,83.83862u
,,203.42k,87.92019u
,,203.44k,91.9132u
,,203.46k,90.33105u
,,203.48k,88.8378u
,,203.5k,89.58543u
,,203.52k,86.99106u
,,203.54k,79.23877u
,,203.56k,73.6244u
,,203.58k,73.03857u
,,203.6k,73.31486u
,,203.62k,76.70311u
,,203.64k,79.00593u
,,203.66k,75.37414u
,,203.68k,72.25191u
,,203.7k,70.88227u
,,203.72k,67.13539u
,,203.74k,64.36146u
,,203.76k,64.74682u
,,203.78k,66.3396u
,,203.8k,67.21348u
,,203.82k,66.06414u
,,203.84k,64.67418u
,,203.86k,64.8239u
,,203.88k,69.06579u
,,203.9k,75.9934u
,,203.92k,78.64826u
,,203.94k,77.469u
,,203.96k,80.31578u
,,203.98k,85.39924u
,,204k,88.81463u
,,204.02k,87.63245u
,,204.04k,81.11548u
,,204.06k,74.29937u
,,204.08k,71.55342u
,,204.1k,75.95648u
,,204.12k,81.91051u
,,204.14k,80.06672u
,,204.16k,75.16926u
,,204.18k,72.4227u
,,204.2k,74.00534u
,,204.22k,77.31481u
,,204.24k,75.16631u
,,204.26k,72.2426u
,,204.28k,73.53361u
,,204.3k,72.40548u
,,204.32k,70.36715u
,,204.34k,74.03479u
,,204.36k,77.83451u
,,204.38k,80.80103u
,,204.4k,85.71638u
,,204.42k,86.39227u
,,204.44k,81.03891u
,,204.46k,73.68392u
,,204.48k,66.28474u
,,204.5k,60.24858u
,,204.52k,57.8785u
,,204.54k,60.17287u
,,204.56k,62.40881u
,,204.58k,63.16013u
,,204.6k,69.51729u
,,204.62k,75.2903u
,,204.64k,70.65241u
,,204.66k,64.56887u
,,204.68k,64.61253u
,,204.7k,66.73941u
,,204.72k,68.94622u
,,204.74k,71.72363u
,,204.76k,74.45763u
,,204.78k,76.09323u
,,204.8k,72.4562u
,,204.82k,66.77933u
,,204.84k,65.77221u
,,204.86k,66.63205u
,,204.88k,64.47607u
,,204.9k,62.78571u
,,204.92k,65.06957u
,,204.94k,65.63248u
,,204.96k,65.41757u
,,204.98k,67.35865u
,,205k,64.90892u
,,205.02k,60.1058u
,,205.04k,59.83818u
,,205.06k,63.12323u
,,205.08k,65.37041u
,,205.1k,63.61681u
,,205.12k,60.52806u
,,205.14k,59.0883u
,,205.16k,57.06958u
,,205.18k,55.24505u
,,205.2k,55.10712u
,,205.22k,54.06614u
,,205.24k,51.5016u
,,205.26k,51.53983u
,,205.28k,55.29525u
,,205.3k,58.173u
,,205.32k,59.30164u
,,205.34k,61.31609u
,,205.36k,64.54663u
,,205.38k,70.46232u
,,205.4k,75.98188u
,,205.42k,74.7523u
,,205.44k,70.03284u
,,205.46k,70.16639u
,,205.48k,73.63264u
,,205.5k,74.5194u
,,205.52k,71.84064u
,,205.54k,67.81016u
,,205.56k,66.1814u
,,205.58k,66.13681u
,,205.6k,67.28422u
,,205.62k,67.53982u
,,205.64k,61.47738u
,,205.66k,51.78821u
,,205.68k,47.12367u
,,205.7k,51.23783u
,,205.72k,58.4514u
,,205.74k,62.12461u
,,205.76k,64.34377u
,,205.78k,65.09623u
,,205.8k,63.49779u
,,205.82k,58.92171u
,,205.84k,53.7997u
,,205.86k,55.61352u
,,205.88k,59.90734u
,,205.9k,60.10453u
,,205.92k,54.65411u
,,205.94k,49.69682u
,,205.96k,51.73575u
,,205.98k,52.92611u
,,206k,46.74891u
,,206.02k,39.20717u
,,206.04k,39.62417u
,,206.06k,46.08053u
,,206.08k,47.96908u
,,206.1k,46.77544u
,,206.12k,52.24618u
,,206.14k,59.67137u
,,206.16k,58.36005u
,,206.18k,53.80265u
,,206.2k,54.58602u
,,206.22k,59.48112u
,,206.24k,61.91186u
,,206.26k,59.80414u
,,206.28k,57.85182u
,,206.3k,58.93698u
,,206.32k,61.68552u
,,206.34k,63.62705u
,,206.36k,63.13244u
,,206.38k,62.75395u
,,206.4k,61.48354u
,,206.42k,60.41164u
,,206.44k,60.16398u
,,206.46k,57.8267u
,,206.48k,56.7198u
,,206.5k,53.94184u
,,206.52k,49.69567u
,,206.54k,52.41859u
,,206.56k,61.28685u
,,206.58k,67.79568u
,,206.6k,63.22601u
,,206.62k,54.05876u
,,206.64k,52.75408u
,,206.66k,58.39546u
,,206.68k,62.2688u
,,206.7k,62.71635u
,,206.72k,62.58501u
,,206.74k,58.88178u
,,206.76k,53.8737u
,,206.78k,50.44574u
,,206.8k,48.27785u
,,206.82k,50.70239u
,,206.84k,55.36819u
,,206.86k,55.53578u
,,206.88k,55.06769u
,,206.9k,60.43775u
,,206.92k,63.99035u
,,206.94k,55.6957u
,,206.96k,43.74685u
,,206.98k,41.86327u
,,207k,45.75225u
,,207.02k,46.4782u
,,207.04k,47.47308u
,,207.06k,53.3081u
,,207.08k,60.07364u
,,207.1k,57.23994u
,,207.12k,48.2735u
,,207.14k,48.06825u
,,207.16k,56.2941u
,,207.18k,65.52342u
,,207.2k,67.27042u
,,207.22k,56.92179u
,,207.24k,48.32337u
,,207.26k,50.82645u
,,207.28k,55.14416u
,,207.3k,52.67027u
,,207.32k,45.02618u
,,207.34k,41.70855u
,,207.36k,46.16355u
,,207.38k,53.04788u
,,207.4k,56.79551u
,,207.42k,54.23714u
,,207.44k,50.47062u
,,207.46k,47.63745u
,,207.48k,46.45209u
,,207.5k,51.2157u
,,207.52k,55.29877u
,,207.54k,51.46048u
,,207.56k,46.09086u
,,207.58k,48.43746u
,,207.6k,54.28254u
,,207.62k,51.64957u
,,207.64k,44.1203u
,,207.66k,39.69075u
,,207.68k,39.75883u
,,207.7k,45.25227u
,,207.72k,53.84202u
,,207.74k,57.69594u
,,207.76k,57.51418u
,,207.78k,56.08959u
,,207.8k,52.34854u
,,207.82k,48.62475u
,,207.84k,48.0078u
,,207.86k,50.60427u
,,207.88k,53.88675u
,,207.9k,53.2254u
,,207.92k,50.82808u
,,207.94k,52.51468u
,,207.96k,56.34225u
,,207.98k,58.40708u
,,208k,59.01849u
,,208.02k,58.94075u
,,208.04k,58.87281u
,,208.06k,56.85536u
,,208.08k,52.47262u
,,208.1k,49.49007u
,,208.12k,51.85197u
,,208.14k,54.50654u
,,208.16k,51.69267u
,,208.18k,47.05467u
,,208.2k,48.1826u
,,208.22k,51.38396u
,,208.24k,49.04033u
,,208.26k,45.70123u
,,208.28k,47.0776u
,,208.3k,51.54116u
,,208.32k,55.9716u
,,208.34k,56.94663u
,,208.36k,53.50698u
,,208.38k,50.06516u
,,208.4k,50.44865u
,,208.42k,54.71527u
,,208.44k,57.37542u
,,208.46k,54.25215u
,,208.48k,52.14353u
,,208.5k,54.39797u
,,208.52k,51.71936u
,,208.54k,45.39252u
,,208.56k,43.3017u
,,208.58k,49.91295u
,,208.6k,57.60273u
,,208.62k,58.68819u
,,208.64k,60.5909u
,,208.66k,64.66595u
,,208.68k,63.86049u
,,208.7k,57.7133u
,,208.72k,54.7219u
,,208.74k,57.84022u
,,208.76k,58.94463u
,,208.78k,54.52669u
,,208.8k,45.81683u
,,208.82k,42.83339u
,,208.84k,52.19275u
,,208.86k,64.17265u
,,208.88k,69.24471u
,,208.9k,64.27669u
,,208.92k,52.04935u
,,208.94k,44.09917u
,,208.96k,45.5312u
,,208.98k,49.35196u
,,209k,50.97889u
,,209.02k,51.5716u
,,209.04k,50.69348u
,,209.06k,49.51339u
,,209.08k,51.62649u
,,209.1k,57.83017u
,,209.12k,62.91295u
,,209.14k,62.78642u
,,209.16k,63.52328u
,,209.18k,65.24584u
,,209.2k,61.71188u
,,209.22k,55.27852u
,,209.24k,53.52114u
,,209.26k,55.51304u
,,209.28k,54.21959u
,,209.3k,49.43835u
,,209.32k,44.44072u
,,209.34k,44.83761u
,,209.36k,51.61485u
,,209.38k,57.46847u
,,209.4k,56.12618u
,,209.42k,51.34279u
,,209.44k,53.52962u
,,209.46k,60.85802u
,,209.48k,62.27132u
,,209.5k,59.53743u
,,209.52k,56.97257u
,,209.54k,52.38536u
,,209.56k,49.25327u
,,209.58k,51.86631u
,,209.6k,55.08116u
,,209.62k,56.92142u
,,209.64k,60.90337u
,,209.66k,61.36042u
,,209.68k,56.94587u
,,209.7k,56.65597u
,,209.72k,58.9378u
,,209.74k,58.52776u
,,209.76k,57.62844u
,,209.78k,57.06688u
,,209.8k,54.17047u
,,209.82k,51.52782u
,,209.84k,55.51538u
,,209.86k,60.01578u
,,209.88k,56.18756u
,,209.9k,50.35666u
,,209.92k,54.62564u
,,209.94k,63.06618u
,,209.96k,69.99475u
,,209.98k,75.20991u
,,210k,75.11155u
,,210.02k,71.96742u
,,210.04k,67.47602u
,,210.06k,62.51967u
,,210.08k,56.69035u
,,210.1k,48.59537u
,,210.12k,43.34675u
,,210.14k,46.12324u
,,210.16k,54.19283u
,,210.18k,59.43209u
,,210.2k,59.8619u
,,210.22k,58.85835u
,,210.24k,56.36283u
,,210.26k,53.75976u
,,210.28k,54.62458u
,,210.3k,57.54111u
,,210.32k,59.20892u
,,210.34k,55.60657u
,,210.36k,49.91686u
,,210.38k,52.43225u
,,210.4k,60.49224u
,,210.42k,62.59703u
,,210.44k,56.91442u
,,210.46k,50.87207u
,,210.48k,53.46948u
,,210.5k,58.74259u
,,210.52k,60.04762u
,,210.54k,60.39617u
,,210.56k,60.10852u
,,210.58k,57.52602u
,,210.6k,56.64807u
,,210.62k,59.12652u
,,210.64k,61.74667u
,,210.66k,62.60429u
,,210.68k,61.93726u
,,210.7k,62.03843u
,,210.72k,62.59604u
,,210.74k,61.44626u
,,210.76k,59.57897u
,,210.78k,57.98579u
,,210.8k,57.35351u
,,210.82k,58.00444u
,,210.84k,60.14149u
,,210.86k,60.69096u
,,210.88k,61.26909u
,,210.9k,62.16281u
,,210.92k,60.31391u
,,210.94k,58.16072u
,,210.96k,57.79617u
,,210.98k,54.93643u
,,211k,49.02439u
,,211.02k,45.13895u
,,211.04k,48.64596u
,,211.06k,57.6126u
,,211.08k,63.34558u
,,211.1k,62.53443u
,,211.12k,59.24284u
,,211.14k,55.21272u
,,211.16k,52.81285u
,,211.18k,54.60474u
,,211.2k,58.35719u
,,211.22k,58.68031u
,,211.24k,56.15137u
,,211.26k,55.32805u
,,211.28k,53.66356u
,,211.3k,50.28387u
,,211.32k,48.44397u
,,211.34k,51.86503u
,,211.36k,59.09519u
,,211.38k,63.17608u
,,211.4k,62.36612u
,,211.42k,60.78772u
,,211.44k,59.38296u
,,211.46k,58.40694u
,,211.48k,62.059u
,,211.5k,70.65697u
,,211.52k,77.25318u
,,211.54k,74.98273u
,,211.56k,70.67363u
,,211.58k,70.96141u
,,211.6k,70.73649u
,,211.62k,67.46711u
,,211.64k,66.75742u
,,211.66k,69.54952u
,,211.68k,71.0459u
,,211.7k,69.3628u
,,211.72k,67.57742u
,,211.74k,67.24355u
,,211.76k,66.08664u
,,211.78k,65.052u
,,211.8k,66.43525u
,,211.82k,66.07503u
,,211.84k,61.58662u
,,211.86k,58.99169u
,,211.88k,57.31659u
,,211.9k,52.39495u
,,211.92k,49.83536u
,,211.94k,51.46229u
,,211.96k,51.44963u
,,211.98k,51.53485u
,,212k,55.03206u
,,212.02k,59.93256u
,,212.04k,63.07451u
,,212.06k,65.03681u
,,212.08k,68.57049u
,,212.1k,73.23954u
,,212.12k,74.15937u
,,212.14k,72.84003u
,,212.16k,72.96474u
,,212.18k,68.48595u
,,212.2k,62.41914u
,,212.22k,62.96011u
,,212.24k,66.49935u
,,212.26k,69.46851u
,,212.28k,71.86104u
,,212.3k,72.90597u
,,212.32k,68.71086u
,,212.34k,62.7486u
,,212.36k,60.39049u
,,212.38k,64.14539u
,,212.4k,69.7422u
,,212.42k,70.43892u
,,212.44k,67.74673u
,,212.46k,61.25749u
,,212.48k,53.50623u
,,212.5k,53.56761u
,,212.52k,59.88615u
,,212.54k,64.16157u
,,212.56k,63.93471u
,,212.58k,61.95331u
,,212.6k,63.97608u
,,212.62k,69.53009u
,,212.64k,72.02384u
,,212.66k,70.55176u
,,212.68k,65.51187u
,,212.7k,56.9072u
,,212.72k,51.08412u
,,212.74k,54.25311u
,,212.76k,59.80605u
,,212.78k,61.23193u
,,212.8k,60.70002u
,,212.82k,58.3234u
,,212.84k,58.00353u
,,212.86k,60.24321u
,,212.88k,61.41728u
,,212.9k,61.52458u
,,212.92k,60.03267u
,,212.94k,59.7297u
,,212.96k,63.81904u
,,212.98k,67.33075u
,,213k,65.41784u
,,213.02k,61.24057u
,,213.04k,59.34205u
,,213.06k,60.93897u
,,213.08k,63.02995u
,,213.1k,66.2182u
,,213.12k,69.79079u
,,213.14k,69.33062u
,,213.16k,67.30861u
,,213.18k,68.765u
,,213.2k,72.48225u
,,213.22k,71.86868u
,,213.24k,67.03928u
,,213.26k,65.2886u
,,213.28k,66.65687u
,,213.3k,64.98793u
,,213.32k,60.96749u
,,213.34k,61.90826u
,,213.36k,62.2528u
,,213.38k,59.30876u
,,213.4k,60.76223u
,,213.42k,66.16325u
,,213.44k,69.19749u
,,213.46k,70.95331u
,,213.48k,69.22552u
,,213.5k,66.94523u
,,213.52k,68.10967u
,,213.54k,67.30906u
,,213.56k,64.03618u
,,213.58k,63.77609u
,,213.6k,64.58403u
,,213.62k,63.96423u
,,213.64k,65.37166u
,,213.66k,65.51695u
,,213.68k,62.6711u
,,213.7k,60.79789u
,,213.72k,63.45814u
,,213.74k,68.04107u
,,213.76k,67.25597u
,,213.78k,61.76568u
,,213.8k,58.18811u
,,213.82k,58.75563u
,,213.84k,62.93408u
,,213.86k,66.28204u
,,213.88k,66.21936u
,,213.9k,64.19004u
,,213.92k,60.08429u
,,213.94k,57.74406u
,,213.96k,57.23544u
,,213.98k,56.0362u
,,214k,57.43106u
,,214.02k,58.97989u
,,214.04k,60.35336u
,,214.06k,62.64759u
,,214.08k,63.21017u
,,214.1k,62.67286u
,,214.12k,60.76218u
,,214.14k,59.78674u
,,214.16k,61.11872u
,,214.18k,62.39449u
,,214.2k,64.03195u
,,214.22k,68.53624u
,,214.24k,72.85956u
,,214.26k,72.59353u
,,214.28k,70.1542u
,,214.3k,68.04535u
,,214.32k,64.56669u
,,214.34k,62.41518u
,,214.36k,64.01495u
,,214.38k,64.46515u
,,214.4k,61.30749u
,,214.42k,61.01722u
,,214.44k,64.47793u
,,214.46k,63.649u
,,214.48k,61.58968u
,,214.5k,61.20084u
,,214.52k,60.97121u
,,214.54k,62.19759u
,,214.56k,60.51347u
,,214.58k,56.60335u
,,214.6k,55.33845u
,,214.62k,55.35545u
,,214.64k,55.55191u
,,214.66k,52.93895u
,,214.68k,49.44279u
,,214.7k,53.69945u
,,214.72k,61.88734u
,,214.74k,62.8962u
,,214.76k,56.01995u
,,214.78k,52.81899u
,,214.8k,59.88341u
,,214.82k,67.21734u
,,214.84k,68.60606u
,,214.86k,65.2048u
,,214.88k,57.75226u
,,214.9k,55.08983u
,,214.92k,60.27522u
,,214.94k,64.70064u
,,214.96k,63.30507u
,,214.98k,61.14462u
,,215k,63.23722u
,,215.02k,67.4034u
,,215.04k,69.05972u
,,215.06k,65.92101u
,,215.08k,60.46531u
,,215.1k,58.35378u
,,215.12k,61.17952u
,,215.14k,64.19437u
,,215.16k,64.51824u
,,215.18k,62.41728u
,,215.2k,61.60101u
,,215.22k,63.94999u
,,215.24k,65.52673u
,,215.26k,63.55188u
,,215.28k,63.11227u
,,215.3k,64.09998u
,,215.32k,63.69212u
,,215.34k,64.06141u
,,215.36k,63.99391u
,,215.38k,62.88153u
,,215.4k,63.8167u
,,215.42k,66.36496u
,,215.44k,65.69267u
,,215.46k,63.12424u
,,215.48k,61.5378u
,,215.5k,61.75486u
,,215.52k,65.46105u
,,215.54k,66.60309u
,,215.56k,62.25951u
,,215.58k,59.9851u
,,215.6k,61.86682u
,,215.62k,65.52886u
,,215.64k,70.70519u
,,215.66k,72.90623u
,,215.68k,70.83929u
,,215.7k,70.04221u
,,215.72k,69.41371u
,,215.74k,63.22284u
,,215.76k,53.98606u
,,215.78k,50.75948u
,,215.8k,52.80794u
,,215.82k,53.89529u
,,215.84k,54.17782u
,,215.86k,54.69845u
,,215.88k,56.21045u
,,215.9k,58.00808u
,,215.92k,59.09996u
,,215.94k,60.36195u
,,215.96k,62.94477u
,,215.98k,64.13446u
,,216k,62.48137u
,,216.02k,61.4946u
,,216.04k,62.90453u
,,216.06k,64.07134u
,,216.08k,62.33743u
,,216.1k,58.48195u
,,216.12k,54.67567u
,,216.14k,52.80178u
,,216.16k,51.05012u
,,216.18k,51.80825u
,,216.2k,59.86993u
,,216.22k,64.90371u
,,216.24k,61.79099u
,,216.26k,60.75143u
,,216.28k,62.68817u
,,216.3k,62.23962u
,,216.32k,59.27744u
,,216.34k,55.44161u
,,216.36k,52.97377u
,,216.38k,53.02173u
,,216.4k,55.49209u
,,216.42k,58.31729u
,,216.44k,59.65522u
,,216.46k,59.23118u
,,216.48k,58.04251u
,,216.5k,57.24561u
,,216.52k,57.35463u
,,216.54k,58.2968u
,,216.56k,59.70139u
,,216.58k,61.92372u
,,216.6k,62.87409u
,,216.62k,62.06415u
,,216.64k,60.26888u
,,216.66k,56.72402u
,,216.68k,55.04419u
,,216.7k,57.72264u
,,216.72k,64.01456u
,,216.74k,68.60318u
,,216.76k,66.02761u
,,216.78k,57.76376u
,,216.8k,55.11826u
,,216.82k,58.98803u
,,216.84k,61.91774u
,,216.86k,63.70397u
,,216.88k,64.24957u
,,216.9k,62.52787u
,,216.92k,61.19685u
,,216.94k,61.72658u
,,216.96k,60.2161u
,,216.98k,55.99047u
,,217k,53.04622u
,,217.02k,55.53431u
,,217.04k,64.95771u
,,217.06k,73.27255u
,,217.08k,69.52183u
,,217.1k,58.5433u
,,217.12k,54.14476u
,,217.14k,56.57242u
,,217.16k,61.07594u
,,217.18k,66.21046u
,,217.2k,68.85265u
,,217.22k,68.50865u
,,217.24k,65.79466u
,,217.26k,63.93127u
,,217.28k,65.74351u
,,217.3k,65.26678u
,,217.32k,61.2486u
,,217.34k,60.18875u
,,217.36k,61.03673u
,,217.38k,60.93098u
,,217.4k,60.54134u
,,217.42k,62.65188u
,,217.44k,65.82044u
,,217.46k,66.71059u
,,217.48k,64.92523u
,,217.5k,63.50546u
,,217.52k,64.91281u
,,217.54k,66.67827u
,,217.56k,67.35672u
,,217.58k,67.65355u
,,217.6k,67.99927u
,,217.62k,68.29571u
,,217.64k,66.25711u
,,217.66k,63.57878u
,,217.68k,61.01516u
,,217.7k,56.82475u
,,217.72k,52.85486u
,,217.74k,53.76391u
,,217.76k,56.55359u
,,217.78k,56.84896u
,,217.8k,55.74377u
,,217.82k,55.90784u
,,217.84k,59.5469u
,,217.86k,63.19557u
,,217.88k,65.09885u
,,217.9k,66.34935u
,,217.92k,63.76522u
,,217.94k,57.60349u
,,217.96k,54.89372u
,,217.98k,61.17122u
,,218k,68.72897u
,,218.02k,68.46774u
,,218.04k,63.3474u
,,218.06k,59.77667u
,,218.08k,62.02707u
,,218.1k,67.05821u
,,218.12k,65.6516u
,,218.14k,59.37544u
,,218.16k,57.81133u
,,218.18k,61.46969u
,,218.2k,64.38304u
,,218.22k,62.88289u
,,218.24k,61.96437u
,,218.26k,63.66432u
,,218.28k,63.64044u
,,218.3k,64.06067u
,,218.32k,67.03442u
,,218.34k,66.26379u
,,218.36k,61.55823u
,,218.38k,61.44819u
,,218.4k,64.80216u
,,218.42k,64.88987u
,,218.44k,62.17602u
,,218.46k,58.51111u
,,218.48k,55.56152u
,,218.5k,55.15193u
,,218.52k,55.91297u
,,218.54k,55.06498u
,,218.56k,54.70578u
,,218.58k,57.93745u
,,218.6k,62.18448u
,,218.62k,64.3317u
,,218.64k,64.8721u
,,218.66k,62.83672u
,,218.68k,56.25178u
,,218.7k,51.24193u
,,218.72k,51.93565u
,,218.74k,55.35737u
,,218.76k,56.81901u
,,218.78k,55.44986u
,,218.8k,56.40766u
,,218.82k,59.88026u
,,218.84k,61.75392u
,,218.86k,60.77152u
,,218.88k,56.39263u
,,218.9k,51.83892u
,,218.92k,52.39098u
,,218.94k,56.42346u
,,218.96k,59.68906u
,,218.98k,59.67763u
,,219k,59.73332u
,,219.02k,60.83295u
,,219.04k,58.36442u
,,219.06k,57.06738u
,,219.08k,60.33788u
,,219.1k,57.65749u
,,219.12k,48.07739u
,,219.14k,45.26129u
,,219.16k,50.29811u
,,219.18k,53.13973u
,,219.2k,53.03532u
,,219.22k,53.54399u
,,219.24k,56.33663u
,,219.26k,57.35073u
,,219.28k,54.78009u
,,219.3k,53.21833u
,,219.32k,51.75964u
,,219.34k,50.70505u
,,219.36k,55.36413u
,,219.38k,60.48594u
,,219.4k,60.99348u
,,219.42k,61.50165u
,,219.44k,63.35467u
,,219.46k,60.36162u
,,219.48k,53.4056u
,,219.5k,49.52033u
,,219.52k,49.03563u
,,219.54k,50.49758u
,,219.56k,54.76909u
,,219.58k,59.62478u
,,219.6k,63.67484u
,,219.62k,67.82789u
,,219.64k,70.12396u
,,219.66k,66.28904u
,,219.68k,59.97007u
,,219.7k,56.34799u
,,219.72k,52.09332u
,,219.74k,47.75626u
,,219.76k,48.42033u
,,219.78k,54.22465u
,,219.8k,59.05347u
,,219.82k,59.61651u
,,219.84k,59.93295u
,,219.86k,61.19261u
,,219.88k,60.66217u
,,219.9k,56.97365u
,,219.92k,54.75187u
,,219.94k,58.09075u
,,219.96k,62.48489u
,,219.98k,64.68442u
,,220k,64.13006u
,,220.02k,56.84508u
,,220.04k,46.63177u
,,220.06k,44.94445u
,,220.08k,50.51983u
,,220.1k,53.66594u
,,220.12k,50.97453u
,,220.14k,47.44658u
,,220.16k,51.74229u
,,220.18k,59.14317u
,,220.2k,57.32296u
,,220.22k,50.56048u
,,220.24k,50.86712u
,,220.26k,56.5051u
,,220.28k,59.41367u
,,220.3k,58.41476u
,,220.32k,57.98258u
,,220.34k,58.08049u
,,220.36k,57.37112u
,,220.38k,56.41147u
,,220.4k,56.14691u
,,220.42k,55.21667u
,,220.44k,51.89577u
,,220.46k,49.59752u
,,220.48k,49.22711u
,,220.5k,48.67266u
,,220.52k,45.49847u
,,220.54k,44.63461u
,,220.56k,50.87627u
,,220.58k,56.75559u
,,220.6k,59.04433u
,,220.62k,57.24962u
,,220.64k,50.11454u
,,220.66k,44.07491u
,,220.68k,44.42723u
,,220.7k,44.9404u
,,220.72k,43.71008u
,,220.74k,45.05342u
,,220.76k,46.37769u
,,220.78k,43.99801u
,,220.8k,44.51086u
,,220.82k,49.88491u
,,220.84k,51.67383u
,,220.86k,51.90003u
,,220.88k,54.51895u
,,220.9k,52.5839u
,,220.92k,47.61261u
,,220.94k,48.83845u
,,220.96k,55.30274u
,,220.98k,58.06362u
,,221k,52.83426u
,,221.02k,48.63511u
,,221.04k,51.07295u
,,221.06k,52.33801u
,,221.08k,51.51894u
,,221.1k,55.0087u
,,221.12k,60.03713u
,,221.14k,60.80223u
,,221.16k,57.18959u
,,221.18k,52.23948u
,,221.2k,51.55847u
,,221.22k,54.8428u
,,221.24k,56.23494u
,,221.26k,57.58604u
,,221.28k,62.01805u
,,221.3k,61.59069u
,,221.32k,52.29349u
,,221.34k,43.53162u
,,221.36k,44.2236u
,,221.38k,53.32022u
,,221.4k,60.59173u
,,221.42k,60.02808u
,,221.44k,57.45211u
,,221.46k,56.57104u
,,221.48k,54.35845u
,,221.5k,51.54447u
,,221.52k,50.55874u
,,221.54k,51.24327u
,,221.56k,52.38482u
,,221.58k,53.99652u
,,221.6k,53.92682u
,,221.62k,53.76381u
,,221.64k,55.20536u
,,221.66k,54.66586u
,,221.68k,52.42403u
,,221.7k,53.0675u
,,221.72k,55.26242u
,,221.74k,52.93566u
,,221.76k,48.65755u
,,221.78k,48.08298u
,,221.8k,49.08205u
,,221.82k,49.03428u
,,221.84k,47.04124u
,,221.86k,43.93622u
,,221.88k,44.64013u
,,221.9k,49.37706u
,,221.92k,54.43955u
,,221.94k,57.9637u
,,221.96k,58.07849u
,,221.98k,53.33855u
,,222k,49.50747u
,,222.02k,50.87624u
,,222.04k,51.44171u
,,222.06k,51.45395u
,,222.08k,54.77753u
,,222.1k,56.6807u
,,222.12k,55.88528u
,,222.14k,56.57588u
,,222.16k,57.77997u
,,222.18k,55.05746u
,,222.2k,48.53654u
,,222.22k,44.7311u
,,222.24k,45.49551u
,,222.26k,46.58341u
,,222.28k,46.04041u
,,222.3k,45.00304u
,,222.32k,44.51102u
,,222.34k,46.01162u
,,222.36k,50.10507u
,,222.38k,55.05096u
,,222.4k,56.28237u
,,222.42k,53.82236u
,,222.44k,54.94278u
,,222.46k,59.57808u
,,222.48k,58.9824u
,,222.5k,54.47979u
,,222.52k,52.39781u
,,222.54k,51.14884u
,,222.56k,51.89227u
,,222.58k,55.5221u
,,222.6k,53.78475u
,,222.62k,48.35897u
,,222.64k,48.35992u
,,222.66k,52.50647u
,,222.68k,54.71865u
,,222.7k,51.89633u
,,222.72k,46.94652u
,,222.74k,45.77776u
,,222.76k,48.35069u
,,222.78k,51.68116u
,,222.8k,54.23083u
,,222.82k,56.63297u
,,222.84k,57.32994u
,,222.86k,52.46987u
,,222.88k,47.45686u
,,222.9k,48.25044u
,,222.92k,52.6171u
,,222.94k,55.41919u
,,222.96k,56.67184u
,,222.98k,55.6121u
,,223k,52.02039u
,,223.02k,50.40597u
,,223.04k,51.64087u
,,223.06k,51.65182u
,,223.08k,50.05561u
,,223.1k,50.52559u
,,223.12k,50.69179u
,,223.14k,50.01376u
,,223.16k,49.16371u
,,223.18k,49.28398u
,,223.2k,50.15863u
,,223.22k,50.59649u
,,223.24k,51.42388u
,,223.26k,52.37013u
,,223.28k,52.2106u
,,223.3k,51.50343u
,,223.32k,53.71848u
,,223.34k,58.98802u
,,223.36k,62.49167u
,,223.38k,63.15915u
,,223.4k,61.4722u
,,223.42k,55.17799u
,,223.44k,48.52219u
,,223.46k,48.20436u
,,223.48k,52.44246u
,,223.5k,55.83965u
,,223.52k,56.45059u
,,223.54k,56.67601u
,,223.56k,57.25459u
,,223.58k,58.01591u
,,223.6k,59.06492u
,,223.62k,56.23462u
,,223.64k,51.90724u
,,223.66k,51.0411u
,,223.68k,50.76035u
,,223.7k,48.97241u
,,223.72k,50.05419u
,,223.74k,55.43951u
,,223.76k,58.48048u
,,223.78k,57.0207u
,,223.8k,55.72469u
,,223.82k,54.32134u
,,223.84k,50.72467u
,,223.86k,48.63193u
,,223.88k,50.30757u
,,223.9k,53.76269u
,,223.92k,58.33351u
,,223.94k,60.00003u
,,223.96k,56.03312u
,,223.98k,51.01668u
,,224k,49.38024u
,,224.02k,50.21279u
,,224.04k,51.71804u
,,224.06k,54.37711u
,,224.08k,56.56024u
,,224.1k,55.71238u
,,224.12k,55.90378u
,,224.14k,59.27561u
,,224.16k,60.42857u
,,224.18k,59.72377u
,,224.2k,59.97636u
,,224.22k,58.15295u
,,224.24k,54.79152u
,,224.26k,51.22659u
,,224.28k,49.34603u
,,224.3k,49.87036u
,,224.32k,52.47171u
,,224.34k,55.48159u
,,224.36k,57.09137u
,,224.38k,57.92286u
,,224.4k,58.25125u
,,224.42k,57.81898u
,,224.44k,57.96309u
,,224.46k,57.53175u
,,224.48k,57.0872u
,,224.5k,58.40073u
,,224.52k,58.38347u
,,224.54k,56.84179u
,,224.56k,55.37258u
,,224.58k,52.03454u
,,224.6k,47.98233u
,,224.62k,48.53904u
,,224.64k,54.64701u
,,224.66k,60.05101u
,,224.68k,60.59975u
,,224.7k,60.30822u
,,224.72k,61.23864u
,,224.74k,59.87874u
,,224.76k,57.15807u
,,224.78k,55.98963u
,,224.8k,57.46052u
,,224.82k,62.43898u
,,224.84k,65.73118u
,,224.86k,63.59343u
,,224.88k,62.49745u
,,224.9k,66.24052u
,,224.92k,69.76902u
,,224.94k,68.05371u
,,224.96k,63.21087u
,,224.98k,62.12574u
,,225k,63.13992u
,,225.02k,62.6787u
,,225.04k,59.52459u
,,225.06k,55.06936u
,,225.08k,53.58341u
,,225.1k,55.9408u
,,225.12k,60.48273u
,,225.14k,64.48024u
,,225.16k,66.07459u
,,225.18k,63.15809u
,,225.2k,58.15086u
,,225.22k,55.14196u
,,225.24k,55.39905u
,,225.26k,58.62265u
,,225.28k,60.33119u
,,225.3k,60.01254u
,,225.32k,61.63047u
,,225.34k,64.34076u
,,225.36k,62.81022u
,,225.38k,60.75041u
,,225.4k,64.35499u
,,225.42k,66.98306u
,,225.44k,64.4197u
,,225.46k,62.57238u
,,225.48k,64.0169u
,,225.5k,67.6591u
,,225.52k,70.1566u
,,225.54k,69.09883u
,,225.56k,70.45365u
,,225.58k,77.62378u
,,225.6k,81.2008u
,,225.62k,74.30441u
,,225.64k,64.90497u
,,225.66k,61.44497u
,,225.68k,62.4518u
,,225.7k,64.95645u
,,225.72k,67.22371u
,,225.74k,67.16471u
,,225.76k,66.52526u
,,225.78k,67.12213u
,,225.8k,68.14762u
,,225.82k,68.24405u
,,225.84k,68.13802u
,,225.86k,70.37519u
,,225.88k,71.94219u
,,225.9k,70.2795u
,,225.92k,66.12669u
,,225.94k,61.64414u
,,225.96k,61.6089u
,,225.98k,65.37414u
,,226k,68.70968u
,,226.02k,70.38232u
,,226.04k,71.01942u
,,226.06k,69.05568u
,,226.08k,64.84868u
,,226.1k,61.39814u
,,226.12k,56.9977u
,,226.14k,50.54696u
,,226.16k,48.8377u
,,226.18k,55.45554u
,,226.2k,65.35889u
,,226.22k,69.49117u
,,226.24k,64.33238u
,,226.26k,59.6482u
,,226.28k,60.10743u
,,226.3k,59.91583u
,,226.32k,59.72658u
,,226.34k,61.2527u
,,226.36k,63.96771u
,,226.38k,68.57214u
,,226.4k,70.1384u
,,226.42k,65.09336u
,,226.44k,60.64667u
,,226.46k,62.53725u
,,226.48k,63.97099u
,,226.5k,59.90183u
,,226.52k,57.73247u
,,226.54k,61.27755u
,,226.56k,62.50415u
,,226.58k,58.63089u
,,226.6k,53.40067u
,,226.62k,49.67576u
,,226.64k,46.2756u
,,226.66k,42.44489u
,,226.68k,43.5159u
,,226.7k,47.06279u
,,226.72k,45.03966u
,,226.74k,42.66829u
,,226.76k,44.71578u
,,226.78k,47.21894u
,,226.8k,49.23119u
,,226.82k,50.75563u
,,226.84k,48.90143u
,,226.86k,44.24805u
,,226.88k,42.22975u
,,226.9k,44.45111u
,,226.92k,46.10375u
,,226.94k,47.08514u
,,226.96k,48.14455u
,,226.98k,47.53228u
,,227k,47.44894u
,,227.02k,48.10448u
,,227.04k,49.7268u
,,227.06k,52.81556u
,,227.08k,53.25815u
,,227.1k,50.78871u
,,227.12k,49.05851u
,,227.14k,47.48542u
,,227.16k,44.73482u
,,227.18k,42.52338u
,,227.2k,44.6537u
,,227.22k,48.61249u
,,227.24k,49.2722u
,,227.26k,46.24293u
,,227.28k,40.9036u
,,227.3k,39.9982u
,,227.32k,43.29718u
,,227.34k,45.25191u
,,227.36k,49.09797u
,,227.38k,54.85172u
,,227.4k,57.46799u
,,227.42k,54.02352u
,,227.44k,48.09991u
,,227.46k,46.91319u
,,227.48k,49.78763u
,,227.5k,52.43683u
,,227.52k,51.48072u
,,227.54k,48.28892u
,,227.56k,47.84354u
,,227.58k,49.44442u
,,227.6k,46.24092u
,,227.62k,41.58428u
,,227.64k,42.37257u
,,227.66k,45.1292u
,,227.68k,46.68388u
,,227.7k,47.6439u
,,227.72k,47.08709u
,,227.74k,48.02174u
,,227.76k,50.08006u
,,227.78k,52.27728u
,,227.8k,52.99544u
,,227.82k,47.86244u
,,227.84k,42.98532u
,,227.86k,42.91565u
,,227.88k,41.80221u
,,227.9k,42.80213u
,,227.92k,46.83476u
,,227.94k,49.71191u
,,227.96k,51.76591u
,,227.98k,50.91718u
,,228k,47.12459u
,,228.02k,44.26274u
,,228.04k,42.80044u
,,228.06k,42.46566u
,,228.08k,44.93945u
,,228.1k,50.09558u
,,228.12k,52.22268u
,,228.14k,50.01791u
,,228.16k,47.69039u
,,228.18k,46.7845u
,,228.2k,47.19687u
,,228.22k,47.94753u
,,228.24k,48.43952u
,,228.26k,46.61664u
,,228.28k,42.91455u
,,228.3k,40.48846u
,,228.32k,41.23843u
,,228.34k,44.09518u
,,228.36k,47.30198u
,,228.38k,48.34574u
,,228.4k,43.09972u
,,228.42k,38.58174u
,,228.44k,44.14905u
,,228.46k,51.36403u
,,228.48k,51.39584u
,,228.5k,46.31024u
,,228.52k,42.68078u
,,228.54k,45.07499u
,,228.56k,51.89018u
,,228.58k,53.89847u
,,228.6k,47.80093u
,,228.62k,47.15302u
,,228.64k,57.43937u
,,228.66k,66.74966u
,,228.68k,64.21653u
,,228.7k,54.34632u
,,228.72k,51.7601u
,,228.74k,53.09021u
,,228.76k,49.89691u
,,228.78k,48.95288u
,,228.8k,50.91415u
,,228.82k,51.99655u
,,228.84k,53.19593u
,,228.86k,53.76536u
,,228.88k,56.1476u
,,228.9k,58.81215u
,,228.92k,57.13855u
,,228.94k,56.2684u
,,228.96k,59.49996u
,,228.98k,62.42012u
,,229k,63.25746u
,,229.02k,63.67233u
,,229.04k,65.01812u
,,229.06k,66.81013u
,,229.08k,66.05299u
,,229.1k,62.49683u
,,229.12k,60.31052u
,,229.14k,62.86522u
,,229.16k,68.96162u
,,229.18k,70.5136u
,,229.2k,63.1452u
,,229.22k,55.97352u
,,229.24k,53.96202u
,,229.26k,54.28166u
,,229.28k,55.46877u
,,229.3k,57.12376u
,,229.32k,58.72682u
,,229.34k,58.57608u
,,229.36k,56.3676u
,,229.38k,55.09187u
,,229.4k,57.07691u
,,229.42k,60.32451u
,,229.44k,60.68887u
,,229.46k,58.41605u
,,229.48k,57.517u
,,229.5k,59.86465u
,,229.52k,65.49113u
,,229.54k,69.8594u
,,229.56k,70.47593u
,,229.58k,69.16342u
,,229.6k,67.66164u
,,229.62k,69.28533u
,,229.64k,71.71938u
,,229.66k,69.32678u
,,229.68k,65.58213u
,,229.7k,64.75942u
,,229.72k,66.30736u
,,229.74k,69.16109u
,,229.76k,67.75675u
,,229.78k,62.10617u
,,229.8k,60.24243u
,,229.82k,60.39037u
,,229.84k,59.01364u
,,229.86k,55.1629u
,,229.88k,52.46703u
,,229.9k,57.98015u
,,229.92k,64.21183u
,,229.94k,63.04389u
,,229.96k,60.7594u
,,229.98k,60.9023u
,,230k,61.16248u
,,230.02k,60.99631u
,,230.04k,63.04358u
,,230.06k,63.66149u
,,230.08k,60.08647u
,,230.1k,58.51683u
,,230.12k,58.20436u
,,230.14k,56.87233u
,,230.16k,56.9404u
,,230.18k,55.71366u
,,230.2k,53.25461u
,,230.22k,54.29381u
,,230.24k,56.87745u
,,230.26k,57.21795u
,,230.28k,55.40291u
,,230.3k,56.02451u
,,230.32k,58.731u
,,230.34k,57.29939u
,,230.36k,54.08975u
,,230.38k,51.84909u
,,230.4k,52.65595u
,,230.42k,53.77333u
,,230.44k,50.4818u
,,230.46k,47.28528u
,,230.48k,46.57758u
,,230.5k,47.38832u
,,230.52k,47.81292u
,,230.54k,43.83311u
,,230.56k,38.65715u
,,230.58k,40.21009u
,,230.6k,47.70573u
,,230.62k,51.16153u
,,230.64k,46.6499u
,,230.66k,41.2986u
,,230.68k,36.36508u
,,230.7k,33.26182u
,,230.72k,38.88771u
,,230.74k,46.46777u
,,230.76k,47.91785u
,,230.78k,45.66717u
,,230.8k,43.14492u
,,230.82k,42.92062u
,,230.84k,45.98286u
,,230.86k,47.72305u
,,230.88k,45.80173u
,,230.9k,42.20875u
,,230.92k,37.22219u
,,230.94k,33.64314u
,,230.96k,34.29652u
,,230.98k,37.37774u
,,231k,41.46625u
,,231.02k,43.36346u
,,231.04k,37.79197u
,,231.06k,30.06432u
,,231.08k,28.80756u
,,231.1k,30.88547u
,,231.12k,31.44418u
,,231.14k,30.30471u
,,231.16k,29.05703u
,,231.18k,29.5621u
,,231.2k,31.286u
,,231.22k,34.16759u
,,231.24k,35.80788u
,,231.26k,33.62312u
,,231.28k,29.58763u
,,231.3k,28.05549u
,,231.32k,28.18544u
,,231.34k,28.12057u
,,231.36k,28.61444u
,,231.38k,26.4989u
,,231.4k,26.70183u
,,231.42k,31.86152u
,,231.44k,33.20981u
,,231.46k,30.7816u
,,231.48k,30.74126u
,,231.5k,33.58353u
,,231.52k,36.79011u
,,231.54k,36.31024u
,,231.56k,33.18653u
,,231.58k,31.52367u
,,231.6k,34.00927u
,,231.62k,37.17226u
,,231.64k,34.76999u
,,231.66k,31.80968u
,,231.68k,33.43067u
,,231.7k,32.86287u
,,231.72k,30.21693u
,,231.74k,28.21472u
,,231.76k,25.35827u
,,231.78k,23.56016u
,,231.8k,24.24178u
,,231.82k,26.7908u
,,231.84k,28.42335u
,,231.86k,29.87959u
,,231.88k,32.94518u
,,231.9k,33.30393u
,,231.92k,28.50991u
,,231.94k,26.34809u
,,231.96k,29.43512u
,,231.98k,30.9345u
,,232k,31.24259u
,,232.02k,32.1976u
,,232.04k,30.57344u
,,232.06k,24.53091u
,,232.08k,17.09382u
,,232.1k,14.4454u
,,232.12k,17.63328u
,,232.14k,23.5206u
,,232.16k,26.12403u
,,232.18k,23.10727u
,,232.2k,18.11964u
,,232.22k,16.7877u
,,232.24k,21.46452u
,,232.26k,23.43717u
,,232.28k,20.5055u
,,232.3k,19.96098u
,,232.32k,20.94293u
,,232.34k,19.39645u
,,232.36k,17.11942u
,,232.38k,17.09942u
,,232.4k,19.18209u
,,232.42k,22.08677u
,,232.44k,24.74152u
,,232.46k,28.31934u
,,232.48k,29.358u
,,232.5k,28.94415u
,,232.52k,30.84925u
,,232.54k,32.0688u
,,232.56k,32.59105u
,,232.58k,32.0556u
,,232.6k,29.90663u
,,232.62k,28.00766u
,,232.64k,28.15673u
,,232.66k,29.55066u
,,232.68k,27.41149u
,,232.7k,23.16191u
,,232.72k,23.94125u
,,232.74k,26.71207u
,,232.76k,25.9364u
,,232.78k,26.0319u
,,232.8k,29.18017u
,,232.82k,30.52695u
,,232.84k,27.06368u
,,232.86k,21.60337u
,,232.88k,19.75631u
,,232.9k,21.23599u
,,232.92k,23.56982u
,,232.94k,22.86824u
,,232.96k,20.35606u
,,232.98k,22.80807u
,,233k,26.38604u
,,233.02k,29.12599u
,,233.04k,34.81993u
,,233.06k,37.77072u
,,233.08k,37.27149u
,,233.1k,36.37656u
,,233.12k,34.68153u
,,233.14k,34.6981u
,,233.16k,36.72701u
,,233.18k,36.10993u
,,233.2k,35.18266u
,,233.22k,36.27831u
,,233.24k,36.77795u
,,233.26k,32.75961u
,,233.28k,24.62218u
,,233.3k,20.3777u
,,233.32k,22.36755u
,,233.34k,23.61464u
,,233.36k,25.11206u
,,233.38k,26.8217u
,,233.4k,27.22186u
,,233.42k,29.73981u
,,233.44k,29.05202u
,,233.46k,26.83665u
,,233.48k,28.69559u
,,233.5k,31.14209u
,,233.52k,32.50474u
,,233.54k,34.8329u
,,233.56k,34.87784u
,,233.58k,29.05953u
,,233.6k,25.67872u
,,233.62k,29.83358u
,,233.64k,35.68845u
,,233.66k,34.88595u
,,233.68k,29.5596u
,,233.7k,27.58229u
,,233.72k,29.95326u
,,233.74k,32.05622u
,,233.76k,34.05809u
,,233.78k,33.87718u
,,233.8k,28.94493u
,,233.82k,25.86441u
,,233.84k,29.52483u
,,233.86k,34.98024u
,,233.88k,33.84982u
,,233.9k,29.00299u
,,233.92k,29.899u
,,233.94k,33.91039u
,,233.96k,32.61296u
,,233.98k,25.99379u
,,234k,20.73879u
,,234.02k,22.17456u
,,234.04k,24.0281u
,,234.06k,22.88874u
,,234.08k,24.30254u
,,234.1k,28.17635u
,,234.12k,28.78854u
,,234.14k,27.41459u
,,234.16k,28.58735u
,,234.18k,32.52449u
,,234.2k,33.92202u
,,234.22k,29.00273u
,,234.24k,24.05046u
,,234.26k,23.09339u
,,234.28k,23.55157u
,,234.3k,25.00302u
,,234.32k,26.54705u
,,234.34k,26.80561u
,,234.36k,24.90567u
,,234.38k,23.39815u
,,234.4k,23.02301u
,,234.42k,22.57801u
,,234.44k,24.35469u
,,234.46k,24.19039u
,,234.48k,21.7141u
,,234.5k,22.55229u
,,234.52k,24.84322u
,,234.54k,25.14715u
,,234.56k,24.15733u
,,234.58k,24.62683u
,,234.6k,23.82655u
,,234.62k,22.03293u
,,234.64k,20.06183u
,,234.66k,22.72915u
,,234.68k,27.91823u
,,234.7k,31.17297u
,,234.72k,29.74873u
,,234.74k,27.12273u
,,234.76k,26.93358u
,,234.78k,29.63449u
,,234.8k,29.78906u
,,234.82k,25.33197u
,,234.84k,22.53916u
,,234.86k,24.51302u
,,234.88k,27.85063u
,,234.9k,31.76565u
,,234.92k,35.90789u
,,234.94k,36.26705u
,,234.96k,34.53314u
,,234.98k,33.70983u
,,235k,34.17037u
,,235.02k,38.44709u
,,235.04k,44.89692u
,,235.06k,47.62594u
,,235.08k,46.80055u
,,235.1k,45.014u
,,235.12k,45.37214u
,,235.14k,51.7749u
,,235.16k,57.25717u
,,235.18k,53.03988u
,,235.2k,45.9388u
,,235.22k,44.37619u
,,235.24k,48.60946u
,,235.26k,52.77008u
,,235.28k,51.78775u
,,235.3k,48.41463u
,,235.32k,47.27277u
,,235.34k,46.57355u
,,235.36k,44.57082u
,,235.38k,42.88356u
,,235.4k,42.65708u
,,235.42k,44.55332u
,,235.44k,48.01834u
,,235.46k,51.16169u
,,235.48k,53.18632u
,,235.5k,55.32098u
,,235.52k,56.52263u
,,235.54k,54.36395u
,,235.56k,51.23751u
,,235.58k,50.28605u
,,235.6k,50.10382u
,,235.62k,49.05893u
,,235.64k,49.51203u
,,235.66k,53.0247u
,,235.68k,54.9709u
,,235.7k,54.7305u
,,235.72k,57.2921u
,,235.74k,59.64755u
,,235.76k,59.6988u
,,235.78k,59.63648u
,,235.8k,59.87715u
,,235.82k,62.08494u
,,235.84k,64.96176u
,,235.86k,64.01416u
,,235.88k,60.18594u
,,235.9k,56.90407u
,,235.92k,53.99542u
,,235.94k,53.06153u
,,235.96k,53.83822u
,,235.98k,49.77026u
,,236k,41.17339u
,,236.02k,39.49428u
,,236.04k,45.332u
,,236.06k,48.03312u
,,236.08k,49.60094u
,,236.1k,52.43976u
,,236.12k,53.60583u
,,236.14k,54.27766u
,,236.16k,56.05983u
,,236.18k,57.58294u
,,236.2k,57.58508u
,,236.22k,59.05438u
,,236.24k,62.36246u
,,236.26k,61.8459u
,,236.28k,56.26832u
,,236.3k,52.61712u
,,236.32k,55.0352u
,,236.34k,55.73392u
,,236.36k,52.0988u
,,236.38k,51.2891u
,,236.4k,54.86156u
,,236.42k,59.74203u
,,236.44k,61.02248u
,,236.46k,56.65627u
,,236.48k,52.16691u
,,236.5k,52.64078u
,,236.52k,55.59825u
,,236.54k,57.93012u
,,236.56k,56.19907u
,,236.58k,52.8963u
,,236.6k,54.8232u
,,236.62k,60.26995u
,,236.64k,65.19276u
,,236.66k,68.95786u
,,236.68k,70.66666u
,,236.7k,69.56428u
,,236.72k,68.50705u
,,236.74k,70.48172u
,,236.76k,71.8933u
,,236.78k,69.78123u
,,236.8k,67.52884u
,,236.82k,66.03725u
,,236.84k,65.43461u
,,236.86k,67.63896u
,,236.88k,69.59034u
,,236.9k,71.09432u
,,236.92k,75.86477u
,,236.94k,80.0181u
,,236.96k,80.61428u
,,236.98k,80.425u
,,237k,80.78507u
,,237.02k,79.1302u
,,237.04k,77.59725u
,,237.06k,78.64311u
,,237.08k,79.96584u
,,237.1k,82.74433u
,,237.12k,88.66006u
,,237.14k,90.78853u
,,237.16k,88.62596u
,,237.18k,87.90785u
,,237.2k,88.55511u
,,237.22k,91.09245u
,,237.24k,95.26201u
,,237.26k,99.31224u
,,237.28k,98.68508u
,,237.3k,92.6539u
,,237.32k,91.94763u
,,237.34k,99.34129u
,,237.36k,101.2602u
,,237.38k,96.32401u
,,237.4k,94.62856u
,,237.42k,95.66123u
,,237.44k,98.60248u
,,237.46k,103.7411u
,,237.48k,103.7958u
,,237.5k,102.2211u
,,237.52k,107.8731u
,,237.54k,116.6256u
,,237.56k,123.0202u
,,237.58k,125.7753u
,,237.6k,124.5013u
,,237.62k,123.383u
,,237.64k,123.4909u
,,237.66k,122.5588u
,,237.68k,120.6924u
,,237.7k,119.0532u
,,237.72k,120.337u
,,237.74k,122.8438u
,,237.76k,123.8198u
,,237.78k,126.3528u
,,237.8k,129.7801u
,,237.82k,127.9868u
,,237.84k,123.8955u
,,237.86k,125.606u
,,237.88k,130.2351u
,,237.9k,132.6395u
,,237.92k,134.6851u
,,237.94k,136.6436u
,,237.96k,137.718u
,,237.98k,139.1711u
,,238k,141.1492u
,,238.02k,142.98u
,,238.04k,143.8068u
,,238.06k,144.5777u
,,238.08k,144.9221u
,,238.1k,144.4902u
,,238.12k,146.3119u
,,238.14k,151.3171u
,,238.16k,157.3377u
,,238.18k,161.6035u
,,238.2k,162.8477u
,,238.22k,162.7765u
,,238.24k,163.0336u
,,238.26k,164.2415u
,,238.28k,168.0642u
,,238.3k,172.8456u
,,238.32k,172.783u
,,238.34k,170.296u
,,238.36k,171.1267u
,,238.38k,172.9521u
,,238.4k,173.1093u
,,238.42k,173.1342u
,,238.44k,174.2317u
,,238.46k,179.7815u
,,238.48k,190.9306u
,,238.5k,200.8217u
,,238.52k,203.7649u
,,238.54k,201.7213u
,,238.56k,198.3343u
,,238.58k,194.9267u
,,238.6k,195.1549u
,,238.62k,198.9704u
,,238.64k,200.4429u
,,238.66k,204.3091u
,,238.68k,212.4956u
,,238.7k,215.1822u
,,238.72k,213.982u
,,238.74k,216.6462u
,,238.76k,217.911u
,,238.78k,213.7369u
,,238.8k,210.3225u
,,238.82k,210.0631u
,,238.84k,210.6117u
,,238.86k,210.7091u
,,238.88k,212.2476u
,,238.9k,219.851u
,,238.92k,229.7606u
,,238.94k,235.3429u
,,238.96k,237.53u
,,238.98k,237.7112u
,,239k,234.9344u
,,239.02k,233.4542u
,,239.04k,239.6295u
,,239.06k,243.9276u
,,239.08k,238.0837u
,,239.1k,233.8478u
,,239.12k,238.7928u
,,239.14k,244.6008u
,,239.16k,245.7768u
,,239.18k,246.328u
,,239.2k,248.7603u
,,239.22k,252.5126u
,,239.24k,255.4253u
,,239.26k,256.1687u
,,239.28k,257.5925u
,,239.3k,261.3593u
,,239.32k,262.0215u
,,239.34k,258.7684u
,,239.36k,258.3223u
,,239.38k,258.1189u
,,239.4k,253.6492u
,,239.42k,250.0841u
,,239.44k,249.1845u
,,239.46k,248.5411u
,,239.48k,248.7837u
,,239.5k,248.1731u
,,239.52k,248.3298u
,,239.54k,252.5697u
,,239.56k,256.5219u
,,239.58k,256.9149u
,,239.6k,253.2311u
,,239.62k,248.6611u
,,239.64k,250.1917u
,,239.66k,254.563u
,,239.68k,253.5409u
,,239.7k,248.9624u
,,239.72k,246.3472u
,,239.74k,247.5509u
,,239.76k,251.9678u
,,239.78k,256.5366u
,,239.8k,257.708u
,,239.82k,256.1418u
,,239.84k,254.9212u
,,239.86k,254.4628u
,,239.88k,255.4403u
,,239.9k,256.5628u
,,239.92k,253.5157u
,,239.94k,248.9323u
,,239.96k,247.2522u
,,239.98k,246.7416u
,,240k,244.2475u
,,240.02k,241.4669u
,,240.04k,244.0969u
,,240.06k,249.079u
,,240.08k,250.579u
,,240.1k,250.045u
,,240.12k,249.3296u
,,240.14k,249.9214u
,,240.16k,251.9302u
,,240.18k,254.0999u
,,240.2k,256.4079u
,,240.22k,257.6073u
,,240.24k,256.8849u
,,240.26k,256.4239u
,,240.28k,259.6528u
,,240.3k,266.2915u
,,240.32k,272.2529u
,,240.34k,275.748u
,,240.36k,279.0787u
,,240.38k,284.7453u
,,240.4k,290.7077u
,,240.42k,294.8676u
,,240.44k,297.994u
,,240.46k,300.569u
,,240.48k,305.9517u
,,240.5k,315.613u
,,240.52k,322.7323u
,,240.54k,324.0478u
,,240.56k,325.5054u
,,240.58k,332.9777u
,,240.6k,345.6544u
,,240.62k,357.3913u
,,240.64k,364.539u
,,240.66k,369.5588u
,,240.68k,375.3986u
,,240.7k,381.4846u
,,240.72k,388.077u
,,240.74k,397.2765u
,,240.76k,405.7033u
,,240.78k,412.4925u
,,240.8k,421.8854u
,,240.82k,431.6005u
,,240.84k,437.1022u
,,240.86k,441.0158u
,,240.88k,446.2355u
,,240.9k,450.2945u
,,240.92k,455.109u
,,240.94k,464.2868u
,,240.96k,477.0424u
,,240.98k,491.9054u
,,241k,506.6153u
,,241.02k,517.9847u
,,241.04k,525.2855u
,,241.06k,531.4139u
,,241.08k,537.7814u
,,241.1k,544.4935u
,,241.12k,552.1693u
,,241.14k,560.8616u
,,241.16k,571.3822u
,,241.18k,582.6907u
,,241.2k,593.8835u
,,241.22k,606.6439u
,,241.24k,617.8386u
,,241.26k,625.4511u
,,241.28k,636.2361u
,,241.3k,652.6548u
,,241.32k,666.1647u
,,241.34k,669.5108u
,,241.36k,667.9081u
,,241.38k,671.1386u
,,241.4k,680.9302u
,,241.42k,692.4175u
,,241.44k,699.9193u
,,241.46k,703.3406u
,,241.48k,707.7873u
,,241.5k,715.7394u
,,241.52k,726.1123u
,,241.54k,736.2464u
,,241.56k,744.6761u
,,241.58k,751.7066u
,,241.6k,756.9106u
,,241.62k,760.0157u
,,241.64k,762.2214u
,,241.66k,764.4541u
,,241.68k,768.2938u
,,241.7k,774.254u
,,241.72k,779.9049u
,,241.74k,785.1438u
,,241.76k,790.5054u
,,241.78k,795.3288u
,,241.8k,798.9772u
,,241.82k,803.2254u
,,241.84k,809.6577u
,,241.86k,815.4993u
,,241.88k,821.4504u
,,241.9k,827.4563u
,,241.92k,831.49u
,,241.94k,836.4976u
,,241.96k,842.0928u
,,241.98k,844.5037u
,,242k,844.4877u
,,242.02k,843.4809u
,,242.04k,842.5462u
,,242.06k,843.4939u
,,242.08k,844.8132u
,,242.1k,843.8875u
,,242.12k,842.8126u
,,242.14k,845.6628u
,,242.16k,850.9491u
,,242.18k,855.0834u
,,242.2k,855.5625u
,,242.22k,849.8284u
,,242.24k,841.6581u
,,242.26k,838.0672u
,,242.28k,836.7023u
,,242.3k,831.2309u
,,242.32k,824.2335u
,,242.34k,819.8075u
,,242.36k,815.9436u
,,242.38k,812.0457u
,,242.4k,807.7751u
,,242.42k,802.9247u
,,242.44k,801.4504u
,,242.46k,801.0915u
,,242.48k,798.1205u
,,242.5k,793.9704u
,,242.52k,786.968u
,,242.54k,777.6717u
,,242.56k,769.8683u
,,242.58k,766.5743u
,,242.6k,766.0575u
,,242.62k,763.4728u
,,242.64k,759.7337u
,,242.66k,756.1344u
,,242.68k,753.4079u
,,242.7k,749.7866u
,,242.72k,743.753u
,,242.74k,743.4061u
,,242.76k,750.6266u
,,242.78k,755.6933u
,,242.8k,754.3205u
,,242.82k,749.4915u
,,242.84k,745.5631u
,,242.86k,748.4186u
,,242.88k,756.7384u
,,242.9k,762.0118u
,,242.92k,761.2099u
,,242.94k,760.7813u
,,242.96k,763.3076u
,,242.98k,761.9896u
,,243k,758.4241u
,,243.02k,762.6149u
,,243.04k,771.2833u
,,243.06k,774.4221u
,,243.08k,776.1987u
,,243.1k,779.537u
,,243.12k,779.9891u
,,243.14k,779.1894u
,,243.16k,778.1939u
,,243.18k,778.6258u
,,243.2k,781.7049u
,,243.22k,782.1361u
,,243.24k,780.4193u
,,243.26k,779.1325u
,,243.28k,777.0003u
,,243.3k,775.404u
,,243.32k,776.3944u
,,243.34k,779.677u
,,243.36k,780.067u
,,243.38k,775.3533u
,,243.4k,772.7125u
,,243.42k,773.2993u
,,243.44k,771.4582u
,,243.46k,768.7767u
,,243.48k,767.2161u
,,243.5k,765.4348u
,,243.52k,765.2274u
,,243.54k,767.825u
,,243.56k,766.8911u
,,243.58k,761.4925u
,,243.6k,758.733u
,,243.62k,756.1155u
,,243.64k,751.6878u
,,243.66k,751.4065u
,,243.68k,754.0022u
,,243.7k,751.5294u
,,243.72k,745.63u
,,243.74k,742.8009u
,,243.76k,740.4895u
,,243.78k,735.8407u
,,243.8k,731.0576u
,,243.82k,728.7066u
,,243.84k,729.0762u
,,243.86k,728.3477u
,,243.88k,725.4779u
,,243.9k,721.1172u
,,243.92k,713.7114u
,,243.94k,706.6876u
,,243.96k,704.9494u
,,243.98k,705.3079u
,,244k,702.5283u
,,244.02k,699.1999u
,,244.04k,696.9774u
,,244.06k,693.3773u
,,244.08k,686.3439u
,,244.1k,677.0188u
,,244.12k,672.6093u
,,244.14k,673.6892u
,,244.16k,672.5892u
,,244.18k,668.2562u
,,244.2k,663.937u
,,244.22k,660.432u
,,244.24k,657.1851u
,,244.26k,652.9468u
,,244.28k,649.5447u
,,244.3k,646.3052u
,,244.32k,641.693u
,,244.34k,640.51u
,,244.36k,641.864u
,,244.38k,639.0746u
,,244.4k,633.6195u
,,244.42k,630.4426u
,,244.44k,628.817u
,,244.46k,627.0131u
,,244.48k,625.4014u
,,244.5k,625.2107u
,,244.52k,624.2621u
,,244.54k,619.7774u
,,244.56k,612.2355u
,,244.58k,605.1789u
,,244.6k,602.4695u
,,244.62k,601.8128u
,,244.64k,600.0998u
,,244.66k,597.4338u
,,244.68k,593.5171u
,,244.7k,588.4594u
,,244.72k,584.2361u
,,244.74k,581.9238u
,,244.76k,580.3586u
,,244.78k,578.4499u
,,244.8k,576.5839u
,,244.82k,574.3934u
,,244.84k,570.1977u
,,244.86k,565.9364u
,,244.88k,562.3586u
,,244.9k,558.1482u
,,244.92k,553.6631u
,,244.94k,548.83u
,,244.96k,546.0682u
,,244.98k,546.8427u
,,245k,546.1168u
,,245.02k,540.9632u
,,245.04k,537.4348u
,,245.06k,536.7831u
,,245.08k,532.9019u
,,245.1k,525.6672u
,,245.12k,518.9881u
,,245.14k,516.4323u
,,245.16k,516.5795u
,,245.18k,512.7174u
,,245.2k,505.0454u
,,245.22k,500.2769u
,,245.24k,501.7289u
,,245.26k,504.6157u
,,245.28k,502.7219u
,,245.3k,498.8638u
,,245.32k,498.1046u
,,245.34k,496.1839u
,,245.36k,489.1685u
,,245.38k,484.0479u
,,245.4k,485.3398u
,,245.42k,487.4832u
,,245.44k,485.8034u
,,245.46k,481.4536u
,,245.48k,476.4436u
,,245.5k,472.3528u
,,245.52k,468.0447u
,,245.54k,463.6347u
,,245.56k,463.9864u
,,245.58k,463.1185u
,,245.6k,455.2613u
,,245.62k,448.1859u
,,245.64k,446.4485u
,,245.66k,445.5612u
,,245.68k,440.1216u
,,245.7k,435.2924u
,,245.72k,435.7208u
,,245.74k,433.717u
,,245.76k,426.1723u
,,245.78k,419.7122u
,,245.8k,418.9142u
,,245.82k,421.5209u
,,245.84k,422.4959u
,,245.86k,418.5009u
,,245.88k,409.7383u
,,245.9k,402.4225u
,,245.92k,401.4429u
,,245.94k,400.9303u
,,245.96k,395.683u
,,245.98k,389.7799u
,,246k,386.5217u
,,246.02k,383.4427u
,,246.04k,380.3531u
,,246.06k,378.484u
,,246.08k,374.8345u
,,246.1k,371.0165u
,,246.12k,370.2434u
,,246.14k,370.4373u
,,246.16k,368.6652u
,,246.18k,363.3103u
,,246.2k,357.4044u
,,246.22k,354.1649u
,,246.24k,351.9316u
,,246.26k,349.0729u
,,246.28k,347.2678u
,,246.3k,348.4304u
,,246.32k,351.421u
,,246.34k,352.4628u
,,246.36k,347.3495u
,,246.38k,337.2978u
,,246.4k,332.1502u
,,246.42k,333.1061u
,,246.44k,331.9682u
,,246.46k,331.4748u
,,246.48k,333.1344u
,,246.5k,330.6892u
,,246.52k,324.7976u
,,246.54k,317.5456u
,,246.56k,309.7095u
,,246.58k,303.2733u
,,246.6k,298.9549u
,,246.62k,298.8755u
,,246.64k,301.7921u
,,246.66k,303.07u
,,246.68k,303.6139u
,,246.7k,307.9218u
,,246.72k,315.35u
,,246.74k,318.9075u
,,246.76k,316.3669u
,,246.78k,309.9182u
,,246.8k,301.0789u
,,246.82k,294.2945u
,,246.84k,292.8229u
,,246.86k,295.1302u
,,246.88k,297.4347u
,,246.9k,298.527u
,,246.92k,298.4515u
,,246.94k,294.1087u
,,246.96k,286.8591u
,,246.98k,282.7648u
,,247k,283.7146u
,,247.02k,286.0919u
,,247.04k,284.7281u
,,247.06k,280.3112u
,,247.08k,279.923u
,,247.1k,283.1424u
,,247.12k,284.5476u
,,247.14k,283.9364u
,,247.16k,278.8307u
,,247.18k,271.1487u
,,247.2k,270.6497u
,,247.22k,273.3263u
,,247.24k,269.7899u
,,247.26k,264.143u
,,247.28k,262.1705u
,,247.3k,263.6647u
,,247.32k,266.099u
,,247.34k,268.4466u
,,247.36k,270.6388u
,,247.38k,270.3056u
,,247.4k,266.2104u
,,247.42k,260.5272u
,,247.44k,257.3101u
,,247.46k,259.131u
,,247.48k,260.8085u
,,247.5k,257.8619u
,,247.52k,255.3283u
,,247.54k,254.8493u
,,247.56k,253.4714u
,,247.58k,252.8412u
,,247.6k,254.6995u
,,247.62k,255.7761u
,,247.64k,251.9733u
,,247.66k,244.721u
,,247.68k,240.6135u
,,247.7k,241.772u
,,247.72k,243.7029u
,,247.74k,245.8916u
,,247.76k,248.0831u
,,247.78k,247.1129u
,,247.8k,243.4631u
,,247.82k,238.4101u
,,247.84k,234.0149u
,,247.86k,231.3651u
,,247.88k,230.5773u
,,247.9k,231.92u
,,247.92k,231.2193u
,,247.94k,228.4876u
,,247.96k,226.8869u
,,247.98k,225.3798u
,,248k,222.9738u
,,248.02k,218.3977u
,,248.04k,212.7851u
,,248.06k,208.9658u
,,248.08k,209.4u
,,248.1k,211.3537u
,,248.12k,210.5971u
,,248.14k,210.4044u
,,248.16k,210.1893u
,,248.18k,206.6436u
,,248.2k,201.573u
,,248.22k,199.3841u
,,248.24k,202.0906u
,,248.26k,206.013u
,,248.28k,207.8147u
,,248.3k,206.3787u
,,248.32k,202.2495u
,,248.34k,197.6773u
,,248.36k,194.6053u
,,248.38k,190.783u
,,248.4k,184.2123u
,,248.42k,180.3717u
,,248.44k,180.6432u
,,248.46k,180.1267u
,,248.48k,179.4207u
,,248.5k,181.542u
,,248.52k,184.1596u
,,248.54k,181.8055u
,,248.56k,174.7714u
,,248.58k,167.8356u
,,248.6k,164.8176u
,,248.62k,168.1025u
,,248.64k,170.2399u
,,248.66k,164.3857u
,,248.68k,157.4973u
,,248.7k,155.382u
,,248.72k,154.0605u
,,248.74k,150.3664u
,,248.76k,148.3404u
,,248.78k,148.1451u
,,248.8k,148.2735u
,,248.82k,152.1023u
,,248.84k,156.1974u
,,248.86k,154.8385u
,,248.88k,151.2389u
,,248.9k,150.2846u
,,248.92k,149.2742u
,,248.94k,144.4016u
,,248.96k,137.7321u
,,248.98k,132.5391u
,,249k,131.8786u
,,249.02k,135.9208u
,,249.04k,137.6457u
,,249.06k,133.5205u
,,249.08k,127.8758u
,,249.1k,122.8298u
,,249.12k,120.9958u
,,249.14k,123.5137u
,,249.16k,123.651u
,,249.18k,118.971u
,,249.2k,116.4149u
,,249.22k,119.1082u
,,249.24k,120.7392u
,,249.26k,118.2475u
,,249.28k,114.5717u
,,249.3k,112.6824u
,,249.32k,112.9756u
,,249.34k,113.4524u
,,249.36k,113.8173u
,,249.38k,112.3787u
,,249.4k,108.8833u
,,249.42k,107.9279u
,,249.44k,113.2797u
,,249.46k,120.7203u
,,249.48k,120.9621u
,,249.5k,114.7987u
,,249.52k,108.8318u
,,249.54k,103.6487u
,,249.56k,100.7702u
,,249.58k,100.552u
,,249.6k,99.04451u
,,249.62k,96.06982u
,,249.64k,94.53384u
,,249.66k,95.24095u
,,249.68k,95.07253u
,,249.7k,92.00653u
,,249.72k,89.04999u
,,249.74k,88.35012u
,,249.76k,88.56929u
,,249.78k,87.75881u
,,249.8k,85.70394u
,,249.82k,84.10615u
,,249.84k,82.44289u
,,249.86k,80.63192u
,,249.88k,82.34169u
,,249.9k,88.01507u
,,249.92k,92.17523u
,,249.94k,90.25223u
,,249.96k,84.37913u
,,249.98k,79.24811u
,,250k,76.64887u
,,250.02k,76.14089u
,,250.04k,76.58848u
,,250.06k,77.5453u
,,250.08k,77.80007u
,,250.1k,77.55778u
,,250.12k,77.98517u
,,250.14k,75.99219u
,,250.16k,71.48235u
,,250.18k,70.06925u
,,250.2k,72.31311u
,,250.22k,76.07634u
,,250.24k,80.1254u
,,250.26k,81.04011u
,,250.28k,77.77567u
,,250.3k,72.02317u
,,250.32k,67.8269u
,,250.34k,69.5526u
,,250.36k,74.65822u
,,250.38k,74.33953u
,,250.4k,70.65734u
,,250.42k,69.7454u
,,250.44k,68.10377u
,,250.46k,67.81465u
,,250.48k,71.88488u
,,250.5k,77.54304u
,,250.52k,84.64795u
,,250.54k,90.17357u
,,250.56k,88.68121u
,,250.58k,84.53264u
,,250.6k,84.53847u
,,250.62k,87.67955u
,,250.64k,89.77466u
,,250.66k,88.11572u
,,250.68k,85.59796u
,,250.7k,86.55995u
,,250.72k,89.99301u
,,250.74k,91.07071u
,,250.76k,87.55114u
,,250.78k,85.51515u
,,250.8k,90.77484u
,,250.82k,98.64275u
,,250.84k,102.1367u
,,250.86k,100.9225u
,,250.88k,101.6449u
,,250.9k,104.5586u
,,250.92k,106.0823u
,,250.94k,108.1162u
,,250.96k,109.1013u
,,250.98k,106.8568u
,,251k,105.9987u
,,251.02k,110.6492u
,,251.04k,118.8826u
,,251.06k,125.6534u
,,251.08k,128.0172u
,,251.1k,128.6086u
,,251.12k,130.1546u
,,251.14k,129.3702u
,,251.16k,126.9775u
,,251.18k,128.2538u
,,251.2k,133.574u
,,251.22k,139.9032u
,,251.24k,141.6443u
,,251.26k,139.9002u
,,251.28k,141.5483u
,,251.3k,146.9058u
,,251.32k,150.693u
,,251.34k,151.4839u
,,251.36k,153.4019u
,,251.38k,156.9543u
,,251.4k,159.105u
,,251.42k,159.8664u
,,251.44k,163.1914u
,,251.46k,170.8241u
,,251.48k,177.9579u
,,251.5k,181.8026u
,,251.52k,182.8795u
,,251.54k,184.5377u
,,251.56k,187.7866u
,,251.58k,185.3793u
,,251.6k,180.3489u
,,251.62k,185.2109u
,,251.64k,196.5474u
,,251.66k,203.6887u
,,251.68k,204.4743u
,,251.7k,200.9794u
,,251.72k,199.8091u
,,251.74k,203.2078u
,,251.76k,205.6393u
,,251.78k,205.2108u
,,251.8k,200.9992u
,,251.82k,197.8723u
,,251.84k,201.5297u
,,251.86k,205.0972u
,,251.88k,204.6322u
,,251.9k,203.7712u
,,251.92k,202.4058u
,,251.94k,200.1932u
,,251.96k,199.1156u
,,251.98k,198.4447u
,,252k,197.6058u
,,252.02k,196.1763u
,,252.04k,193.6501u
,,252.06k,192.5718u
,,252.08k,192.0877u
,,252.1k,189.5729u
,,252.12k,186.6692u
,,252.14k,186.1873u
,,252.16k,186.2219u
,,252.18k,185.5293u
,,252.2k,184.9852u
,,252.22k,181.7429u
,,252.24k,174.2325u
,,252.26k,166.7548u
,,252.28k,166.2654u
,,252.3k,172.0563u
,,252.32k,177.3742u
,,252.34k,178.7427u
,,252.36k,176.1147u
,,252.38k,170.6631u
,,252.4k,163.2076u
,,252.42k,156.2609u
,,252.44k,151.6553u
,,252.46k,147.7598u
,,252.48k,144.163u
,,252.5k,144.2618u
,,252.52k,146.6962u
,,252.54k,147.8849u
,,252.56k,147.7022u
,,252.58k,142.8219u
,,252.6k,134.9055u
,,252.62k,130.209u
,,252.64k,128.5408u
,,252.66k,129.3372u
,,252.68k,130.1968u
,,252.7k,128.3012u
,,252.72k,128.2889u
,,252.74k,130.5825u
,,252.76k,129.5148u
,,252.78k,125.6888u
,,252.8k,124.5233u
,,252.82k,125.6763u
,,252.84k,123.1978u
,,252.86k,117.6865u
,,252.88k,114.7096u
,,252.9k,114.3674u
,,252.92k,114.7836u
,,252.94k,113.6026u
,,252.96k,108.827u
,,252.98k,103.6805u
,,253k,101.2325u
,,253.02k,101.2759u
,,253.04k,102.2724u
,,253.06k,102.7965u
,,253.08k,102.6236u
,,253.1k,98.81227u
,,253.12k,91.5711u
,,253.14k,87.81663u
,,253.16k,88.67042u
,,253.18k,89.60672u
,,253.2k,88.32438u
,,253.22k,87.21281u
,,253.24k,88.12969u
,,253.26k,86.44173u
,,253.28k,82.22207u
,,253.3k,81.16291u
,,253.32k,84.18856u
,,253.34k,87.08908u
,,253.36k,86.86877u
,,253.38k,83.34884u
,,253.4k,79.65139u
,,253.42k,77.59806u
,,253.44k,75.07498u
,,253.46k,73.24105u
,,253.48k,73.60019u
,,253.5k,73.08563u
,,253.52k,70.47748u
,,253.54k,67.76777u
,,253.56k,66.48513u
,,253.58k,65.02673u
,,253.6k,62.92958u
,,253.62k,64.58393u
,,253.64k,69.971u
,,253.66k,69.89772u
,,253.68k,62.89739u
,,253.7k,59.65382u
,,253.72k,63.73337u
,,253.74k,64.6768u
,,253.76k,60.31661u
,,253.78k,57.22261u
,,253.8k,57.24128u
,,253.82k,60.59493u
,,253.84k,61.15979u
,,253.86k,57.46187u
,,253.88k,54.54481u
,,253.9k,52.67838u
,,253.92k,54.01371u
,,253.94k,56.81932u
,,253.96k,54.72948u
,,253.98k,49.70503u
,,254k,50.96942u
,,254.02k,56.45377u
,,254.04k,56.29345u
,,254.06k,51.92559u
,,254.08k,49.87662u
,,254.1k,48.25853u
,,254.12k,44.78844u
,,254.14k,43.18166u
,,254.16k,42.6042u
,,254.18k,41.87542u
,,254.2k,41.13215u
,,254.22k,39.78326u
,,254.24k,39.78115u
,,254.26k,39.19087u
,,254.28k,36.62819u
,,254.3k,37.58522u
,,254.32k,39.3898u
,,254.34k,38.61575u
,,254.36k,39.13973u
,,254.38k,42.56887u
,,254.4k,44.96053u
,,254.42k,43.22082u
,,254.44k,40.74921u
,,254.46k,39.07724u
,,254.48k,37.78582u
,,254.5k,39.56718u
,,254.52k,40.74403u
,,254.54k,37.8669u
,,254.56k,34.98031u
,,254.58k,34.44407u
,,254.6k,34.60542u
,,254.62k,34.79072u
,,254.64k,36.24017u
,,254.66k,39.37997u
,,254.68k,39.87335u
,,254.7k,34.55379u
,,254.72k,28.26032u
,,254.74k,25.9798u
,,254.76k,27.51795u
,,254.78k,28.77661u
,,254.8k,27.39171u
,,254.82k,25.41075u
,,254.84k,26.6295u
,,254.86k,26.67349u
,,254.88k,22.64519u
,,254.9k,25.14239u
,,254.92k,35.25285u
,,254.94k,38.5119u
,,254.96k,32.07171u
,,254.98k,26.5557u
,,255k,25.0604u
,,255.02k,21.93884u
,,255.04k,20.14863u
,,255.06k,23.20513u
,,255.08k,26.54963u
,,255.1k,27.60253u
,,255.12k,27.76739u
,,255.14k,28.68192u
,,255.16k,27.12814u
,,255.18k,25.95678u
,,255.2k,30.73206u
,,255.22k,34.11706u
,,255.24k,30.71446u
,,255.26k,25.12726u
,,255.28k,21.8379u
,,255.3k,23.58537u
,,255.32k,28.04707u
,,255.34k,31.72454u
,,255.36k,33.0596u
,,255.38k,31.45035u
,,255.4k,29.16014u
,,255.42k,26.42698u
,,255.44k,26.62376u
,,255.46k,27.18943u
,,255.48k,24.4547u
,,255.5k,21.50979u
,,255.52k,23.79075u
,,255.54k,27.71627u
,,255.56k,25.74767u
,,255.58k,23.95384u
,,255.6k,27.92985u
,,255.62k,29.44145u
,,255.64k,27.51115u
,,255.66k,27.03025u
,,255.68k,25.45626u
,,255.7k,21.93394u
,,255.72k,24.75733u
,,255.74k,33.88641u
,,255.76k,37.58984u
,,255.78k,35.4991u
,,255.8k,33.44662u
,,255.82k,30.17979u
,,255.84k,24.99244u
,,255.86k,22.84888u
,,255.88k,24.85936u
,,255.9k,23.38644u
,,255.92k,17.81488u
,,255.94k,15.26911u
,,255.96k,17.53102u
,,255.98k,19.58602u
,,256k,21.26184u
,,256.02k,23.7524u
,,256.04k,22.80263u
,,256.06k,21.09106u
,,256.08k,25.46204u
,,256.1k,29.53295u
,,256.12k,25.49872u
,,256.14k,16.47564u
,,256.16k,12.92199u
,,256.18k,19.70287u
,,256.2k,26.08202u
,,256.22k,24.3832u
,,256.24k,20.61148u
,,256.26k,18.60055u
,,256.28k,17.92979u
,,256.3k,16.29798u
,,256.32k,15.85395u
,,256.34k,18.97805u
,,256.36k,21.69506u
,,256.38k,20.07748u
,,256.4k,18.1708u
,,256.42k,18.90009u
,,256.44k,18.30731u
,,256.46k,19.75984u
,,256.48k,24.92199u
,,256.5k,25.72532u
,,256.52k,22.32057u
,,256.54k,19.17916u
,,256.56k,16.29006u
,,256.58k,16.25548u
,,256.6k,19.92272u
,,256.62k,24.47711u
,,256.64k,25.88215u
,,256.66k,25.11046u
,,256.68k,26.18941u
,,256.7k,29.53286u
,,256.72k,28.17627u
,,256.74k,22.98509u
,,256.76k,20.02102u
,,256.78k,21.36725u
,,256.8k,24.86954u
,,256.82k,25.19627u
,,256.84k,21.58351u
,,256.86k,21.52653u
,,256.88k,26.4203u
,,256.9k,26.82291u
,,256.92k,24.54337u
,,256.94k,25.56488u
,,256.96k,26.23701u
,,256.98k,25.24427u
,,257k,23.22284u
,,257.02k,18.28494u
,,257.04k,14.6419u
,,257.06k,16.69793u
,,257.08k,20.44568u
,,257.1k,22.66481u
,,257.12k,23.57349u
,,257.14k,23.55685u
,,257.16k,21.52806u
,,257.18k,18.39336u
,,257.2k,16.94236u
,,257.22k,16.69432u
,,257.24k,18.69325u
,,257.26k,23.72481u
,,257.28k,27.3051u
,,257.3k,26.61229u
,,257.32k,23.17617u
,,257.34k,20.99354u
,,257.36k,20.12029u
,,257.38k,22.62729u
,,257.4k,27.05438u
,,257.42k,25.62141u
,,257.44k,21.75346u
,,257.46k,21.6802u
,,257.48k,22.49856u
,,257.5k,22.613u
,,257.52k,24.05984u
,,257.54k,25.42917u
,,257.56k,21.73244u
,,257.58k,17.5551u
,,257.6k,20.81457u
,,257.62k,25.81785u
,,257.64k,25.67559u
,,257.66k,26.70615u
,,257.68k,31.69122u
,,257.7k,28.49138u
,,257.72k,20.93834u
,,257.74k,19.56695u
,,257.76k,21.09528u
,,257.78k,22.78122u
,,257.8k,26.96014u
,,257.82k,28.86625u
,,257.84k,28.58465u
,,257.86k,30.74401u
,,257.88k,30.26294u
,,257.9k,26.06557u
,,257.92k,26.56893u
,,257.94k,30.44405u
,,257.96k,30.94144u
,,257.98k,29.17847u
,,258k,27.60528u
,,258.02k,27.86138u
,,258.04k,30.28539u
,,258.06k,30.96466u
,,258.08k,30.60635u
,,258.1k,29.90983u
,,258.12k,27.96007u
,,258.14k,28.49478u
,,258.16k,29.80008u
,,258.18k,27.11885u
,,258.2k,23.88484u
,,258.22k,24.45923u
,,258.24k,26.83465u
,,258.26k,26.34803u
,,258.28k,24.4577u
,,258.3k,23.74214u
,,258.32k,22.00641u
,,258.34k,23.43244u
,,258.36k,30.86065u
,,258.38k,33.51834u
,,258.4k,28.34775u
,,258.42k,24.53298u
,,258.44k,23.48289u
,,258.46k,24.18209u
,,258.48k,27.69323u
,,258.5k,28.88408u
,,258.52k,25.94271u
,,258.54k,23.14102u
,,258.56k,23.75707u
,,258.58k,27.85057u
,,258.6k,30.18127u
,,258.62k,28.46582u
,,258.64k,26.749u
,,258.66k,25.4242u
,,258.68k,25.08127u
,,258.7k,26.88676u
,,258.72k,26.24319u
,,258.74k,24.48631u
,,258.76k,26.28973u
,,258.78k,28.0283u
,,258.8k,24.28779u
,,258.82k,19.68618u
,,258.84k,19.72828u
,,258.86k,23.15651u
,,258.88k,24.72656u
,,258.9k,25.05043u
,,258.92k,24.91775u
,,258.94k,21.71421u
,,258.96k,19.02017u
,,258.98k,20.81005u
,,259k,24.81729u
,,259.02k,25.33438u
,,259.04k,22.99116u
,,259.06k,21.66392u
,,259.08k,22.18223u
,,259.1k,25.26371u
,,259.12k,27.52037u
,,259.14k,26.32216u
,,259.16k,23.26135u
,,259.18k,21.05698u
,,259.2k,22.53294u
,,259.22k,24.85251u
,,259.24k,22.16911u
,,259.26k,18.22809u
,,259.28k,20.31949u
,,259.3k,24.12848u
,,259.32k,24.40931u
,,259.34k,23.75201u
,,259.36k,22.23783u
,,259.38k,19.16595u
,,259.4k,19.98956u
,,259.42k,23.18046u
,,259.44k,23.0913u
,,259.46k,19.7454u
,,259.48k,16.64715u
,,259.5k,18.05415u
,,259.52k,20.70976u
,,259.54k,20.48235u
,,259.56k,19.13827u
,,259.58k,20.18865u
,,259.6k,24.7822u
,,259.62k,26.99775u
,,259.64k,23.95644u
,,259.66k,22.98073u
,,259.68k,23.14482u
,,259.7k,18.66049u
,,259.72k,12.55893u
,,259.74k,10.15722u
,,259.76k,13.69522u
,,259.78k,17.97504u
,,259.8k,17.32765u
,,259.82k,16.40226u
,,259.84k,18.88684u
,,259.86k,19.37786u
,,259.88k,17.90345u
,,259.9k,20.00229u
,,259.92k,22.90676u
,,259.94k,22.32479u
,,259.96k,19.85495u
,,259.98k,19.52192u
,,260k,24.08374u
,,260.02k,27.81316u
,,260.04k,25.28065u
,,260.06k,22.09606u
,,260.08k,22.16387u
,,260.1k,21.51852u
,,260.12k,16.49521u
,,260.14k,12.1719u
,,260.16k,14.17596u
,,260.18k,18.26564u
,,260.2k,20.90795u
,,260.22k,20.09244u
,,260.24k,14.51666u
,,260.26k,9.737675u
,,260.28k,10.64592u
,,260.3k,15.67418u
,,260.32k,20.50451u
,,260.34k,21.14586u
,,260.36k,19.11881u
,,260.38k,16.24529u
,,260.4k,12.5324u
,,260.42k,11.94097u
,,260.44k,16.23534u
,,260.46k,21.1056u
,,260.48k,23.83329u
,,260.5k,24.22654u
,,260.52k,21.14621u
,,260.54k,17.15317u
,,260.56k,15.76019u
,,260.58k,17.1588u
,,260.6k,17.29648u
,,260.62k,15.42834u
,,260.64k,14.60364u
,,260.66k,14.48624u
,,260.68k,13.18555u
,,260.7k,12.71531u
,,260.72k,15.9023u
,,260.74k,19.03332u
,,260.76k,17.85917u
,,260.78k,15.54139u
,,260.8k,17.41913u
,,260.82k,19.60948u
,,260.84k,16.44342u
,,260.86k,12.74009u
,,260.88k,11.97202u
,,260.9k,14.26071u
,,260.92k,16.75838u
,,260.94k,18.16648u
,,260.96k,20.39948u
,,260.98k,20.98463u
,,261k,20.32549u
,,261.02k,20.91661u
,,261.04k,21.99226u
,,261.06k,22.33194u
,,261.08k,19.44309u
,,261.1k,13.89674u
,,261.12k,10.24611u
,,261.14k,8.480873u
,,261.16k,7.967103u
,,261.18k,12.99365u
,,261.2k,21.82873u
,,261.22k,24.72356u
,,261.24k,20.06314u
,,261.26k,13.78287u
,,261.28k,11.04413u
,,261.3k,14.1362u
,,261.32k,17.59008u
,,261.34k,15.47045u
,,261.36k,11.61816u
,,261.38k,11.45647u
,,261.4k,12.81314u
,,261.42k,12.91373u
,,261.44k,13.65639u
,,261.46k,18.49579u
,,261.48k,22.21027u
,,261.5k,19.70563u
,,261.52k,14.54032u
,,261.54k,14.44123u
,,261.56k,18.6513u
,,261.58k,18.40064u
,,261.6k,12.7968u
,,261.62k,11.6263u
,,261.64k,14.28088u
,,261.66k,18.3655u
,,261.68k,19.83343u
,,261.7k,18.91605u
,,261.72k,16.97088u
,,261.74k,12.48195u
,,261.76k,5.455477u
,,261.78k,3.117948u
,,261.8k,6.438521u
,,261.82k,10.06201u
,,261.84k,12.27886u
,,261.86k,15.10787u
,,261.88k,17.87552u
,,261.9k,20.74659u
,,261.92k,21.10732u
,,261.94k,18.802u
,,261.96k,17.54005u
,,261.98k,16.69027u
,,262k,13.47378u
,,262.02k,12.29467u
,,262.04k,14.74386u
,,262.06k,17.01961u
,,262.08k,17.85401u
,,262.1k,15.38637u
,,262.12k,12.12467u
,,262.14k,12.8004u
,,262.16k,13.29434u
,,262.18k,11.49662u
,,262.2k,10.99684u
,,262.22k,12.27408u
,,262.24k,11.75073u
,,262.26k,9.943139u
,,262.28k,9.797339u
,,262.3k,12.31475u
,,262.32k,14.37945u
,,262.34k,14.13262u
,,262.36k,14.42064u
,,262.38k,13.81236u
,,262.4k,9.773601u
,,262.42k,7.705829u
,,262.44k,12.10975u
,,262.46k,15.90819u
,,262.48k,15.54587u
,,262.5k,16.57393u
,,262.52k,20.52234u
,,262.54k,21.33324u
,,262.56k,15.92913u
,,262.58k,9.598325u
,,262.6k,7.979539u
,,262.62k,10.22417u
,,262.64k,13.24642u
,,262.66k,14.69384u
,,262.68k,11.91741u
,,262.7k,9.162481u
,,262.72k,11.85951u
,,262.74k,13.32191u
,,262.76k,12.38826u
,,262.78k,11.82442u
,,262.8k,11.94988u
,,262.82k,11.4401u
,,262.84k,10.19948u
,,262.86k,12.40524u
,,262.88k,18.28961u
,,262.9k,21.19532u
,,262.92k,20.16893u
,,262.94k,17.57412u
,,262.96k,17.14272u
,,262.98k,16.69477u
,,263k,13.78535u
,,263.02k,10.92152u
,,263.04k,9.481342u
,,263.06k,11.16837u
,,263.08k,16.71315u
,,263.1k,18.9506u
,,263.12k,15.56632u
,,263.14k,14.75898u
,,263.16k,12.55001u
,,263.18k,9.041245u
,,263.2k,9.72898u
,,263.22k,11.80409u
,,263.24k,13.67621u
,,263.26k,17.93296u
,,263.28k,19.47649u
,,263.3k,15.53068u
,,263.32k,10.80273u
,,263.34k,10.161u
,,263.36k,11.68441u
,,263.38k,12.74135u
,,263.4k,13.83855u
,,263.42k,14.83309u
,,263.44k,17.14836u
,,263.46k,20.86058u
,,263.48k,18.75749u
,,263.5k,11.61793u
,,263.52k,9.867281u
,,263.54k,13.50329u
,,263.56k,16.50852u
,,263.58k,17.62928u
,,263.6k,18.4744u
,,263.62k,17.52589u
,,263.64k,15.29369u
,,263.66k,15.04521u
,,263.68k,12.92092u
,,263.7k,11.85153u
,,263.72k,17.66532u
,,263.74k,24.04877u
,,263.76k,24.75356u
,,263.78k,20.87246u
,,263.8k,17.5444u
,,263.82k,16.92213u
,,263.84k,17.76639u
,,263.86k,21.23263u
,,263.88k,22.80036u
,,263.9k,19.25336u
,,263.92k,15.77947u
,,263.94k,14.854u
,,263.96k,12.94431u
,,263.98k,13.22628u
,,264k,16.99048u
,,264.02k,16.56179u
,,264.04k,13.75395u
,,264.06k,12.41163u
,,264.08k,11.17623u
,,264.1k,11.6404u
,,264.12k,12.05049u
,,264.14k,11.34857u
,,264.16k,11.10801u
,,264.18k,11.41167u
,,264.2k,11.99672u
,,264.22k,13.69016u
,,264.24k,17.37495u
,,264.26k,20.90037u
,,264.28k,21.31666u
,,264.3k,19.53078u
,,264.32k,18.50832u
,,264.34k,17.11383u
,,264.36k,14.6148u
,,264.38k,11.37345u
,,264.4k,8.235139u
,,264.42k,8.718468u
,,264.44k,13.62078u
,,264.46k,17.51782u
,,264.48k,19.70654u
,,264.5k,21.725u
,,264.52k,21.33468u
,,264.54k,20.34508u
,,264.56k,19.9184u
,,264.58k,18.91105u
,,264.6k,19.39353u
,,264.62k,19.83988u
,,264.64k,17.74943u
,,264.66k,16.18922u
,,264.68k,16.02188u
,,264.7k,14.2202u
,,264.72k,11.71834u
,,264.74k,13.95227u
,,264.76k,19.55878u
,,264.78k,22.16709u
,,264.8k,22.16961u
,,264.82k,22.93366u
,,264.84k,21.67737u
,,264.86k,20.08165u
,,264.88k,21.22819u
,,264.9k,19.63744u
,,264.92k,15.95567u
,,264.94k,17.61011u
,,264.96k,21.46513u
,,264.98k,21.98472u
,,265k,19.42088u
,,265.02k,16.16477u
,,265.04k,13.76948u
,,265.06k,14.49811u
,,265.08k,18.37271u
,,265.1k,19.53966u
,,265.12k,16.50993u
,,265.14k,14.88618u
,,265.16k,17.25881u
,,265.18k,18.42699u
,,265.2k,16.97129u
,,265.22k,15.96843u
,,265.24k,16.31641u
,,265.26k,20.09297u
,,265.28k,22.02435u
,,265.3k,17.67084u
,,265.32k,11.41008u
,,265.34k,9.003092u
,,265.36k,14.58171u
,,265.38k,19.26973u
,,265.4k,19.10184u
,,265.42k,18.97155u
,,265.44k,19.29016u
,,265.46k,17.56129u
,,265.48k,14.16493u
,,265.5k,13.4277u
,,265.52k,14.9932u
,,265.54k,15.36952u
,,265.56k,14.8631u
,,265.58k,16.09681u
,,265.6k,18.35601u
,,265.62k,19.61089u
,,265.64k,18.16064u
,,265.66k,16.8359u
,,265.68k,18.62714u
,,265.7k,20.19882u
,,265.72k,19.12891u
,,265.74k,19.16473u
,,265.76k,17.16051u
,,265.78k,13.02391u
,,265.8k,13.03832u
,,265.82k,15.40264u
,,265.84k,17.30729u
,,265.86k,20.38495u
,,265.88k,25.19891u
,,265.9k,27.18723u
,,265.92k,24.37628u
,,265.94k,21.03015u
,,265.96k,18.10894u
,,265.98k,14.87118u
,,266k,14.14668u
,,266.02k,16.96992u
,,266.04k,17.76627u
,,266.06k,14.82558u
,,266.08k,15.40287u
,,266.1k,20.92845u
,,266.12k,23.59507u
,,266.14k,22.83994u
,,266.16k,18.76026u
,,266.18k,13.88977u
,,266.2k,13.62127u
,,266.22k,16.82605u
,,266.24k,18.85617u
,,266.26k,18.69514u
,,266.28k,16.65258u
,,266.3k,15.28775u
,,266.32k,15.41786u
,,266.34k,17.09348u
,,266.36k,21.68207u
,,266.38k,24.46283u
,,266.4k,23.41971u
,,266.42k,22.63944u
,,266.44k,20.68464u
,,266.46k,18.02691u
,,266.48k,17.24953u
,,266.5k,18.167u
,,266.52k,21.42273u
,,266.54k,25.02504u
,,266.56k,28.04439u
,,266.58k,27.78358u
,,266.6k,22.93777u
,,266.62k,15.71568u
,,266.64k,10.65363u
,,266.66k,11.32077u
,,266.68k,14.67937u
,,266.7k,17.07568u
,,266.72k,18.24288u
,,266.74k,18.13614u
,,266.76k,18.60497u
,,266.78k,18.74238u
,,266.8k,18.55915u
,,266.82k,20.41009u
,,266.84k,21.45769u
,,266.86k,20.19796u
,,266.88k,18.77819u
,,266.9k,20.48501u
,,266.92k,20.68083u
,,266.94k,18.86619u
,,266.96k,18.85641u
,,266.98k,20.70521u
,,267k,23.968u
,,267.02k,25.93465u
,,267.04k,24.89648u
,,267.06k,23.81033u
,,267.08k,23.02432u
,,267.1k,21.43086u
,,267.12k,21.27801u
,,267.14k,26.95243u
,,267.16k,34.02057u
,,267.18k,34.08659u
,,267.2k,28.53422u
,,267.22k,25.93654u
,,267.24k,28.61318u
,,267.26k,30.85293u
,,267.28k,31.22695u
,,267.3k,30.77384u
,,267.32k,28.01939u
,,267.34k,26.11949u
,,267.36k,27.84586u
,,267.38k,28.9093u
,,267.4k,28.39154u
,,267.42k,28.95011u
,,267.44k,30.2755u
,,267.46k,29.18286u
,,267.48k,23.90154u
,,267.5k,19.14071u
,,267.52k,21.62885u
,,267.54k,28.75218u
,,267.56k,33.00756u
,,267.58k,32.02079u
,,267.6k,29.19145u
,,267.62k,29.33659u
,,267.64k,29.62349u
,,267.66k,27.81611u
,,267.68k,27.4952u
,,267.7k,31.27319u
,,267.72k,34.51102u
,,267.74k,32.87195u
,,267.76k,30.66106u
,,267.78k,31.1867u
,,267.8k,29.43639u
,,267.82k,23.79653u
,,267.84k,22.48404u
,,267.86k,27.81398u
,,267.88k,31.44107u
,,267.9k,32.00642u
,,267.92k,31.18467u
,,267.94k,28.48067u
,,267.96k,26.5966u
,,267.98k,28.54997u
,,268k,33.21574u
,,268.02k,34.80999u
,,268.04k,32.35752u
,,268.06k,29.91661u
,,268.08k,27.39593u
,,268.1k,23.67587u
,,268.12k,23.77334u
,,268.14k,28.35351u
,,268.16k,32.68638u
,,268.18k,35.32922u
,,268.2k,34.04137u
,,268.22k,30.43236u
,,268.24k,28.13072u
,,268.26k,28.98498u
,,268.28k,33.76802u
,,268.3k,36.55131u
,,268.32k,34.63527u
,,268.34k,31.64084u
,,268.36k,30.13713u
,,268.38k,30.78523u
,,268.4k,30.02306u
,,268.42k,25.76527u
,,268.44k,23.5964u
,,268.46k,25.65445u
,,268.48k,27.18083u
,,268.5k,26.67828u
,,268.52k,24.54089u
,,268.54k,23.86722u
,,268.56k,26.4574u
,,268.58k,31.41684u
,,268.6k,34.57656u
,,268.62k,30.66973u
,,268.64k,24.80394u
,,268.66k,23.38181u
,,268.68k,23.52862u
,,268.7k,22.8605u
,,268.72k,22.57838u
,,268.74k,21.32514u
,,268.76k,21.16178u
,,268.78k,23.24048u
,,268.8k,23.17868u
,,268.82k,21.84329u
,,268.84k,23.11136u
,,268.86k,25.7432u
,,268.88k,27.97362u
,,268.9k,27.96143u
,,268.92k,25.36416u
,,268.94k,24.0814u
,,268.96k,23.34782u
,,268.98k,19.65148u
,,269k,16.39585u
,,269.02k,18.72972u
,,269.04k,21.73876u
,,269.06k,23.2047u
,,269.08k,21.45352u
,,269.1k,19.09365u
,,269.12k,17.44392u
,,269.14k,16.82793u
,,269.16k,16.80004u
,,269.18k,17.95616u
,,269.2k,19.7554u
,,269.22k,21.54517u
,,269.24k,22.73645u
,,269.26k,21.07992u
,,269.28k,19.45706u
,,269.3k,22.07315u
,,269.32k,25.86089u
,,269.34k,26.47691u
,,269.36k,24.95282u
,,269.38k,20.88154u
,,269.4k,15.79875u
,,269.42k,13.52731u
,,269.44k,10.32394u
,,269.46k,10.06936u
,,269.48k,13.87524u
,,269.5k,13.4256u
,,269.52k,10.11132u
,,269.54k,8.545369u
,,269.56k,7.112147u
,,269.58k,6.922076u
,,269.6k,6.803001u
,,269.62k,10.41601u
,,269.64k,13.89641u
,,269.66k,11.10614u
,,269.68k,8.232409u
,,269.7k,7.933154u
,,269.72k,12.6753u
,,269.74k,16.51543u
,,269.76k,12.96661u
,,269.78k,11.08458u
,,269.8k,12.78894u
,,269.82k,13.5562u
,,269.84k,13.47854u
,,269.86k,12.32002u
,,269.88k,11.97118u
,,269.9k,12.95931u
,,269.92k,12.5995u
,,269.94k,13.07319u
,,269.96k,14.82171u
,,269.98k,14.49293u
,,270k,11.56663u
,,270.02k,10.8396u
,,270.04k,10.65795u
,,270.06k,10.84936u
,,270.08k,11.01803u
,,270.1k,11.2796u
,,270.12k,8.03641u
,,270.14k,7.536288u
,,270.16k,10.82849u
,,270.18k,14.15125u
,,270.2k,13.21628u
,,270.22k,10.3739u
,,270.24k,7.891246u
,,270.26k,3.578775u
,,270.28k,1.893878u
,,270.3k,3.337699u
,,270.32k,4.782127u
,,270.34k,4.94699u
,,270.36k,3.965651u
,,270.38k,3.505699u
,,270.4k,5.282129u
,,270.42k,8.410367u
,,270.44k,12.0565u
,,270.46k,12.45957u
,,270.48k,6.549382u
,,270.5k,4.205275u
,,270.52k,4.035544u
,,270.54k,7.984206u
,,270.56k,7.908905u
,,270.58k,5.068469u
,,270.6k,5.530764u
,,270.62k,6.661868u
,,270.64k,6.668527u
,,270.66k,6.666471u
,,270.68k,5.913189u
,,270.7k,4.360995u
,,270.72k,605.0183n
,,270.74k,6.245816u
,,270.76k,9.788632u
,,270.78k,10.0104u
,,270.8k,10.73377u
,,270.82k,11.63891u
,,270.84k,9.201809u
,,270.86k,6.144934u
,,270.88k,6.346485u
,,270.9k,9.079844u
,,270.92k,9.566316u
,,270.94k,7.999434u
,,270.96k,7.617503u
,,270.98k,8.89836u
,,271k,9.158835u
,,271.02k,5.088229u
,,271.04k,2.831462u
,,271.06k,3.700978u
,,271.08k,6.078107u
,,271.1k,6.195937u
,,271.12k,10.99683u
,,271.14k,15.17594u
,,271.16k,14.7218u
,,271.18k,12.63885u
,,271.2k,12.00851u
,,271.22k,11.58319u
,,271.24k,9.155725u
,,271.26k,10.39785u
,,271.28k,14.38003u
,,271.3k,17.36517u
,,271.32k,18.63834u
,,271.34k,17.55851u
,,271.36k,15.26792u
,,271.38k,15.82555u
,,271.4k,19.4251u
,,271.42k,22.11725u
,,271.44k,21.7482u
,,271.46k,20.15713u
,,271.48k,19.74335u
,,271.5k,20.69693u
,,271.52k,20.56248u
,,271.54k,17.26011u
,,271.56k,14.99649u
,,271.58k,15.98662u
,,271.6k,17.63696u
,,271.62k,19.26461u
,,271.64k,20.48568u
,,271.66k,21.68093u
,,271.68k,22.8986u
,,271.7k,22.15937u
,,271.72k,20.85617u
,,271.74k,18.43041u
,,271.76k,17.13725u
,,271.78k,21.0051u
,,271.8k,28.14336u
,,271.82k,31.08837u
,,271.84k,29.01459u
,,271.86k,28.60993u
,,271.88k,30.59064u
,,271.9k,32.39771u
,,271.92k,33.13636u
,,271.94k,30.68588u
,,271.96k,26.36452u
,,271.98k,22.61079u
,,272k,22.98208u
,,272.02k,26.60134u
,,272.04k,30.47686u
,,272.06k,30.10849u
,,272.08k,26.00821u
,,272.1k,23.39185u
,,272.12k,24.35421u
,,272.14k,25.61316u
,,272.16k,26.55497u
,,272.18k,29.23162u
,,272.2k,31.45692u
,,272.22k,31.46443u
,,272.24k,31.09844u
,,272.26k,29.76099u
,,272.28k,27.93953u
,,272.3k,27.82491u
,,272.32k,28.9676u
,,272.34k,30.22998u
,,272.36k,31.31954u
,,272.38k,33.00756u
,,272.4k,34.68871u
,,272.42k,35.11697u
,,272.44k,36.90285u
,,272.46k,38.61136u
,,272.48k,38.14055u
,,272.5k,38.35256u
,,272.52k,41.10887u
,,272.54k,43.68066u
,,272.56k,39.73294u
,,272.58k,31.03601u
,,272.6k,26.63148u
,,272.62k,28.06387u
,,272.64k,31.32794u
,,272.66k,33.5744u
,,272.68k,33.60903u
,,272.7k,32.7689u
,,272.72k,32.05749u
,,272.74k,31.14348u
,,272.76k,29.94192u
,,272.78k,30.92829u
,,272.8k,32.47219u
,,272.82k,32.87756u
,,272.84k,34.67218u
,,272.86k,37.22169u
,,272.88k,39.45152u
,,272.9k,39.21583u
,,272.92k,38.3221u
,,272.94k,39.96744u
,,272.96k,42.51743u
,,272.98k,42.30701u
,,273k,37.57216u
,,273.02k,33.52028u
,,273.04k,32.40081u
,,273.06k,32.71983u
,,273.08k,34.32049u
,,273.1k,34.48844u
,,273.12k,33.574u
,,273.14k,33.25068u
,,273.16k,33.49796u
,,273.18k,34.53311u
,,273.2k,36.9591u
,,273.22k,39.65554u
,,273.24k,42.7799u
,,273.26k,47.58211u
,,273.28k,49.96867u
,,273.3k,47.17482u
,,273.32k,43.92048u
,,273.34k,42.53723u
,,273.36k,40.9469u
,,273.38k,40.5701u
,,273.4k,42.31127u
,,273.42k,42.39602u
,,273.44k,41.64071u
,,273.46k,43.48842u
,,273.48k,44.24235u
,,273.5k,43.58494u
,,273.52k,46.02612u
,,273.54k,49.33382u
,,273.56k,48.95751u
,,273.58k,45.06378u
,,273.6k,41.86402u
,,273.62k,40.80999u
,,273.64k,37.90652u
,,273.66k,36.37966u
,,273.68k,40.46367u
,,273.7k,46.74267u
,,273.72k,51.36433u
,,273.74k,50.328u
,,273.76k,42.52119u
,,273.78k,37.27089u
,,273.8k,41.16639u
,,273.82k,49.19725u
,,273.84k,53.68722u
,,273.86k,53.23691u
,,273.88k,51.54715u
,,273.9k,51.92265u
,,273.92k,51.70719u
,,273.94k,52.66879u
,,273.96k,59.1495u
,,273.98k,62.94956u
,,274k,59.59393u
,,274.02k,53.97292u
,,274.04k,49.4135u
,,274.06k,48.61979u
,,274.08k,50.52684u
,,274.1k,51.715u
,,274.12k,54.74221u
,,274.14k,56.86543u
,,274.16k,56.03167u
,,274.18k,54.20304u
,,274.2k,53.43761u
,,274.22k,54.77673u
,,274.24k,56.81651u
,,274.26k,55.73237u
,,274.28k,52.02803u
,,274.3k,49.54968u
,,274.32k,49.31858u
,,274.34k,51.54204u
,,274.36k,54.73284u
,,274.38k,56.90753u
,,274.4k,57.04751u
,,274.42k,54.97486u
,,274.44k,54.54648u
,,274.46k,59.62024u
,,274.48k,64.1469u
,,274.5k,63.8988u
,,274.52k,61.42167u
,,274.54k,60.03695u
,,274.56k,62.31219u
,,274.58k,62.67252u
,,274.6k,59.87206u
,,274.62k,61.45459u
,,274.64k,63.82161u
,,274.66k,60.15329u
,,274.68k,56.06262u
,,274.7k,56.68464u
,,274.72k,60.41044u
,,274.74k,63.16752u
,,274.76k,65.80566u
,,274.78k,70.51537u
,,274.8k,71.43795u
,,274.82k,68.00776u
,,274.84k,65.7135u
,,274.86k,64.40897u
,,274.88k,62.52247u
,,274.9k,58.75258u
,,274.92k,56.23846u
,,274.94k,58.33998u
,,274.96k,62.43596u
,,274.98k,64.89174u
,,275k,64.75303u
,,275.02k,65.18253u
,,275.04k,67.18908u
,,275.06k,67.98494u
,,275.08k,67.25051u
,,275.1k,67.42442u
,,275.12k,67.65822u
,,275.14k,66.02194u
,,275.16k,65.25417u
,,275.18k,66.7197u
,,275.2k,68.16918u
,,275.22k,68.00177u
,,275.24k,66.41059u
,,275.26k,66.98575u
,,275.28k,72.10789u
,,275.3k,76.30545u
,,275.32k,74.80572u
,,275.34k,70.33412u
,,275.36k,66.79411u
,,275.38k,68.1499u
,,275.4k,73.47015u
,,275.42k,76.33076u
,,275.44k,75.95928u
,,275.46k,75.37987u
,,275.48k,76.0313u
,,275.5k,77.19174u
,,275.52k,78.41429u
,,275.54k,77.76175u
,,275.56k,74.51886u
,,275.58k,72.00056u
,,275.6k,73.21247u
,,275.62k,76.78174u
,,275.64k,78.83923u
,,275.66k,80.18214u
,,275.68k,82.55993u
,,275.7k,83.21366u
,,275.72k,82.86683u
,,275.74k,83.62875u
,,275.76k,83.69771u
,,275.78k,83.96693u
,,275.8k,84.56002u
,,275.82k,84.62424u
,,275.84k,86.0109u
,,275.86k,87.05897u
,,275.88k,87.01017u
,,275.9k,87.73751u
,,275.92k,85.76057u
,,275.94k,81.04104u
,,275.96k,80.26716u
,,275.98k,83.85509u
,,276k,87.78488u
,,276.02k,88.30719u
,,276.04k,88.0389u
,,276.06k,91.51339u
,,276.08k,94.01076u
,,276.1k,91.84182u
,,276.12k,90.76182u
,,276.14k,91.55217u
,,276.16k,88.39985u
,,276.18k,85.87054u
,,276.2k,88.61476u
,,276.22k,92.65738u
,,276.24k,96.33649u
,,276.26k,98.73981u
,,276.28k,98.2621u
,,276.3k,98.42081u
,,276.32k,100.8471u
,,276.34k,101.5984u
,,276.36k,99.9928u
,,276.38k,98.01794u
,,276.4k,95.97001u
,,276.42k,94.02841u
,,276.44k,93.6135u
,,276.46k,95.21967u
,,276.48k,97.37515u
,,276.5k,99.66059u
,,276.52k,101.4591u
,,276.54k,101.2108u
,,276.56k,97.27445u
,,276.58k,94.18349u
,,276.6k,98.39477u
,,276.62k,105.236u
,,276.64k,106.9957u
,,276.66k,106.1421u
,,276.68k,104.8284u
,,276.7k,105.9079u
,,276.72k,111.4589u
,,276.74k,114.3614u
,,276.76k,114.0983u
,,276.78k,113.4315u
,,276.8k,109.1069u
,,276.82k,104.1458u
,,276.84k,104.5759u
,,276.86k,108.5516u
,,276.88k,109.3289u
,,276.9k,106.1466u
,,276.92k,104.0136u
,,276.94k,106.1161u
,,276.96k,110.9289u
,,276.98k,112.6165u
,,277k,109.5592u
,,277.02k,108.874u
,,277.04k,113.5317u
,,277.06k,116.449u
,,277.08k,113.9511u
,,277.1k,110.0223u
,,277.12k,109.7625u
,,277.14k,111.7229u
,,277.16k,112.0425u
,,277.18k,111.8633u
,,277.2k,112.81u
,,277.22k,113.8687u
,,277.24k,114.2816u
,,277.26k,117.5486u
,,277.28k,124.4511u
,,277.3k,129.4388u
,,277.32k,129.1632u
,,277.34k,128.1616u
,,277.36k,127.8141u
,,277.38k,125.8632u
,,277.4k,125.4543u
,,277.42k,126.0496u
,,277.44k,125.0399u
,,277.46k,123.9842u
,,277.48k,125.0714u
,,277.5k,127.1847u
,,277.52k,126.7903u
,,277.54k,125.1494u
,,277.56k,125.0399u
,,277.58k,127.5987u
,,277.6k,132.502u
,,277.62k,135.1137u
,,277.64k,134.7178u
,,277.66k,133.8608u
,,277.68k,132.5402u
,,277.7k,133.2286u
,,277.72k,135.7471u
,,277.74k,135.8021u
,,277.76k,135.4192u
,,277.78k,138.1294u
,,277.8k,142.291u
,,277.82k,144.2689u
,,277.84k,142.5291u
,,277.86k,141.1634u
,,277.88k,142.6964u
,,277.9k,142.6801u
,,277.92k,143.0041u
,,277.94k,145.9595u
,,277.96k,143.9221u
,,277.98k,138.7858u
,,278k,139.5349u
,,278.02k,143.9497u
,,278.04k,146.6379u
,,278.06k,146.1259u
,,278.08k,143.9236u
,,278.1k,143.2884u
,,278.12k,144.7664u
,,278.14k,147.3106u
,,278.16k,148.5158u
,,278.18k,146.9468u
,,278.2k,144.3273u
,,278.22k,144.7469u
,,278.24k,150.748u
,,278.26k,156.3485u
,,278.28k,156.3385u
,,278.3k,154.0155u
,,278.32k,151.0203u
,,278.34k,147.575u
,,278.36k,147.7876u
,,278.38k,153.5311u
,,278.4k,159.6435u
,,278.42k,159.0665u
,,278.44k,153.5321u
,,278.46k,150.203u
,,278.48k,151.074u
,,278.5k,152.5237u
,,278.52k,152.585u
,,278.54k,153.372u
,,278.56k,154.4952u
,,278.58k,155.1928u
,,278.6k,155.5389u
,,278.62k,155.169u
,,278.64k,155.4252u
,,278.66k,157.4166u
,,278.68k,158.9564u
,,278.7k,158.0376u
,,278.72k,157.7505u
,,278.74k,160.075u
,,278.76k,161.5377u
,,278.78k,162.9315u
,,278.8k,166.2872u
,,278.82k,169.775u
,,278.84k,170.3727u
,,278.86k,166.5977u
,,278.88k,163.8744u
,,278.9k,165.1304u
,,278.92k,165.8789u
,,278.94k,164.4565u
,,278.96k,162.1456u
,,278.98k,159.7978u
,,279k,160.1144u
,,279.02k,162.209u
,,279.04k,163.5174u
,,279.06k,163.0265u
,,279.08k,159.6666u
,,279.1k,158.1872u
,,279.12k,161.2923u
,,279.14k,164.88u
,,279.16k,165.7999u
,,279.18k,163.842u
,,279.2k,162.3151u
,,279.22k,161.6678u
,,279.24k,161.3862u
,,279.26k,163.2872u
,,279.28k,165.6227u
,,279.3k,167.8671u
,,279.32k,167.4676u
,,279.34k,162.4701u
,,279.36k,160.0844u
,,279.38k,160.0543u
,,279.4k,158.9411u
,,279.42k,160.7833u
,,279.44k,166.1122u
,,279.46k,168.6743u
,,279.48k,164.4211u
,,279.5k,159.5314u
,,279.52k,160.2662u
,,279.54k,163.6424u
,,279.56k,164.4596u
,,279.58k,162.6644u
,,279.6k,160.896u
,,279.62k,160.3068u
,,279.64k,159.9167u
,,279.66k,158.3258u
,,279.68k,156.2001u
,,279.7k,155.3182u
,,279.72k,155.6673u
,,279.74k,155.847u
,,279.76k,156.1346u
,,279.78k,156.2554u
,,279.8k,156.5786u
,,279.82k,157.2719u
,,279.84k,156.4884u
,,279.86k,154.8981u
,,279.88k,152.6246u
,,279.9k,151.2675u
,,279.92k,154.0196u
,,279.94k,157.7113u
,,279.96k,156.0535u
,,279.98k,149.3511u
,,280k,145.3956u
,,280.02k,146.4361u
,,280.04k,147.2597u
,,280.06k,147.3143u
,,280.08k,148.0673u
,,280.1k,147.7019u
,,280.12k,145.4293u
,,280.14k,143.4713u
,,280.16k,143.6511u
,,280.18k,145.2682u
,,280.2k,146.074u
,,280.22k,145.0757u
,,280.24k,143.302u
,,280.26k,140.8262u
,,280.28k,137.9793u
,,280.3k,139.0305u
,,280.32k,144.1659u
,,280.34k,144.8089u
,,280.36k,140.524u
,,280.38k,137.421u
,,280.4k,134.6244u
,,280.42k,131.9659u
,,280.44k,131.9445u
,,280.46k,133.7717u
,,280.48k,134.9403u
,,280.5k,137.2009u
,,280.52k,141.3814u
,,280.54k,140.9772u
,,280.56k,137.3933u
,,280.58k,138.1781u
,,280.6k,141.9112u
,,280.62k,142.7055u
,,280.64k,140.6123u
,,280.66k,138.0102u
,,280.68k,133.7319u
,,280.7k,130.2042u
,,280.72k,130.2656u
,,280.74k,131.3135u
,,280.76k,132.656u
,,280.78k,136.0556u
,,280.8k,139.1316u
,,280.82k,139.0161u
,,280.84k,138.3299u
,,280.86k,137.8325u
,,280.88k,136.3706u
,,280.9k,137.4131u
,,280.92k,141.3089u
,,280.94k,143.6163u
,,280.96k,143.2121u
,,280.98k,142.5146u
,,281k,142.7178u
,,281.02k,144.374u
,,281.04k,146.4494u
,,281.06k,147.1244u
,,281.08k,146.8579u
,,281.1k,147.0268u
,,281.12k,147.0548u
,,281.14k,146.2545u
,,281.16k,146.9399u
,,281.18k,150.1191u
,,281.2k,153.3063u
,,281.22k,152.7595u
,,281.24k,149.7908u
,,281.26k,148.8199u
,,281.28k,150.4244u
,,281.3k,153.1776u
,,281.32k,155.0931u
,,281.34k,156.2241u
,,281.36k,158.0364u
,,281.38k,158.8081u
,,281.4k,158.061u
,,281.42k,159.68u
,,281.44k,162.9074u
,,281.46k,163.6014u
,,281.48k,162.518u
,,281.5k,161.3011u
,,281.52k,161.7187u
,,281.54k,164.4956u
,,281.56k,167.7236u
,,281.58k,169.7146u
,,281.6k,169.7282u
,,281.62k,169.879u
,,281.64k,171.2293u
,,281.66k,173.8763u
,,281.68k,177.9173u
,,281.7k,180.1712u
,,281.72k,180.4914u
,,281.74k,180.6512u
,,281.76k,181.8206u
,,281.78k,185.5533u
,,281.8k,188.8026u
,,281.82k,188.3482u
,,281.84k,187.6522u
,,281.86k,192.0972u
,,281.88k,200.1368u
,,281.9k,205.0933u
,,281.92k,206.7398u
,,281.94k,208.1757u
,,281.96k,208.0323u
,,281.98k,207.6088u
,,282k,210.0806u
,,282.02k,215.2368u
,,282.04k,218.9865u
,,282.06k,217.7976u
,,282.08k,216.1423u
,,282.1k,217.6094u
,,282.12k,219.606u
,,282.14k,222.3329u
,,282.16k,227.9635u
,,282.18k,234.3657u
,,282.2k,238.212u
,,282.22k,240.7631u
,,282.24k,244.147u
,,282.26k,248.222u
,,282.28k,251.2251u
,,282.3k,253.2372u
,,282.32k,257.9575u
,,282.34k,263.591u
,,282.36k,264.7433u
,,282.38k,264.7586u
,,282.4k,268.8117u
,,282.42k,272.7167u
,,282.44k,274.2152u
,,282.46k,276.5937u
,,282.48k,280.3645u
,,282.5k,285.7259u
,,282.52k,290.7286u
,,282.54k,293.207u
,,282.56k,296.654u
,,282.58k,302.0232u
,,282.6k,306.2909u
,,282.62k,307.3122u
,,282.64k,306.3308u
,,282.66k,310.0332u
,,282.68k,318.6035u
,,282.7k,326.3472u
,,282.72k,333.4205u
,,282.74k,339.3761u
,,282.76k,342.9641u
,,282.78k,346.2497u
,,282.8k,349.3462u
,,282.82k,353.0301u
,,282.84k,359.3757u
,,282.86k,365.594u
,,282.88k,368.3559u
,,282.9k,368.4399u
,,282.92k,370.7633u
,,282.94k,379.5498u
,,282.96k,390.0696u
,,282.98k,397.0483u
,,283k,400.667u
,,283.02k,402.2067u
,,283.04k,404.2122u
,,283.06k,407.5593u
,,283.08k,412.7491u
,,283.1k,420.0017u
,,283.12k,425.9871u
,,283.14k,430.8188u
,,283.16k,435.5593u
,,283.18k,438.0437u
,,283.2k,439.898u
,,283.22k,444.7074u
,,283.24k,452.0586u
,,283.26k,459.8535u
,,283.28k,466.1056u
,,283.3k,468.7796u
,,283.32k,470.54u
,,283.34k,476.3945u
,,283.36k,484.9836u
,,283.38k,491.3897u
,,283.4k,495.1889u
,,283.42k,500.1177u
,,283.44k,506.7971u
,,283.46k,510.9639u
,,283.48k,513.4399u
,,283.5k,518.9038u
,,283.52k,524.9684u
,,283.54k,528.3292u
,,283.56k,532.1895u
,,283.58k,537.94u
,,283.6k,542.2856u
,,283.62k,545.1006u
,,283.64k,549.4356u
,,283.66k,554.2792u
,,283.68k,559.1635u
,,283.7k,564.5566u
,,283.72k,568.2314u
,,283.74k,572.4026u
,,283.76k,576.5207u
,,283.78k,579.3087u
,,283.8k,584.9773u
,,283.82k,592.9239u
,,283.84k,598.6656u
,,283.86k,601.3318u
,,283.88k,604.2392u
,,283.9k,607.941u
,,283.92k,609.7965u
,,283.94k,611.8237u
,,283.96k,617.858u
,,283.98k,624.6439u
,,284k,626.3021u
,,284.02k,624.4207u
,,284.04k,624.6206u
,,284.06k,630.3828u
,,284.08k,641.4589u
,,284.1k,649.7663u
,,284.12k,650.3828u
,,284.14k,650.6431u
,,284.16k,653.3288u
,,284.18k,654.9995u
,,284.2k,659.2074u
,,284.22k,667.5322u
,,284.24k,672.8389u
,,284.26k,674.759u
,,284.28k,676.7476u
,,284.3k,676.0356u
,,284.32k,675.1699u
,,284.34k,677.6077u
,,284.36k,681.1462u
,,284.38k,685.1743u
,,284.4k,688.4814u
,,284.42k,690.3413u
,,284.44k,690.8801u
,,284.46k,691.532u
,,284.48k,695.3761u
,,284.5k,699.1463u
,,284.52k,698.1029u
,,284.54k,694.7505u
,,284.56k,694.0821u
,,284.58k,696.2854u
,,284.6k,698.3728u
,,284.62k,700.4065u
,,284.64k,701.4452u
,,284.66k,700.7499u
,,284.68k,701.6854u
,,284.7k,705.5739u
,,284.72k,708.5641u
,,284.74k,705.7894u
,,284.76k,703.0137u
,,284.78k,705.7148u
,,284.8k,706.5254u
,,284.82k,701.8426u
,,284.84k,698.1498u
,,284.86k,698.9697u
,,284.88k,699.6467u
,,284.9k,699.0563u
,,284.92k,700.22u
,,284.94k,701.3015u
,,284.96k,701.403u
,,284.98k,700.9965u
,,285k,700.0006u
,,285.02k,698.2428u
,,285.04k,694.5153u
,,285.06k,691.1457u
,,285.08k,688.5886u
,,285.1k,686.5028u
,,285.12k,686.28u
,,285.14k,683.1089u
,,285.16k,675.8871u
,,285.18k,672.5225u
,,285.2k,673.231u
,,285.22k,670.4595u
,,285.24k,665.643u
,,285.26k,667.0753u
,,285.28k,673.3846u
,,285.3k,675.0217u
,,285.32k,670.1455u
,,285.34k,664.1476u
,,285.36k,661.2308u
,,285.38k,660.1491u
,,285.4k,657.2274u
,,285.42k,653.5152u
,,285.44k,652.3485u
,,285.46k,652.4924u
,,285.48k,649.7364u
,,285.5k,645.4425u
,,285.52k,643.5332u
,,285.54k,641.482u
,,285.56k,635.1993u
,,285.58k,625.5877u
,,285.6k,619.0572u
,,285.62k,618.1408u
,,285.64k,616.0095u
,,285.66k,612.9017u
,,285.68k,614.2079u
,,285.7k,614.7416u
,,285.72k,610.7301u
,,285.74k,607.2388u
,,285.76k,604.2952u
,,285.78k,598.9843u
,,285.8k,594.3835u
,,285.82k,591.6959u
,,285.84k,588.8213u
,,285.86k,585.9706u
,,285.88k,582.807u
,,285.9k,580.5411u
,,285.92k,579.1354u
,,285.94k,575.7524u
,,285.96k,574.7585u
,,285.98k,578.0647u
,,286k,578.929u
,,286.02k,574.5874u
,,286.04k,567.5544u
,,286.06k,562.2946u
,,286.08k,560.3972u
,,286.1k,558.9269u
,,286.12k,558.9236u
,,286.14k,563.1393u
,,286.16k,566.6914u
,,286.18k,566.347u
,,286.2k,565.1961u
,,286.22k,562.876u
,,286.24k,561.3166u
,,286.26k,562.2128u
,,286.28k,560.4833u
,,286.3k,557.7984u
,,286.32k,557.8499u
,,286.34k,558.4027u
,,286.36k,558.0984u
,,286.38k,560.1319u
,,286.4k,565.8175u
,,286.42k,569.9008u
,,286.44k,570.0575u
,,286.46k,567.8905u
,,286.48k,565.541u
,,286.5k,564.6233u
,,286.52k,565.6097u
,,286.54k,569.8938u
,,286.56k,574.6009u
,,286.58k,574.931u
,,286.6k,574.257u
,,286.62k,578.4047u
,,286.64k,585.46u
,,286.66k,591.1008u
,,286.68k,592.7667u
,,286.7k,590.7863u
,,286.72k,590.8372u
,,286.74k,594.8942u
,,286.76k,598.189u
,,286.78k,598.7312u
,,286.8k,599.6483u
,,286.82k,602.1511u
,,286.84k,602.4306u
,,286.86k,600.8768u
,,286.88k,602.9813u
,,286.9k,606.1022u
,,286.92k,605.3372u
,,286.94k,602.8235u
,,286.96k,601.5262u
,,286.98k,602.7041u
,,287k,606.4476u
,,287.02k,610.237u
,,287.04k,611.6514u
,,287.06k,612.8566u
,,287.08k,614.734u
,,287.1k,614.4971u
,,287.12k,612.1076u
,,287.14k,609.7889u
,,287.16k,607.7827u
,,287.18k,605.4467u
,,287.2k,604.9434u
,,287.22k,605.0317u
,,287.24k,604.6714u
,,287.26k,607.962u
,,287.28k,612.3094u
,,287.3k,613.2242u
,,287.32k,612.5253u
,,287.34k,611.2919u
,,287.36k,607.0451u
,,287.38k,601.3851u
,,287.4k,599.9643u
,,287.42k,602.8625u
,,287.44k,604.0124u
,,287.46k,601.5331u
,,287.48k,600.1875u
,,287.5k,600.1944u
,,287.52k,599.3121u
,,287.54k,598.3814u
,,287.56k,596.0825u
,,287.58k,592.9027u
,,287.6k,591.9784u
,,287.62k,591.9388u
,,287.64k,590.1879u
,,287.66k,585.7456u
,,287.68k,578.6433u
,,287.7k,571.6846u
,,287.72k,570.5547u
,,287.74k,573.6026u
,,287.76k,573.0845u
,,287.78k,570.8043u
,,287.8k,570.1767u
,,287.82k,569.0048u
,,287.84k,567.6484u
,,287.86k,566.826u
,,287.88k,565.2421u
,,287.9k,561.6848u
,,287.92k,557.6798u
,,287.94k,555.7831u
,,287.96k,552.3501u
,,287.98k,545.7167u
,,288k,540.4326u
,,288.02k,538.6462u
,,288.04k,538.5101u
,,288.06k,535.8915u
,,288.08k,530.9212u
,,288.1k,527.332u
,,288.12k,525.4465u
,,288.14k,524.7155u
,,288.16k,526.2988u
,,288.18k,527.5361u
,,288.2k,524.1486u
,,288.22k,518.0635u
,,288.24k,511.6187u
,,288.26k,506.257u
,,288.28k,503.6309u
,,288.3k,500.7807u
,,288.32k,495.8883u
,,288.34k,493.3771u
,,288.36k,493.0629u
,,288.38k,488.7046u
,,288.4k,484.0627u
,,288.42k,484.2405u
,,288.44k,483.4915u
,,288.46k,479.1725u
,,288.48k,474.858u
,,288.5k,470.9293u
,,288.52k,467.773u
,,288.54k,467.9703u
,,288.56k,468.0707u
,,288.58k,464.2503u
,,288.6k,460.7677u
,,288.62k,459.5006u
,,288.64k,457.2815u
,,288.66k,453.9068u
,,288.68k,450.8519u
,,288.7k,447.1561u
,,288.72k,442.5532u
,,288.74k,439.7566u
,,288.76k,440.2021u
,,288.78k,440.0842u
,,288.8k,436.3399u
,,288.82k,432.0021u
,,288.84k,428.7956u
,,288.86k,424.8568u
,,288.88k,421.3959u
,,288.9k,419.2509u
,,288.92k,414.7642u
,,288.94k,406.7196u
,,288.96k,399.2137u
,,288.98k,397.6354u
,,289k,401.8621u
,,289.02k,404.7623u
,,289.04k,402.4295u
,,289.06k,396.3786u
,,289.08k,389.3051u
,,289.1k,383.8972u
,,289.12k,379.5616u
,,289.14k,376.1483u
,,289.16k,373.4088u
,,289.18k,371.53u
,,289.2k,371.2057u
,,289.22k,369.5576u
,,289.24k,366.3175u
,,289.26k,362.1435u
,,289.28k,358.2559u
,,289.3k,355.9572u
,,289.32k,352.2726u
,,289.34k,345.8892u
,,289.36k,340.8913u
,,289.38k,338.1855u
,,289.4k,334.3939u
,,289.42k,331.5376u
,,289.44k,331.6632u
,,289.46k,329.8984u
,,289.48k,324.8013u
,,289.5k,319.6369u
,,289.52k,313.4875u
,,289.54k,306.8064u
,,289.56k,302.7345u
,,289.58k,301.5225u
,,289.6k,298.5185u
,,289.62k,291.5379u
,,289.64k,286.2462u
,,289.66k,284.8572u
,,289.68k,283.3492u
,,289.7k,279.3687u
,,289.72k,275.2969u
,,289.74k,272.2868u
,,289.76k,267.5038u
,,289.78k,261.0643u
,,289.8k,255.825u
,,289.82k,253.2325u
,,289.84k,252.4286u
,,289.86k,250.4856u
,,289.88k,248.5964u
,,289.9k,248.3329u
,,289.92k,245.5273u
,,289.94k,239.5705u
,,289.96k,233.4197u
,,289.98k,227.8877u
,,290k,225.0918u
,,290.02k,222.5142u
,,290.04k,216.416u
,,290.06k,211.6582u
,,290.08k,209.1618u
,,290.1k,203.8667u
,,290.12k,197.8949u
,,290.14k,196.4917u
,,290.16k,197.2551u
,,290.18k,195.0633u
,,290.2k,189.9729u
,,290.22k,185.2623u
,,290.24k,180.9216u
,,290.26k,176.4636u
,,290.28k,174.0847u
,,290.3k,173.8641u
,,290.32k,175.4074u
,,290.34k,175.1495u
,,290.36k,168.5726u
,,290.38k,158.7766u
,,290.4k,151.2251u
,,290.42k,148.77u
,,290.44k,150.3713u
,,290.46k,150.9187u
,,290.48k,148.4476u
,,290.5k,145.5916u
,,290.52k,142.2301u
,,290.54k,138.629u
,,290.56k,136.9225u
,,290.58k,136.2031u
,,290.6k,134.218u
,,290.62k,130.6122u
,,290.64k,127.0719u
,,290.66k,125.4156u
,,290.68k,125.4045u
,,290.7k,124.5428u
,,290.72k,119.618u
,,290.74k,113.6147u
,,290.76k,113.0783u
,,290.78k,115.0137u
,,290.8k,114.0923u
,,290.82k,110.9185u
,,290.84k,107.4999u
,,290.86k,104.9742u
,,290.88k,103.481u
,,290.9k,101.7533u
,,290.92k,97.22877u
,,290.94k,93.74614u
,,290.96k,96.35207u
,,290.98k,98.91756u
,,291k,96.59899u
,,291.02k,93.33069u
,,291.04k,92.68665u
,,291.06k,92.93655u
,,291.08k,90.46136u
,,291.1k,85.93754u
,,291.12k,83.95228u
,,291.14k,84.9485u
,,291.16k,85.90396u
,,291.18k,84.60698u
,,291.2k,79.83346u
,,291.22k,75.29879u
,,291.24k,75.53532u
,,291.26k,76.78826u
,,291.28k,75.2733u
,,291.3k,73.91799u
,,291.32k,72.06295u
,,291.34k,68.85651u
,,291.36k,66.83255u
,,291.38k,68.31193u
,,291.4k,70.66762u
,,291.42k,69.28281u
,,291.44k,66.91728u
,,291.46k,66.94313u
,,291.48k,67.86405u
,,291.5k,67.09185u
,,291.52k,64.84536u
,,291.54k,65.16989u
,,291.56k,67.16954u
,,291.58k,67.47336u
,,291.6k,67.54537u
,,291.62k,67.20955u
,,291.64k,66.37919u
,,291.66k,67.30433u
,,291.68k,68.31833u
,,291.7k,67.46048u
,,291.72k,68.9057u
,,291.74k,71.26684u
,,291.76k,70.03927u
,,291.78k,68.47396u
,,291.8k,69.43519u
,,291.82k,70.96935u
,,291.84k,70.78485u
,,291.86k,70.07407u
,,291.88k,70.37115u
,,291.9k,70.46477u
,,291.92k,70.4924u
,,291.94k,70.93371u
,,291.96k,72.57738u
,,291.98k,74.81908u
,,292k,76.17015u
,,292.02k,76.62881u
,,292.04k,78.08595u
,,292.06k,81.50069u
,,292.08k,84.23378u
,,292.1k,86.15894u
,,292.12k,86.52154u
,,292.14k,86.00502u
,,292.16k,88.48637u
,,292.18k,92.50893u
,,292.2k,95.43643u
,,292.22k,96.79297u
,,292.24k,97.2977u
,,292.26k,97.47996u
,,292.28k,97.50301u
,,292.3k,99.16218u
,,292.32k,102.0404u
,,292.34k,103.183u
,,292.36k,103.327u
,,292.38k,104.8116u
,,292.4k,109.0401u
,,292.42k,115.4411u
,,292.44k,119.479u
,,292.46k,121.1278u
,,292.48k,121.7786u
,,292.5k,120.5894u
,,292.52k,120.7574u
,,292.54k,123.2369u
,,292.56k,125.4918u
,,292.58k,130.0398u
,,292.6k,137.3038u
,,292.62k,142.9312u
,,292.64k,148.6816u
,,292.66k,153.3614u
,,292.68k,152.7588u
,,292.7k,152.6233u
,,292.72k,155.0508u
,,292.74k,156.1922u
,,292.76k,157.1722u
,,292.78k,159.6122u
,,292.8k,164.747u
,,292.82k,173.5131u
,,292.84k,181.7062u
,,292.86k,185.0024u
,,292.88k,184.351u
,,292.9k,183.2174u
,,292.92k,184.5843u
,,292.94k,189.6501u
,,292.96k,195.2985u
,,292.98k,199.7058u
,,293k,205.1111u
,,293.02k,209.3197u
,,293.04k,212.2229u
,,293.06k,217.4228u
,,293.08k,223.7419u
,,293.1k,230.2186u
,,293.12k,236.4715u
,,293.14k,242.8145u
,,293.16k,247.8965u
,,293.18k,247.8361u
,,293.2k,246.517u
,,293.22k,251.3344u
,,293.24k,261.1479u
,,293.26k,268.7229u
,,293.28k,272.6386u
,,293.3k,277.4212u
,,293.32k,283.183u
,,293.34k,287.5451u
,,293.36k,288.5841u
,,293.38k,289.3412u
,,293.4k,296.0086u
,,293.42k,303.6851u
,,293.44k,308.4412u
,,293.46k,314.913u
,,293.48k,322.6955u
,,293.5k,330.0306u
,,293.52k,335.2122u
,,293.54k,337.2884u
,,293.56k,341.3153u
,,293.58k,349.2187u
,,293.6k,356.1693u
,,293.62k,360.3817u
,,293.64k,365.6578u
,,293.66k,373.9469u
,,293.68k,381.0948u
,,293.7k,384.3181u
,,293.72k,387.968u
,,293.74k,394.5358u
,,293.76k,400.7118u
,,293.78k,404.1294u
,,293.8k,408.8068u
,,293.82k,416.1081u
,,293.84k,421.8586u
,,293.86k,426.739u
,,293.88k,432.0962u
,,293.9k,436.2777u
,,293.92k,439.1475u
,,293.94k,444.4248u
,,293.96k,452.8254u
,,293.98k,460.4564u
,,294k,466.7661u
,,294.02k,471.9608u
,,294.04k,474.3116u
,,294.06k,476.1726u
,,294.08k,481.9012u
,,294.1k,489.7608u
,,294.12k,495.922u
,,294.14k,503.0087u
,,294.16k,513.3177u
,,294.18k,520.6315u
,,294.2k,522.3765u
,,294.22k,524.6571u
,,294.24k,529.0786u
,,294.26k,533.9789u
,,294.28k,539.3754u
,,294.3k,544.6461u
,,294.32k,550.7875u
,,294.34k,557.2926u
,,294.36k,562.4168u
,,294.38k,567.0198u
,,294.4k,571.1844u
,,294.42k,575.8692u
,,294.44k,582.7114u
,,294.46k,588.1346u
,,294.48k,589.6047u
,,294.5k,590.8533u
,,294.52k,594.0474u
,,294.54k,598.2638u
,,294.56k,601.8885u
,,294.58k,605.6036u
,,294.6k,612.8619u
,,294.62k,619.2537u
,,294.64k,620.1249u
,,294.66k,619.9129u
,,294.68k,620.2525u
,,294.7k,622.1385u
,,294.72k,627.7485u
,,294.74k,633.6265u
,,294.76k,637.7609u
,,294.78k,640.2152u
,,294.8k,641.2279u
,,294.82k,643.4296u
,,294.84k,646.1205u
,,294.86k,648.6679u
,,294.88k,650.4952u
,,294.9k,650.7253u
,,294.92k,651.9461u
,,294.94k,652.6631u
,,294.96k,652.7054u
,,294.98k,656.1411u
,,295k,660.3105u
,,295.02k,661.3899u
,,295.04k,661.0517u
,,295.06k,660.1507u
,,295.08k,658.8233u
,,295.1k,659.9328u
,,295.12k,664.5986u
,,295.14k,668.0997u
,,295.16k,668.8658u
,,295.18k,668.9836u
,,295.2k,666.911u
,,295.22k,664.2388u
,,295.24k,664.0304u
,,295.26k,664.3412u
,,295.28k,665.0829u
,,295.3k,668.5199u
,,295.32k,670.1818u
,,295.34k,666.1243u
,,295.36k,660.7707u
,,295.38k,659.7014u
,,295.4k,662.9574u
,,295.42k,665.9261u
,,295.44k,666.7046u
,,295.46k,666.7038u
,,295.48k,665.5925u
,,295.5k,661.9298u
,,295.52k,657.9089u
,,295.54k,657.2347u
,,295.56k,661.7296u
,,295.58k,667.3162u
,,295.6k,666.5888u
,,295.62k,661.7631u
,,295.64k,659.5775u
,,295.66k,660.5526u
,,295.68k,661.3112u
,,295.7k,658.582u
,,295.72k,654.0357u
,,295.74k,652.1042u
,,295.76k,652.1413u
,,295.78k,652.6521u
,,295.8k,653.9329u
,,295.82k,656.1297u
,,295.84k,660.0614u
,,295.86k,663.881u
,,295.88k,663.3044u
,,295.9k,657.7277u
,,295.92k,651.5942u
,,295.94k,649.5885u
,,295.96k,651.5521u
,,295.98k,654.1665u
,,296k,655.4392u
,,296.02k,654.0647u
,,296.04k,651.5776u
,,296.06k,651.3605u
,,296.08k,653.5441u
,,296.1k,655.4686u
,,296.12k,656.9263u
,,296.14k,659.8659u
,,296.16k,663.0067u
,,296.18k,664.0686u
,,296.2k,663.9013u
,,296.22k,665.9793u
,,296.24k,669.1585u
,,296.26k,668.7211u
,,296.28k,665.5014u
,,296.3k,663.0654u
,,296.32k,662.7192u
,,296.34k,662.2263u
,,296.36k,659.8355u
,,296.38k,658.5928u
,,296.4k,660.5721u
,,296.42k,661.6937u
,,296.44k,658.8065u
,,296.46k,658.2559u
,,296.48k,662.7581u
,,296.5k,666.1175u
,,296.52k,664.9016u
,,296.54k,662.8084u
,,296.56k,663.3877u
,,296.58k,663.649u
,,296.6k,662.7336u
,,296.62k,660.9709u
,,296.64k,658.4468u
,,296.66k,656.1758u
,,296.68k,653.7834u
,,296.7k,653.3546u
,,296.72k,654.3411u
,,296.74k,651.1407u
,,296.76k,645.8752u
,,296.78k,644.1286u
,,296.8k,642.4792u
,,296.82k,637.0615u
,,296.84k,629.9839u
,,296.86k,626.0662u
,,296.88k,627.6754u
,,296.9k,629.1872u
,,296.92k,624.5979u
,,296.94k,617.904u
,,296.96k,612.538u
,,296.98k,607.7851u
,,297k,606.549u
,,297.02k,605.791u
,,297.04k,599.5943u
,,297.06k,591.1278u
,,297.08k,583.3459u
,,297.1k,577.4669u
,,297.12k,575.0649u
,,297.14k,574.0818u
,,297.16k,571.9023u
,,297.18k,566.9456u
,,297.2k,559.0082u
,,297.22k,549.4517u
,,297.24k,541.3892u
,,297.26k,536.3007u
,,297.28k,531.7107u
,,297.3k,524.5639u
,,297.32k,515.4704u
,,297.34k,507.7315u
,,297.36k,501.7135u
,,297.38k,495.3697u
,,297.4k,485.3846u
,,297.42k,472.5593u
,,297.44k,461.1643u
,,297.46k,449.8846u
,,297.48k,438.3693u
,,297.5k,430.6208u
,,297.52k,426.582u
,,297.54k,420.1667u
,,297.56k,407.0425u
,,297.58k,390.8217u
,,297.6k,378.282u
,,297.62k,369.8998u
,,297.64k,361.4067u
,,297.66k,352.5131u
,,297.68k,344.7966u
,,297.7k,337.7135u
,,297.72k,329.6995u
,,297.74k,321.2501u
,,297.76k,313.7454u
,,297.78k,306.319u
,,297.8k,300.4766u
,,297.82k,297.519u
,,297.84k,293.2802u
,,297.86k,285.9361u
,,297.88k,279.3198u
,,297.9k,276.1364u
,,297.92k,274.9278u
,,297.94k,271.7931u
,,297.96k,268.2274u
,,297.98k,270.9093u
,,298k,276.6295u
,,298.02k,279.465u
,,298.04k,283.2399u
,,298.06k,288.8903u
,,298.08k,291.2846u
,,298.1k,292.0598u
,,298.12k,297.3236u
,,298.14k,306.1137u
,,298.16k,313.3212u
,,298.18k,318.658u
,,298.2k,324.0603u
,,298.22k,332.4345u
,,298.24k,343.1582u
,,298.26k,351.8855u
,,298.28k,358.5238u
,,298.3k,363.2355u
,,298.32k,368.5027u
,,298.34k,376.6229u
,,298.36k,386.0044u
,,298.38k,394.4925u
,,298.4k,400.9593u
,,298.42k,409.5955u
,,298.44k,419.4426u
,,298.46k,424.2758u
,,298.48k,427.6005u
,,298.5k,433.9135u
,,298.52k,441.0464u
,,298.54k,449.7923u
,,298.56k,461.552u
,,298.58k,470.9614u
,,298.6k,475.2684u
,,298.62k,477.9935u
,,298.64k,481.1614u
,,298.66k,485.981u
,,298.68k,491.2017u
,,298.7k,496.3821u
,,298.72k,504.0635u
,,298.74k,512.0082u
,,298.76k,517.2322u
,,298.78k,521.0762u
,,298.8k,525.0213u
,,298.82k,528.7698u
,,298.84k,533.496u
,,298.86k,539.8519u
,,298.88k,543.7588u
,,298.9k,546.2496u
,,298.92k,553.1462u
,,298.94k,563.3595u
,,298.96k,572.0174u
,,298.98k,576.7376u
,,299k,577.5591u
,,299.02k,577.3999u
,,299.04k,580.0734u
,,299.06k,584.7375u
,,299.08k,590.8925u
,,299.1k,598.725u
,,299.12k,605.1125u
,,299.14k,610.4549u
,,299.16k,616.8534u
,,299.18k,621.6545u
,,299.2k,622.3975u
,,299.22k,622.1752u
,,299.24k,626.198u
,,299.26k,634.4634u
,,299.28k,642.3774u
,,299.3k,648.5307u
,,299.32k,654.547u
,,299.34k,659.8394u
,,299.36k,664.0858u
,,299.38k,668.4797u
,,299.4k,672.3592u
,,299.42k,675.1708u
,,299.44k,676.0616u
,,299.46k,674.9634u
,,299.48k,675.4388u
,,299.5k,679.3377u
,,299.52k,685.333u
,,299.54k,691.3949u
,,299.56k,696.4683u
,,299.58k,701.5054u
,,299.6k,706.6706u
,,299.62k,711.8939u
,,299.64k,717.1059u
,,299.66k,719.0486u
,,299.68k,716.8479u
,,299.7k,716.2026u
,,299.72k,721.1962u
,,299.74k,728.8302u
,,299.76k,734.6816u
,,299.78k,737.3739u
,,299.8k,739.5686u
,,299.82k,744.6882u
,,299.84k,750.7091u
,,299.86k,755.2151u
,,299.88k,760.6032u
,,299.9k,765.5809u
,,299.92k,766.0355u
,,299.94k,766.1754u
,,299.96k,770.2591u
,,299.98k,774.381u
,,300k,777.1083u
,,300.02k,781.8373u
,,300.04k,786.1111u
,,300.06k,786.5561u
,,300.08k,787.9001u
,,300.1k,792.5863u
,,300.12k,797.9708u
,,300.14k,803.7429u
,,300.16k,808.2749u
,,300.18k,810.7962u
,,300.2k,814.3495u
,,300.22k,816.1114u
,,300.24k,814.0848u
,,300.26k,812.6579u
,,300.28k,812.7914u
,,300.3k,813.0073u
,,300.32k,814.9342u
,,300.34k,820.2481u
,,300.36k,825.2319u
,,300.38k,825.3613u
,,300.4k,823.4204u
,,300.42k,823.6295u
,,300.44k,825.3636u
,,300.46k,828.7796u
,,300.48k,834.4035u
,,300.5k,839.56u
,,300.52k,841.3861u
,,300.54k,839.4083u
,,300.56k,837.6641u
,,300.58k,839.2136u
,,300.6k,842.7423u
,,300.62k,847.3201u
,,300.64k,850.4342u
,,300.66k,850.6026u
,,300.68k,849.732u
,,300.7k,849.5464u
,,300.72k,849.9312u
,,300.74k,851.0513u
,,300.76k,854.2831u
,,300.78k,857.1207u
,,300.8k,858.1131u
,,300.82k,859.2708u
,,300.84k,859.9472u
,,300.86k,860.7007u
,,300.88k,863.5286u
,,300.9k,863.9817u
,,300.92k,859.7228u
,,300.94k,858.4512u
,,300.96k,862.512u
,,300.98k,867.3146u
,,301k,871.9443u
,,301.02k,875.3354u
,,301.04k,875.8245u
,,301.06k,874.941u
,,301.08k,873.7019u
,,301.1k,873.1914u
,,301.12k,874.9928u
,,301.14k,876.9903u
,,301.16k,877.0464u
,,301.18k,875.9306u
,,301.2k,875.6589u
,,301.22k,876.5999u
,,301.24k,877.9525u
,,301.26k,879.3463u
,,301.28k,879.3473u
,,301.3k,878.021u
,,301.32k,876.0422u
,,301.34k,874.7027u
,,301.36k,877.6392u
,,301.38k,883.8632u
,,301.4k,887.1313u
,,301.42k,884.1912u
,,301.44k,877.9932u
,,301.46k,873.5381u
,,301.48k,872.633u
,,301.5k,874.4978u
,,301.52k,876.8341u
,,301.54k,875.4723u
,,301.56k,870.9486u
,,301.58k,867.8452u
,,301.6k,867.3143u
,,301.62k,868.7642u
,,301.64k,870.953u
,,301.66k,871.8616u
,,301.68k,871.742u
,,301.7k,871.3648u
,,301.72k,872.1556u
,,301.74k,873.2544u
,,301.76k,868.2876u
,,301.78k,859.7579u
,,301.8k,856.9809u
,,301.82k,858.2561u
,,301.84k,858.8983u
,,301.86k,858.5327u
,,301.88k,854.7588u
,,301.9k,848.7929u
,,301.92k,845.496u
,,301.94k,843.8021u
,,301.96k,841.284u
,,301.98k,840.1744u
,,302k,838.984u
,,302.02k,832.4059u
,,302.04k,824.0047u
,,302.06k,821.9211u
,,302.08k,824.3062u
,,302.1k,823.6298u
,,302.12k,820.1606u
,,302.14k,816.4319u
,,302.16k,811.7053u
,,302.18k,807.3461u
,,302.2k,801.8523u
,,302.22k,794.3599u
,,302.24k,789.2633u
,,302.26k,787.6168u
,,302.28k,785.042u
,,302.3k,779.4452u
,,302.32k,774.6351u
,,302.34k,770.3972u
,,302.36k,763.7673u
,,302.38k,758.0746u
,,302.4k,756.2768u
,,302.42k,754.668u
,,302.44k,751.4635u
,,302.46k,750.1073u
,,302.48k,749.0216u
,,302.5k,745.0358u
,,302.52k,738.3159u
,,302.54k,731.0981u
,,302.56k,726.4223u
,,302.58k,722.3584u
,,302.6k,716.6513u
,,302.62k,710.9958u
,,302.64k,705.5944u
,,302.66k,702.0003u
,,302.68k,701.3823u
,,302.7k,698.7406u
,,302.72k,694.7816u
,,302.74k,693.8352u
,,302.76k,691.5783u
,,302.78k,684.9207u
,,302.8k,678.3212u
,,302.82k,673.7834u
,,302.84k,668.6927u
,,302.86k,663.2625u
,,302.88k,659.2747u
,,302.9k,657.1555u
,,302.92k,653.916u
,,302.94k,645.3711u
,,302.96k,636.8557u
,,302.98k,633.6487u
,,303k,632.0358u
,,303.02k,629.5619u
,,303.04k,627.01u
,,303.06k,624.2908u
,,303.08k,619.8922u
,,303.1k,612.5962u
,,303.12k,603.0726u
,,303.14k,595.2795u
,,303.16k,592.5374u
,,303.18k,591.9111u
,,303.2k,589.1141u
,,303.22k,582.5388u
,,303.24k,576.0539u
,,303.26k,573.7581u
,,303.28k,571.5595u
,,303.3k,568.3553u
,,303.32k,566.9342u
,,303.34k,566.4497u
,,303.36k,563.3168u
,,303.38k,556.0584u
,,303.4k,550.0559u
,,303.42k,547.8302u
,,303.44k,545.9673u
,,303.46k,543.5566u
,,303.48k,540.8194u
,,303.5k,537.5188u
,,303.52k,534.8113u
,,303.54k,532.454u
,,303.56k,528.9868u
,,303.58k,525.0327u
,,303.6k,522.0856u
,,303.62k,520.0452u
,,303.64k,518.5705u
,,303.66k,517.7579u
,,303.68k,516.0583u
,,303.7k,512.563u
,,303.72k,506.5801u
,,303.74k,500.2854u
,,303.76k,497.0078u
,,303.78k,493.8317u
,,303.8k,490.3073u
,,303.82k,489.8281u
,,303.84k,491.3862u
,,303.86k,490.7629u
,,303.88k,487.4853u
,,303.9k,482.911u
,,303.92k,478.7772u
,,303.94k,478.266u
,,303.96k,476.8321u
,,303.98k,470.3098u
,,304k,465.9932u
,,304.02k,467.6754u
,,304.04k,468.7249u
,,304.06k,466.1729u
,,304.08k,463.5566u
,,304.1k,462.598u
,,304.12k,461.829u
,,304.14k,461.0313u
,,304.16k,460.9695u
,,304.18k,459.2413u
,,304.2k,454.4777u
,,304.22k,451.0322u
,,304.24k,451.2745u
,,304.26k,451.3565u
,,304.28k,449.8234u
,,304.3k,447.352u
,,304.32k,442.706u
,,304.34k,438.7915u
,,304.36k,438.9566u
,,304.38k,441.5219u
,,304.4k,443.2037u
,,304.42k,441.7428u
,,304.44k,439.4669u
,,304.46k,437.9539u
,,304.48k,434.0129u
,,304.5k,427.6179u
,,304.52k,425.0594u
,,304.54k,427.3825u
,,304.56k,428.5228u
,,304.58k,426.2113u
,,304.6k,423.0063u
,,304.62k,423.1877u
,,304.64k,425.0302u
,,304.66k,424.0377u
,,304.68k,420.943u
,,304.7k,417.0339u
,,304.72k,411.3702u
,,304.74k,405.8722u
,,304.76k,405.7066u
,,304.78k,409.6895u
,,304.8k,412.369u
,,304.82k,411.5749u
,,304.84k,407.7406u
,,304.86k,404.9267u
,,304.88k,404.7867u
,,304.9k,401.9836u
,,304.92k,394.34u
,,304.94k,385.8521u
,,304.96k,384.1642u
,,304.98k,388.6521u
,,305k,390.8386u
,,305.02k,389.7527u
,,305.04k,387.2645u
,,305.06k,385.1561u
,,305.08k,383.6577u
,,305.1k,380.4701u
,,305.12k,376.701u
,,305.14k,374.1764u
,,305.16k,372.5008u
,,305.18k,370.81u
,,305.2k,368.3689u
,,305.22k,364.5791u
,,305.24k,361.2011u
,,305.26k,360.0631u
,,305.28k,357.9356u
,,305.3k,353.2616u
,,305.32k,349.2833u
,,305.34k,347.0704u
,,305.36k,346.9858u
,,305.38k,348.1667u
,,305.4k,347.0302u
,,305.42k,341.5321u
,,305.44k,334.5097u
,,305.46k,329.496u
,,305.48k,326.5214u
,,305.5k,322.9307u
,,305.52k,318.5169u
,,305.54k,317.2047u
,,305.56k,316.9058u
,,305.58k,313.9922u
,,305.6k,310.1557u
,,305.62k,307.1889u
,,305.64k,306.2896u
,,305.66k,305.3003u
,,305.68k,300.6963u
,,305.7k,294.6053u
,,305.72k,290.2689u
,,305.74k,288.1774u
,,305.76k,286.0751u
,,305.78k,279.912u
,,305.8k,272.0654u
,,305.82k,269.4658u
,,305.84k,269.9936u
,,305.86k,265.9659u
,,305.88k,258.9479u
,,305.9k,254.6039u
,,305.92k,252.1912u
,,305.94k,249.9453u
,,305.96k,247.308u
,,305.98k,243.168u
,,306k,237.0727u
,,306.02k,232.145u
,,306.04k,231.6963u
,,306.06k,231.1051u
,,306.08k,226.2742u
,,306.1k,222.7858u
,,306.12k,222.1767u
,,306.14k,218.1679u
,,306.16k,211.4605u
,,306.18k,207.4056u
,,306.2k,205.5013u
,,306.22k,202.501u
,,306.24k,198.3535u
,,306.26k,195.2002u
,,306.28k,191.9874u
,,306.3k,185.1741u
,,306.32k,177.0117u
,,306.34k,173.7886u
,,306.36k,175.1379u
,,306.38k,177.3394u
,,306.4k,178.6397u
,,306.42k,176.5696u
,,306.44k,171.8733u
,,306.46k,166.8504u
,,306.48k,161.7453u
,,306.5k,157.6555u
,,306.52k,154.8578u
,,306.54k,151.2168u
,,306.56k,146.107u
,,306.58k,142.0648u
,,306.6k,139.5814u
,,306.62k,138.1182u
,,306.64k,137.2802u
,,306.66k,135.1231u
,,306.68k,132.9584u
,,306.7k,130.702u
,,306.72k,126.3015u
,,306.74k,123.8844u
,,306.76k,125.6941u
,,306.78k,127.971u
,,306.8k,128.6698u
,,306.82k,127.9282u
,,306.84k,124.7018u
,,306.86k,120.2459u
,,306.88k,117.5292u
,,306.9k,116.8244u
,,306.92k,115.2332u
,,306.94k,110.4518u
,,306.96k,105.2345u
,,306.98k,103.1441u
,,307k,103.8334u
,,307.02k,104.7557u
,,307.04k,104.4122u
,,307.06k,103.0764u
,,307.08k,100.73u
,,307.1k,96.85651u
,,307.12k,94.64415u
,,307.14k,96.00946u
,,307.16k,95.91111u
,,307.18k,94.18993u
,,307.2k,94.63328u
,,307.22k,93.15427u
,,307.24k,89.88833u
,,307.26k,89.57343u
,,307.28k,90.46322u
,,307.3k,91.55548u
,,307.32k,90.91231u
,,307.34k,86.7486u
,,307.36k,83.2234u
,,307.38k,84.50272u
,,307.4k,88.10735u
,,307.42k,87.92581u
,,307.44k,85.64719u
,,307.46k,83.83574u
,,307.48k,80.30174u
,,307.5k,77.24698u
,,307.52k,78.28912u
,,307.54k,81.80613u
,,307.56k,84.16329u
,,307.58k,84.03494u
,,307.6k,81.81861u
,,307.62k,79.69346u
,,307.64k,80.3544u
,,307.66k,83.09349u
,,307.68k,85.43296u
,,307.7k,87.72546u
,,307.72k,89.41412u
,,307.74k,88.39318u
,,307.76k,86.1689u
,,307.78k,84.30003u
,,307.8k,81.98668u
,,307.82k,80.83299u
,,307.84k,81.81394u
,,307.86k,82.31752u
,,307.88k,81.84772u
,,307.9k,80.07563u
,,307.92k,78.89094u
,,307.94k,82.03002u
,,307.96k,85.72712u
,,307.98k,85.64612u
,,308k,85.18668u
,,308.02k,87.56609u
,,308.04k,87.46401u
,,308.06k,83.95356u
,,308.08k,85.55142u
,,308.1k,91.6581u
,,308.12k,95.25423u
,,308.14k,93.1796u
,,308.16k,88.30087u
,,308.18k,87.74174u
,,308.2k,90.69287u
,,308.22k,91.07517u
,,308.24k,88.66558u
,,308.26k,87.35014u
,,308.28k,86.99174u
,,308.3k,85.82515u
,,308.32k,85.75394u
,,308.34k,86.72516u
,,308.36k,87.85662u
,,308.38k,88.46855u
,,308.4k,88.27642u
,,308.42k,89.79508u
,,308.44k,92.82277u
,,308.46k,94.99995u
,,308.48k,94.55825u
,,308.5k,92.64536u
,,308.52k,93.78669u
,,308.54k,97.17759u
,,308.56k,98.36246u
,,308.58k,98.45241u
,,308.6k,98.87344u
,,308.62k,98.37866u
,,308.64k,98.23734u
,,308.66k,99.0583u
,,308.68k,99.7022u
,,308.7k,101.454u
,,308.72k,103.7696u
,,308.74k,103.1667u
,,308.76k,100.8896u
,,308.78k,100.5664u
,,308.8k,102.3518u
,,308.82k,108.0821u
,,308.84k,116.5734u
,,308.86k,120.8401u
,,308.88k,119.1301u
,,308.9k,115.315u
,,308.92k,114.6412u
,,308.94k,117.097u
,,308.96k,117.7886u
,,308.98k,119.1371u
,,309k,122.0723u
,,309.02k,123.5655u
,,309.04k,124.4789u
,,309.06k,125.5083u
,,309.08k,127.31u
,,309.1k,129.9504u
,,309.12k,132.9133u
,,309.14k,136.3766u
,,309.16k,138.5099u
,,309.18k,138.7683u
,,309.2k,141.1334u
,,309.22k,144.1612u
,,309.24k,142.5766u
,,309.26k,141.3122u
,,309.28k,145.9192u
,,309.3k,152.4058u
,,309.32k,156.7658u
,,309.34k,158.3356u
,,309.36k,156.4956u
,,309.38k,154.022u
,,309.4k,153.7076u
,,309.42k,155.847u
,,309.44k,160.7271u
,,309.46k,164.5085u
,,309.48k,165.322u
,,309.5k,166.9139u
,,309.52k,169.9222u
,,309.54k,171.8226u
,,309.56k,173.8441u
,,309.58k,177.384u
,,309.6k,179.2284u
,,309.62k,178.7245u
,,309.64k,178.2167u
,,309.66k,178.5366u
,,309.68k,182.5003u
,,309.7k,190.2542u
,,309.72k,194.7372u
,,309.74k,193.3573u
,,309.76k,192.7872u
,,309.78k,196.4666u
,,309.8k,199.7673u
,,309.82k,200.2637u
,,309.84k,199.8895u
,,309.86k,201.2013u
,,309.88k,204.3002u
,,309.9k,205.8444u
,,309.92k,206.4994u
,,309.94k,210.038u
,,309.96k,213.8487u
,,309.98k,214.11u
,,310k,215.169u
,,310.02k,218.4153u
,,310.04k,220.6719u
,,310.06k,223.1462u
,,310.08k,226.5316u
,,310.1k,229.6822u
,,310.12k,231.5723u
,,310.14k,231.4433u
,,310.16k,229.6879u
,,310.18k,229.0579u
,,310.2k,232.3159u
,,310.22k,237.1055u
,,310.24k,240.4325u
,,310.26k,242.3136u
,,310.28k,241.8627u
,,310.3k,241.9187u
,,310.32k,245.9865u
,,310.34k,250.8868u
,,310.36k,254.8564u
,,310.38k,258.1458u
,,310.4k,259.8555u
,,310.42k,261.5806u
,,310.44k,265.2578u
,,310.46k,269.0695u
,,310.48k,270.2072u
,,310.5k,269.171u
,,310.52k,268.7662u
,,310.54k,269.668u
,,310.56k,270.5902u
,,310.58k,271.5452u
,,310.6k,273.9871u
,,310.62k,277.2152u
,,310.64k,278.8065u
,,310.66k,280.3748u
,,310.68k,283.6497u
,,310.7k,286.0266u
,,310.72k,288.8722u
,,310.74k,292.0215u
,,310.76k,291.501u
,,310.78k,290.4652u
,,310.8k,292.9338u
,,310.82k,297.2006u
,,310.84k,300.3462u
,,310.86k,302.1856u
,,310.88k,303.6064u
,,310.9k,305.1548u
,,310.92k,308.1594u
,,310.94k,312.4431u
,,310.96k,317.7123u
,,310.98k,322.3612u
,,311k,323.1976u
,,311.02k,322.3826u
,,311.04k,322.0045u
,,311.06k,322.0107u
,,311.08k,323.0127u
,,311.1k,324.9651u
,,311.12k,328.4189u
,,311.14k,332.2168u
,,311.16k,333.8763u
,,311.18k,334.3535u
,,311.2k,337.0841u
,,311.22k,341.4995u
,,311.24k,346.0767u
,,311.26k,348.3298u
,,311.28k,345.9241u
,,311.3k,344.0031u
,,311.32k,345.9157u
,,311.34k,348.5026u
,,311.36k,348.6162u
,,311.38k,347.8417u
,,311.4k,349.4203u
,,311.42k,353.7593u
,,311.44k,359.7658u
,,311.46k,363.6212u
,,311.48k,364.8547u
,,311.5k,366.8822u
,,311.52k,368.6164u
,,311.54k,367.9174u
,,311.56k,366.1946u
,,311.58k,364.7852u
,,311.6k,364.7035u
,,311.62k,367.5758u
,,311.64k,372.8795u
,,311.66k,378.4516u
,,311.68k,381.9248u
,,311.7k,381.7859u
,,311.72k,379.5617u
,,311.74k,378.8383u
,,311.76k,381.2468u
,,311.78k,383.9661u
,,311.8k,384.3205u
,,311.82k,384.0889u
,,311.84k,386.1614u
,,311.86k,390.2252u
,,311.88k,391.451u
,,311.9k,390.86u
,,311.92k,392.8349u
,,311.94k,393.3865u
,,311.96k,392.1261u
,,311.98k,394.3168u
,,312k,397.9471u
,,312.02k,399.5462u
,,312.04k,400.9158u
,,312.06k,402.5522u
,,312.08k,403.9347u
,,312.1k,405.5203u
,,312.12k,408.1743u
,,312.14k,410.736u
,,312.16k,410.9282u
,,312.18k,411.0838u
,,312.2k,413.1756u
,,312.22k,415.1915u
,,312.24k,416.4704u
,,312.26k,417.6489u
,,312.28k,417.9414u
,,312.3k,417.5882u
,,312.32k,420.5642u
,,312.34k,425.6966u
,,312.36k,425.2756u
,,312.38k,420.638u
,,312.4k,417.8406u
,,312.42k,417.2823u
,,312.44k,417.7624u
,,312.46k,419.8385u
,,312.48k,424.1171u
,,312.5k,426.1312u
,,312.52k,424.5656u
,,312.54k,422.8602u
,,312.56k,421.5876u
,,312.58k,420.7158u
,,312.6k,419.2777u
,,312.62k,418.0955u
,,312.64k,419.2036u
,,312.66k,419.1949u
,,312.68k,414.3519u
,,312.7k,409.3559u
,,312.72k,409.6585u
,,312.74k,411.7674u
,,312.76k,411.7618u
,,312.78k,410.5337u
,,312.8k,408.1557u
,,312.82k,406.6081u
,,312.84k,406.1529u
,,312.86k,404.1733u
,,312.88k,401.8666u
,,312.9k,397.4338u
,,312.92k,389.8845u
,,312.94k,385.4053u
,,312.96k,384.1606u
,,312.98k,381.2545u
,,313k,379.8967u
,,313.02k,381.9953u
,,313.04k,382.9518u
,,313.06k,382.1976u
,,313.08k,380.3968u
,,313.1k,375.9265u
,,313.12k,371.2934u
,,313.14k,369.4133u
,,313.16k,368.0402u
,,313.18k,365.6228u
,,313.2k,361.7283u
,,313.22k,357.1522u
,,313.24k,356.6591u
,,313.26k,360.2664u
,,313.28k,361.7217u
,,313.3k,361.0637u
,,313.32k,362.474u
,,313.34k,363.1558u
,,313.36k,360.8695u
,,313.38k,357.9291u
,,313.4k,355.637u
,,313.42k,356.1631u
,,313.44k,359.87u
,,313.46k,360.7821u
,,313.48k,357.5548u
,,313.5k,357.7167u
,,313.52k,361.0168u
,,313.54k,362.7864u
,,313.56k,364.2754u
,,313.58k,367.1238u
,,313.6k,369.7068u
,,313.62k,369.637u
,,313.64k,370.3913u
,,313.66k,373.2259u
,,313.68k,373.2142u
,,313.7k,371.3579u
,,313.72k,371.8856u
,,313.74k,374.36u
,,313.76k,376.7747u
,,313.78k,379.0499u
,,313.8k,379.2801u
,,313.82k,378.0575u
,,313.84k,380.6727u
,,313.86k,386.0667u
,,313.88k,390.5964u
,,313.9k,396.3311u
,,313.92k,400.98u
,,313.94k,400.649u
,,313.96k,399.7472u
,,313.98k,399.5352u
,,314k,399.2263u
,,314.02k,401.8293u
,,314.04k,407.6822u
,,314.06k,413.4466u
,,314.08k,415.9355u
,,314.1k,415.0107u
,,314.12k,411.7145u
,,314.14k,410.4324u
,,314.16k,415.0865u
,,314.18k,422.4263u
,,314.2k,428.6737u
,,314.22k,433.503u
,,314.24k,436.2178u
,,314.26k,437.1288u
,,314.28k,438.3246u
,,314.3k,439.0046u
,,314.32k,439.3827u
,,314.34k,442.6171u
,,314.36k,448.4732u
,,314.38k,454.0872u
,,314.4k,457.11u
,,314.42k,458.206u
,,314.44k,462.0574u
,,314.46k,469.4256u
,,314.48k,473.3553u
,,314.5k,472.2708u
,,314.52k,472.5756u
,,314.54k,475.191u
,,314.56k,479.7002u
,,314.58k,486.458u
,,314.6k,491.4548u
,,314.62k,494.5528u
,,314.64k,495.4044u
,,314.66k,493.1212u
,,314.68k,495.4216u
,,314.7k,505.1426u
,,314.72k,513.3221u
,,314.74k,517.0872u
,,314.76k,520.8982u
,,314.78k,524.4036u
,,314.8k,528.7325u
,,314.82k,535.8129u
,,314.84k,541.7248u
,,314.86k,543.556u
,,314.88k,545.1827u
,,314.9k,552.8518u
,,314.92k,564.5502u
,,314.94k,573.8906u
,,314.96k,578.6705u
,,314.98k,582.0412u
,,315k,587.0627u
,,315.02k,591.5248u
,,315.04k,596.9728u
,,315.06k,605.7678u
,,315.08k,610.155u
,,315.1k,610.6158u
,,315.12k,616.222u
,,315.14k,624.8577u
,,315.16k,630.4271u
,,315.18k,632.5288u
,,315.2k,635.1545u
,,315.22k,640.3128u
,,315.24k,647.6984u
,,315.26k,654.264u
,,315.28k,658.5731u
,,315.3k,664.1857u
,,315.32k,671.3292u
,,315.34k,678.3327u
,,315.36k,684.6051u
,,315.38k,691.4982u
,,315.4k,700.5327u
,,315.42k,710.0954u
,,315.44k,717.5844u
,,315.46k,722.4771u
,,315.48k,726.4191u
,,315.5k,731.7975u
,,315.52k,739.6948u
,,315.54k,746.1005u
,,315.56k,747.4354u
,,315.58k,748.8642u
,,315.6k,756.1431u
,,315.62k,765.4302u
,,315.64k,771.8544u
,,315.66k,776.1362u
,,315.68k,779.627u
,,315.7k,783.1412u
,,315.72k,786.9958u
,,315.74k,791.2149u
,,315.76k,796.0054u
,,315.78k,800.736u
,,315.8k,805.3867u
,,315.82k,809.0921u
,,315.84k,810.4339u
,,315.86k,811.3815u
,,315.88k,814.1781u
,,315.9k,818.3286u
,,315.92k,821.3888u
,,315.94k,823.9584u
,,315.96k,828.0788u
,,315.98k,833.0967u
,,316k,838.3748u
,,316.02k,843.3074u
,,316.04k,847.9464u
,,316.06k,852.7823u
,,316.08k,855.6725u
,,316.1k,856.1439u
,,316.12k,860.3611u
,,316.14k,867.7213u
,,316.16k,870.1881u
,,316.18k,870.8306u
,,316.2k,876.2469u
,,316.22k,882.6338u
,,316.24k,886.6302u
,,316.26k,889.4389u
,,316.28k,891.2235u
,,316.3k,895.6788u
,,316.32k,904.5848u
,,316.34k,913.0725u
,,316.36k,920.5008u
,,316.38k,927.9832u
,,316.4k,933.2883u
,,316.42k,937.4782u
,,316.44k,943.2302u
,,316.46k,951.0863u
,,316.48k,960.625u
,,316.5k,971.4691u
,,316.52k,980.2139u
,,316.54k,986.9694u
,,316.56k,997.9021u
,,316.58k,1.010896m
,,316.6k,1.021758m
,,316.62k,1.031019m
,,316.64k,1.040053m
,,316.66k,1.050812m
,,316.68k,1.061427m
,,316.7k,1.069473m
,,316.72k,1.075675m
,,316.74k,1.084506m
,,316.76k,1.098048m
,,316.78k,1.112289m
,,316.8k,1.123572m
,,316.82k,1.130747m
,,316.84k,1.137395m
,,316.86k,1.148043m
,,316.88k,1.162633m
,,316.9k,1.176442m
,,316.92k,1.186348m
,,316.94k,1.196358m
,,316.96k,1.209185m
,,316.98k,1.221128m
,,317k,1.23222m
,,317.02k,1.244404m
,,317.04k,1.254078m
,,317.06k,1.261543m
,,317.08k,1.270365m
,,317.1k,1.279682m
,,317.12k,1.288869m
,,317.14k,1.300914m
,,317.16k,1.316454m
,,317.18k,1.332085m
,,317.2k,1.343835m
,,317.22k,1.352757m
,,317.24k,1.364395m
,,317.26k,1.377602m
,,317.28k,1.388801m
,,317.3k,1.399987m
,,317.32k,1.411224m
,,317.34k,1.419352m
,,317.36k,1.426476m
,,317.38k,1.436897m
,,317.4k,1.447296m
,,317.42k,1.453037m
,,317.44k,1.457769m
,,317.46k,1.465622m
,,317.48k,1.475756m
,,317.5k,1.487178m
,,317.52k,1.497976m
,,317.54k,1.507268m
,,317.56k,1.518763m
,,317.58k,1.531246m
,,317.6k,1.538588m
,,317.62k,1.541965m
,,317.64k,1.545116m
,,317.66k,1.550136m
,,317.68k,1.559591m
,,317.7k,1.571361m
,,317.72k,1.58136m
,,317.74k,1.589222m
,,317.76k,1.595108m
,,317.78k,1.600162m
,,317.8k,1.607618m
,,317.82k,1.614322m
,,317.84k,1.617854m
,,317.86k,1.624197m
,,317.88k,1.633221m
,,317.9k,1.641613m
,,317.92k,1.650967m
,,317.94k,1.660527m
,,317.96k,1.667812m
,,317.98k,1.671935m
,,318k,1.675911m
,,318.02k,1.682553m
,,318.04k,1.6902m
,,318.06k,1.697082m
,,318.08k,1.702589m
,,318.1k,1.706724m
,,318.12k,1.710887m
,,318.14k,1.715781m
,,318.16k,1.720815m
,,318.18k,1.724862m
,,318.2k,1.726927m
,,318.22k,1.730173m
,,318.24k,1.736067m
,,318.26k,1.743802m
,,318.28k,1.753333m
,,318.3k,1.760755m
,,318.32k,1.76469m
,,318.34k,1.767526m
,,318.36k,1.769016m
,,318.38k,1.772012m
,,318.4k,1.778521m
,,318.42k,1.784158m
,,318.44k,1.789663m
,,318.46k,1.795446m
,,318.48k,1.799029m
,,318.5k,1.80361m
,,318.52k,1.809914m
,,318.54k,1.814237m
,,318.56k,1.816709m
,,318.58k,1.820224m
,,318.6k,1.825517m
,,318.62k,1.832153m
,,318.64k,1.839485m
,,318.66k,1.845809m
,,318.68k,1.852402m
,,318.7k,1.857578m
,,318.72k,1.856429m
,,318.74k,1.854644m
,,318.76k,1.857605m
,,318.78k,1.861551m
,,318.8k,1.865259m
,,318.82k,1.871179m
,,318.84k,1.87915m
,,318.86k,1.885935m
,,318.88k,1.886962m
,,318.9k,1.886415m
,,318.92k,1.892146m
,,318.94k,1.898164m
,,318.96k,1.899027m
,,318.98k,1.901265m
,,319k,1.908277m
,,319.02k,1.916678m
,,319.04k,1.924629m
,,319.06k,1.929145m
,,319.08k,1.929597m
,,319.1k,1.93223m
,,319.12k,1.938141m
,,319.14k,1.942769m
,,319.16k,1.945407m
,,319.18k,1.949158m
,,319.2k,1.955547m
,,319.22k,1.961476m
,,319.24k,1.965683m
,,319.26k,1.970134m
,,319.28k,1.974596m
,,319.3k,1.977967m
,,319.32k,1.980159m
,,319.34k,1.982195m
,,319.36k,1.985231m
,,319.38k,1.990379m
,,319.4k,1.997086m
,,319.42k,2.003864m
,,319.44k,2.009609m
,,319.46k,2.013061m
,,319.48k,2.015911m
,,319.5k,2.019187m
,,319.52k,2.023022m
,,319.54k,2.027485m
,,319.56k,2.030346m
,,319.58k,2.033257m
,,319.6k,2.036972m
,,319.62k,2.037534m
,,319.64k,2.035899m
,,319.66k,2.033803m
,,319.68k,2.030781m
,,319.7k,2.031561m
,,319.72k,2.037654m
,,319.74k,2.043112m
,,319.76k,2.045575m
,,319.78k,2.045297m
,,319.8k,2.042915m
,,319.82k,2.040557m
,,319.84k,2.038168m
,,319.86k,2.036216m
,,319.88k,2.034197m
,,319.9k,2.031763m
,,319.92k,2.030795m
,,319.94k,2.02673m
,,319.96k,2.017566m
,,319.98k,2.009156m
,,320k,2.003506m
,,320.02k,1.998631m
,,320.04k,1.991533m
,,320.06k,1.981289m
,,320.08k,1.971495m
,,320.1k,1.963187m
,,320.12k,1.953706m
,,320.14k,1.945635m
,,320.16k,1.938257m
,,320.18k,1.92603m
,,320.2k,1.909987m
,,320.22k,1.894028m
,,320.24k,1.879629m
,,320.26k,1.864209m
,,320.28k,1.848576m
,,320.3k,1.833295m
,,320.32k,1.814682m
,,320.34k,1.794084m
,,320.36k,1.771972m
,,320.38k,1.74597m
,,320.4k,1.718764m
,,320.42k,1.694661m
,,320.44k,1.670569m
,,320.46k,1.642873m
,,320.48k,1.615525m
,,320.5k,1.58977m
,,320.52k,1.563102m
,,320.54k,1.535078m
,,320.56k,1.506317m
,,320.58k,1.477882m
,,320.6k,1.450247m
,,320.62k,1.424549m
,,320.64k,1.398863m
,,320.66k,1.371008m
,,320.68k,1.343717m
,,320.7k,1.31703m
,,320.72k,1.28951m
,,320.74k,1.262421m
,,320.76k,1.236842m
,,320.78k,1.212491m
,,320.8k,1.188425m
,,320.82k,1.165461m
,,320.84k,1.143769m
,,320.86k,1.121205m
,,320.88k,1.098972m
,,320.9k,1.079215m
,,320.92k,1.059653m
,,320.94k,1.038093m
,,320.96k,1.017663m
,,320.98k,1.00153m
,,321k,986.6743u
,,321.02k,970.9425u
,,321.04k,955.7001u
,,321.06k,942.7944u
,,321.08k,934.6293u
,,321.1k,928.6889u
,,321.12k,920.6713u
,,321.14k,911.805u
,,321.16k,904.9579u
,,321.18k,901.5784u
,,321.2k,902.2256u
,,321.22k,905.3695u
,,321.24k,908.0581u
,,321.26k,909.7972u
,,321.28k,911.1321u
,,321.3k,913.6483u
,,321.32k,919.0643u
,,321.34k,927.7377u
,,321.36k,940.7971u
,,321.38k,953.3467u
,,321.4k,959.7812u
,,321.42k,965.0996u
,,321.44k,975.3244u
,,321.46k,988.4594u
,,321.48k,1.002523m
,,321.5k,1.01963m
,,321.52k,1.038687m
,,321.54k,1.05701m
,,321.56k,1.074694m
,,321.58k,1.092853m
,,321.6k,1.112565m
,,321.62k,1.13346m
,,321.64k,1.155504m
,,321.66k,1.17701m
,,321.68k,1.194053m
,,321.7k,1.208989m
,,321.72k,1.228713m
,,321.74k,1.256655m
,,321.76k,1.288027m
,,321.78k,1.313565m
,,321.8k,1.332677m
,,321.82k,1.352804m
,,321.84k,1.378295m
,,321.86k,1.407871m
,,321.88k,1.436248m
,,321.9k,1.460984m
,,321.92k,1.486436m
,,321.94k,1.512903m
,,321.96k,1.537081m
,,321.98k,1.563752m
,,322k,1.593886m
,,322.02k,1.621084m
,,322.04k,1.64927m
,,322.06k,1.681621m
,,322.08k,1.711247m
,,322.1k,1.73782m
,,322.12k,1.766231m
,,322.14k,1.796761m
,,322.16k,1.829133m
,,322.18k,1.862632m
,,322.2k,1.895599m
,,322.22k,1.927912m
,,322.24k,1.959632m
,,322.26k,1.990549m
,,322.28k,2.019962m
,,322.3k,2.049069m
,,322.32k,2.080624m
,,322.34k,2.117635m
,,322.36k,2.158719m
,,322.38k,2.197878m
,,322.4k,2.233305m
,,322.42k,2.268032m
,,322.44k,2.304685m
,,322.46k,2.340704m
,,322.48k,2.373981m
,,322.5k,2.408451m
,,322.52k,2.448096m
,,322.54k,2.490858m
,,322.56k,2.532162m
,,322.58k,2.570429m
,,322.6k,2.605846m
,,322.62k,2.642635m
,,322.64k,2.685684m
,,322.66k,2.731611m
,,322.68k,2.775628m
,,322.7k,2.819637m
,,322.72k,2.865117m
,,322.74k,2.909793m
,,322.76k,2.952594m
,,322.78k,2.995829m
,,322.8k,3.041826m
,,322.82k,3.0881m
,,322.84k,3.135776m
,,322.86k,3.188414m
,,322.88k,3.241375m
,,322.9k,3.290335m
,,322.92k,3.337847m
,,322.94k,3.388124m
,,322.96k,3.441639m
,,322.98k,3.4946m
,,323k,3.547869m
,,323.02k,3.605065m
,,323.04k,3.660665m
,,323.06k,3.710252m
,,323.08k,3.758973m
,,323.1k,3.811852m
,,323.12k,3.869886m
,,323.14k,3.928605m
,,323.16k,3.982631m
,,323.18k,4.035471m
,,323.2k,4.091591m
,,323.22k,4.148663m
,,323.24k,4.204688m
,,323.26k,4.260171m
,,323.28k,4.317331m
,,323.3k,4.376706m
,,323.32k,4.432974m
,,323.34k,4.485501m
,,323.36k,4.539646m
,,323.38k,4.597791m
,,323.4k,4.66002m
,,323.42k,4.720108m
,,323.44k,4.773237m
,,323.46k,4.825174m
,,323.48k,4.880159m
,,323.5k,4.93502m
,,323.52k,4.988867m
,,323.54k,5.043797m
,,323.56k,5.09645m
,,323.58k,5.146918m
,,323.6k,5.199759m
,,323.62k,5.252429m
,,323.64k,5.301823m
,,323.66k,5.350507m
,,323.68k,5.39991m
,,323.7k,5.448071m
,,323.72k,5.495305m
,,323.74k,5.538651m
,,323.76k,5.576059m
,,323.78k,5.61247m
,,323.8k,5.649401m
,,323.82k,5.687896m
,,323.84k,5.726729m
,,323.86k,5.758265m
,,323.88k,5.782376m
,,323.9k,5.811694m
,,323.92k,5.848714m
,,323.94k,5.880172m
,,323.96k,5.902783m
,,323.98k,5.925412m
,,324k,5.951548m
,,324.02k,5.977552m
,,324.04k,6.000556m
,,324.06k,6.018802m
,,324.08k,6.033955m
,,324.1k,6.050739m
,,324.12k,6.066045m
,,324.14k,6.075557m
,,324.16k,6.080878m
,,324.18k,6.08466m
,,324.2k,6.090383m
,,324.22k,6.094711m
,,324.24k,6.091988m
,,324.26k,6.0851m
,,324.28k,6.080527m
,,324.3k,6.078383m
,,324.32k,6.073288m
,,324.34k,6.063548m
,,324.36k,6.049305m
,,324.38k,6.033437m
,,324.4k,6.018604m
,,324.42k,6.00057m
,,324.44k,5.978059m
,,324.46k,5.955331m
,,324.48k,5.932577m
,,324.5k,5.907723m
,,324.52k,5.880331m
,,324.54k,5.848253m
,,324.56k,5.813898m
,,324.58k,5.782582m
,,324.6k,5.75213m
,,324.62k,5.717881m
,,324.64k,5.679263m
,,324.66k,5.640685m
,,324.68k,5.603688m
,,324.7k,5.562253m
,,324.72k,5.515375m
,,324.74k,5.4686m
,,324.76k,5.42586m
,,324.78k,5.386021m
,,324.8k,5.342588m
,,324.82k,5.295672m
,,324.84k,5.250495m
,,324.86k,5.206531m
,,324.88k,5.163514m
,,324.9k,5.121152m
,,324.92k,5.075974m
,,324.94k,5.02915m
,,324.96k,4.982886m
,,324.98k,4.935611m
,,325k,4.888298m
,,325.02k,4.842602m
,,325.04k,4.797303m
,,325.06k,4.752623m
,,325.08k,4.709502m
,,325.1k,4.664548m
,,325.12k,4.618883m
,,325.14k,4.577928m
,,325.16k,4.537882m
,,325.18k,4.494338m
,,325.2k,4.452307m
,,325.22k,4.413558m
,,325.24k,4.373508m
,,325.26k,4.332857m
,,325.28k,4.294594m
,,325.3k,4.256861m
,,325.32k,4.217696m
,,325.34k,4.180271m
,,325.36k,4.147937m
,,325.38k,4.119869m
,,325.4k,4.090825m
,,325.42k,4.057329m
,,325.44k,4.023538m
,,325.46k,3.991838m
,,325.48k,3.960702m
,,325.5k,3.930085m
,,325.52k,3.900296m
,,325.54k,3.871566m
,,325.56k,3.842362m
,,325.58k,3.81161m
,,325.6k,3.781912m
,,325.62k,3.755794m
,,325.64k,3.733937m
,,325.66k,3.713867m
,,325.68k,3.692221m
,,325.7k,3.668297m
,,325.72k,3.642909m
,,325.74k,3.617916m
,,325.76k,3.595364m
,,325.78k,3.575848m
,,325.8k,3.557332m
,,325.82k,3.5392m
,,325.84k,3.520753m
,,325.86k,3.500028m
,,325.88k,3.479177m
,,325.9k,3.458493m
,,325.92k,3.438358m
,,325.94k,3.421287m
,,325.96k,3.403638m
,,325.98k,3.384837m
,,326k,3.366518m
,,326.02k,3.346382m
,,326.04k,3.328442m
,,326.06k,3.3147m
,,326.08k,3.299522m
,,326.1k,3.283129m
,,326.12k,3.269129m
,,326.14k,3.255687m
,,326.16k,3.239745m
,,326.18k,3.223451m
,,326.2k,3.209156m
,,326.22k,3.193454m
,,326.24k,3.1756m
,,326.26k,3.159355m
,,326.28k,3.145084m
,,326.3k,3.129735m
,,326.32k,3.113732m
,,326.34k,3.09825m
,,326.36k,3.083016m
,,326.38k,3.07023m
,,326.4k,3.057706m
,,326.42k,3.042722m
,,326.44k,3.027315m
,,326.46k,3.013888m
,,326.48k,3.00187m
,,326.5k,2.988707m
,,326.52k,2.97386m
,,326.54k,2.956725m
,,326.56k,2.939049m
,,326.58k,2.923402m
,,326.6k,2.908119m
,,326.62k,2.893955m
,,326.64k,2.883499m
,,326.66k,2.872706m
,,326.68k,2.858139m
,,326.7k,2.841342m
,,326.72k,2.823556m
,,326.74k,2.808905m
,,326.76k,2.799229m
,,326.78k,2.787363m
,,326.8k,2.77048m
,,326.82k,2.75638m
,,326.84k,2.747028m
,,326.86k,2.735999m
,,326.88k,2.720842m
,,326.9k,2.703511m
,,326.92k,2.688506m
,,326.94k,2.678967m
,,326.96k,2.669628m
,,326.98k,2.653805m
,,327k,2.635283m
,,327.02k,2.620923m
,,327.04k,2.609459m
,,327.06k,2.598487m
,,327.08k,2.590026m
,,327.1k,2.58078m
,,327.12k,2.565304m
,,327.14k,2.548931m
,,327.16k,2.53605m
,,327.18k,2.525478m
,,327.2k,2.5156m
,,327.22k,2.50154m
,,327.24k,2.483424m
,,327.26k,2.46646m
,,327.28k,2.454152m
,,327.3k,2.444827m
,,327.32k,2.435351m
,,327.34k,2.425223m
,,327.36k,2.41266m
,,327.38k,2.4011m
,,327.4k,2.393829m
,,327.42k,2.384648m
,,327.44k,2.369907m
,,327.46k,2.353842m
,,327.48k,2.34033m
,,327.5k,2.328308m
,,327.52k,2.316532m
,,327.54k,2.305765m
,,327.56k,2.295465m
,,327.58k,2.285021m
,,327.6k,2.274277m
,,327.62k,2.261586m
,,327.64k,2.247458m
,,327.66k,2.23489m
,,327.68k,2.223744m
,,327.7k,2.211674m
,,327.72k,2.19726m
,,327.74k,2.182619m
,,327.76k,2.170703m
,,327.78k,2.161262m
,,327.8k,2.152226m
,,327.82k,2.140651m
,,327.84k,2.12824m
,,327.86k,2.118073m
,,327.88k,2.107229m
,,327.9k,2.09361m
,,327.92k,2.08033m
,,327.94k,2.06895m
,,327.96k,2.057903m
,,327.98k,2.047435m
,,328k,2.036841m
,,328.02k,2.026673m
,,328.04k,2.018581m
,,328.06k,2.007712m
,,328.08k,1.994157m
,,328.1k,1.985902m
,,328.12k,1.979873m
,,328.14k,1.967412m
,,328.16k,1.950595m
,,328.18k,1.935186m
,,328.2k,1.922576m
,,328.22k,1.912709m
,,328.24k,1.904648m
,,328.26k,1.896481m
,,328.28k,1.886936m
,,328.3k,1.875417m
,,328.32k,1.861839m
,,328.34k,1.847405m
,,328.36k,1.837513m
,,328.38k,1.833108m
,,328.4k,1.826826m
,,328.42k,1.816254m
,,328.44k,1.805147m
,,328.46k,1.795172m
,,328.48k,1.785062m
,,328.5k,1.773706m
,,328.52k,1.762066m
,,328.54k,1.751649m
,,328.56k,1.740949m
,,328.58k,1.729498m
,,328.6k,1.720838m
,,328.62k,1.714124m
,,328.64k,1.704142m
,,328.66k,1.692748m
,,328.68k,1.684751m
,,328.7k,1.677269m
,,328.72k,1.666395m
,,328.74k,1.653787m
,,328.76k,1.643194m
,,328.78k,1.635175m
,,328.8k,1.6267m
,,328.82k,1.617374m
,,328.84k,1.609345m
,,328.86k,1.602295m
,,328.88k,1.593833m
,,328.9k,1.583035m
,,328.92k,1.571162m
,,328.94k,1.561373m
,,328.96k,1.555038m
,,328.98k,1.548164m
,,329k,1.538641m
,,329.02k,1.528535m
,,329.04k,1.519681m
,,329.06k,1.512675m
,,329.08k,1.505496m
,,329.1k,1.495501m
,,329.12k,1.485315m
,,329.14k,1.478677m
,,329.16k,1.4728m
,,329.18k,1.464411m
,,329.2k,1.454103m
,,329.22k,1.443581m
,,329.24k,1.431603m
,,329.26k,1.420815m
,,329.28k,1.415867m
,,329.3k,1.41124m
,,329.32k,1.404202m
,,329.34k,1.397692m
,,329.36k,1.389637m
,,329.38k,1.379025m
,,329.4k,1.370231m
,,329.42k,1.362146m
,,329.44k,1.350934m
,,329.46k,1.341911m
,,329.48k,1.336619m
,,329.5k,1.329382m
,,329.52k,1.320184m
,,329.54k,1.311302m
,,329.56k,1.302017m
,,329.58k,1.292594m
,,329.6k,1.283925m
,,329.62k,1.273934m
,,329.64k,1.264274m
,,329.66k,1.258355m
,,329.68k,1.251233m
,,329.7k,1.242488m
,,329.72k,1.237502m
,,329.74k,1.231528m
,,329.76k,1.220348m
,,329.78k,1.209718m
,,329.8k,1.203522m
,,329.82k,1.198509m
,,329.84k,1.190835m
,,329.86k,1.18042m
,,329.88k,1.169396m
,,329.9k,1.159842m
,,329.92k,1.152432m
,,329.94k,1.145764m
,,329.96k,1.137381m
,,329.98k,1.126251m
,,330k,1.11492m
,,330.02k,1.105966m
,,330.04k,1.098312m
,,330.06k,1.090858m
,,330.08k,1.083764m
,,330.1k,1.075977m
,,330.12k,1.066512m
,,330.14k,1.055m
,,330.16k,1.041427m
,,330.18k,1.028595m
,,330.2k,1.018098m
,,330.22k,1.008744m
,,330.24k,1.001871m
,,330.26k,997.8314u
,,330.28k,991.5717u
,,330.3k,979.6727u
,,330.32k,967.1721u
,,330.34k,957.9726u
,,330.36k,947.6984u
,,330.38k,934.7204u
,,330.4k,922.4317u
,,330.42k,911.2496u
,,330.44k,900.1712u
,,330.46k,890.0594u
,,330.48k,878.7091u
,,330.5k,864.5846u
,,330.52k,852.1497u
,,330.54k,842.7204u
,,330.56k,832.353u
,,330.58k,818.6112u
,,330.6k,804.1426u
,,330.62k,792.9715u
,,330.64k,782.6636u
,,330.66k,768.8509u
,,330.68k,755.2957u
,,330.7k,744.7887u
,,330.72k,733.7727u
,,330.74k,721.9568u
,,330.76k,709.4735u
,,330.78k,695.089u
,,330.8k,680.0296u
,,330.82k,665.045u
,,330.84k,649.864u
,,330.86k,634.9538u
,,330.88k,622.3013u
,,330.9k,610.5303u
,,330.92k,595.112u
,,330.94k,578.5134u
,,330.96k,564.9927u
,,330.98k,551.5852u
,,331k,535.6125u
,,331.02k,521.2277u
,,331.04k,510.6384u
,,331.06k,498.9303u
,,331.08k,482.8077u
,,331.1k,464.9676u
,,331.12k,447.9202u
,,331.14k,431.1396u
,,331.16k,415.035u
,,331.18k,401.8242u
,,331.2k,389.9172u
,,331.22k,376.7047u
,,331.24k,365.0346u
,,331.26k,355.0755u
,,331.28k,345.3081u
,,331.3k,337.389u
,,331.32k,330.1287u
,,331.34k,320.8725u
,,331.36k,310.854u
,,331.38k,303.2009u
,,331.4k,296.5269u
,,331.42k,289.2726u
,,331.44k,285.5969u
,,331.46k,286.158u
,,331.48k,288.4096u
,,331.5k,291.8136u
,,331.52k,294.8766u
,,331.54k,298.2666u
,,331.56k,302.6792u
,,331.58k,305.7281u
,,331.6k,309.6845u
,,331.62k,317.9182u
,,331.64k,328.5262u
,,331.66k,339.6446u
,,331.68k,350.0986u
,,331.7k,359.832u
,,331.72k,371.518u
,,331.74k,382.4879u
,,331.76k,389.3428u
,,331.78k,397.8324u
,,331.8k,412.0202u
,,331.82k,429.3524u
,,331.84k,446.3599u
,,331.86k,459.8161u
,,331.88k,470.8373u
,,331.9k,482.829u
,,331.92k,495.1577u
,,331.94k,507.729u
,,331.96k,520.7812u
,,331.98k,531.186u
,,332k,539.3048u
,,332.02k,549.492u
,,332.04k,564.473u
,,332.06k,583.1812u
,,332.08k,599.066u
,,332.1k,608.3875u
,,332.12k,617.1235u
,,332.14k,627.4271u
,,332.16k,634.3665u
,,332.18k,640.8096u
,,332.2k,651.1651u
,,332.22k,661.6517u
,,332.24k,671.4758u
,,332.26k,681.7482u
,,332.28k,691.8754u
,,332.3k,701.2276u
,,332.32k,706.7465u
,,332.34k,710.4655u
,,332.36k,716.3871u
,,332.38k,723.7575u
,,332.4k,731.023u
,,332.42k,736.0993u
,,332.44k,739.0267u
,,332.46k,743.3994u
,,332.48k,749.0658u
,,332.5k,752.3814u
,,332.52k,754.446u
,,332.54k,759.514u
,,332.56k,767.3211u
,,332.58k,774.7825u
,,332.6k,780.1855u
,,332.62k,782.8888u
,,332.64k,783.7535u
,,332.66k,784.0406u
,,332.68k,784.1975u
,,332.7k,784.7335u
,,332.72k,785.5029u
,,332.74k,785.5278u
,,332.76k,785.6936u
,,332.78k,788.3224u
,,332.8k,791.2951u
,,332.82k,791.4927u
,,332.84k,792.0919u
,,332.86k,795.2205u
,,332.88k,797.3188u
,,332.9k,795.0958u
,,332.92k,790.1135u
,,332.94k,787.2619u
,,332.96k,787.4756u
,,332.98k,788.4968u
,,333k,788.4821u
,,333.02k,788.4694u
,,333.04k,791.2347u
,,333.06k,793.6137u
,,333.08k,793.1873u
,,333.1k,789.5795u
,,333.12k,782.8758u
,,333.14k,780.1004u
,,333.16k,783.1439u
,,333.18k,784.9195u
,,333.2k,783.4399u
,,333.22k,782.6869u
,,333.24k,783.0611u
,,333.26k,779.9816u
,,333.28k,774.9946u
,,333.3k,773.4656u
,,333.32k,773.5904u
,,333.34k,773.1816u
,,333.36k,772.2953u
,,333.38k,771.1246u
,,333.4k,771.0053u
,,333.42k,772.3029u
,,333.44k,772.8805u
,,333.46k,770.8537u
,,333.48k,768.6573u
,,333.5k,768.6603u
,,333.52k,770.0156u
,,333.54k,770.8741u
,,333.56k,770.1301u
,,333.58k,767.6954u
,,333.6k,765.3068u
,,333.62k,764.0285u
,,333.64k,764.3703u
,,333.66k,767.2044u
,,333.68k,769.6857u
,,333.7k,767.8293u
,,333.72k,764.114u
,,333.74k,765.0401u
,,333.76k,768.6199u
,,333.78k,767.8846u
,,333.8k,762.6972u
,,333.82k,758.3548u
,,333.84k,758.9166u
,,333.86k,763.8278u
,,333.88k,769.1137u
,,333.9k,772.025u
,,333.92k,773.4182u
,,333.94k,774.3041u
,,333.96k,773.266u
,,333.98k,771.6138u
,,334k,772.2712u
,,334.02k,774.6013u
,,334.04k,777.1794u
,,334.06k,777.8169u
,,334.08k,777.4917u
,,334.1k,778.4415u
,,334.12k,780.5002u
,,334.14k,784.549u
,,334.16k,787.449u
,,334.18k,787.0198u
,,334.2k,787.9777u
,,334.22k,789.095u
,,334.24k,787.7691u
,,334.26k,788.5918u
,,334.28k,791.9329u
,,334.3k,795.2429u
,,334.32k,797.4651u
,,334.34k,798.6534u
,,334.36k,799.2308u
,,334.38k,799.8778u
,,334.4k,802.6884u
,,334.42k,807.0601u
,,334.44k,811.7864u
,,334.46k,815.6088u
,,334.48k,817.3389u
,,334.5k,817.5717u
,,334.52k,816.0014u
,,334.54k,814.994u
,,334.56k,817.3911u
,,334.58k,821.706u
,,334.6k,825.4522u
,,334.62k,827.8875u
,,334.64k,829.7411u
,,334.66k,831.853u
,,334.68k,835.7341u
,,334.7k,841.6729u
,,334.72k,846.2257u
,,334.74k,847.2639u
,,334.76k,849.0799u
,,334.78k,854.0866u
,,334.8k,858.8034u
,,334.82k,861.9448u
,,334.84k,864.5649u
,,334.86k,865.9876u
,,334.88k,866.5148u
,,334.9k,869.8279u
,,334.92k,875.5397u
,,334.94k,877.6135u
,,334.96k,876.5766u
,,334.98k,879.125u
,,335k,884.7072u
,,335.02k,889.1409u
,,335.04k,892.7779u
,,335.06k,894.958u
,,335.08k,895.5572u
,,335.1k,897.2332u
,,335.12k,899.6825u
,,335.14k,901.4928u
,,335.16k,906.3813u
,,335.18k,916.1772u
,,335.2k,922.8327u
,,335.22k,922.9385u
,,335.24k,923.1223u
,,335.26k,925.5341u
,,335.28k,928.4199u
,,335.3k,932.8723u
,,335.32k,937.6404u
,,335.34k,939.9306u
,,335.36k,943.3911u
,,335.38k,950.2369u
,,335.4k,954.7486u
,,335.42k,956.8356u
,,335.44k,960.1361u
,,335.46k,961.9633u
,,335.48k,961.8957u
,,335.5k,963.0073u
,,335.52k,964.8069u
,,335.54k,967.234u
,,335.56k,971.1302u
,,335.58k,974.5805u
,,335.6k,978.1839u
,,335.62k,984.836u
,,335.64k,992.1746u
,,335.66k,994.6688u
,,335.68k,993.6993u
,,335.7k,995.6357u
,,335.72k,1.000907m
,,335.74k,1.006211m
,,335.76k,1.010689m
,,335.78k,1.014328m
,,335.8k,1.01622m
,,335.82k,1.016475m
,,335.84k,1.016775m
,,335.86k,1.018167m
,,335.88k,1.023482m
,,335.9k,1.031634m
,,335.92k,1.036986m
,,335.94k,1.038984m
,,335.96k,1.039989m
,,335.98k,1.043407m
,,336k,1.049916m
,,336.02k,1.055197m
,,336.04k,1.056651m
,,336.06k,1.057152m
,,336.08k,1.058861m
,,336.1k,1.060674m
,,336.12k,1.06392m
,,336.14k,1.070018m
,,336.16k,1.077825m
,,336.18k,1.082303m
,,336.2k,1.07985m
,,336.22k,1.076583m
,,336.24k,1.077545m
,,336.26k,1.080103m
,,336.28k,1.083259m
,,336.3k,1.087501m
,,336.32k,1.090628m
,,336.34k,1.092906m
,,336.36k,1.097032m
,,336.38k,1.102843m
,,336.4k,1.106252m
,,336.42k,1.106284m
,,336.44k,1.107785m
,,336.46k,1.111004m
,,336.48k,1.114585m
,,336.5k,1.116053m
,,336.52k,1.113234m
,,336.54k,1.113523m
,,336.56k,1.118843m
,,336.58k,1.122717m
,,336.6k,1.124861m
,,336.62k,1.126986m
,,336.64k,1.128027m
,,336.66k,1.130112m
,,336.68k,1.135095m
,,336.7k,1.137661m
,,336.72k,1.135479m
,,336.74k,1.134524m
,,336.76k,1.136482m
,,336.78k,1.139316m
,,336.8k,1.141553m
,,336.82k,1.140644m
,,336.84k,1.138371m
,,336.86k,1.138593m
,,336.88k,1.141463m
,,336.9k,1.144351m
,,336.92k,1.145729m
,,336.94k,1.148246m
,,336.96k,1.152211m
,,336.98k,1.152251m
,,337k,1.146204m
,,337.02k,1.14125m
,,337.04k,1.144036m
,,337.06k,1.150022m
,,337.08k,1.152851m
,,337.1k,1.152181m
,,337.12k,1.149736m
,,337.14k,1.148715m
,,337.16k,1.150355m
,,337.18k,1.151885m
,,337.2k,1.153377m
,,337.22k,1.1571m
,,337.24k,1.160943m
,,337.26k,1.162152m
,,337.28k,1.160902m
,,337.3k,1.158324m
,,337.32k,1.156073m
,,337.34k,1.155365m
,,337.36k,1.15714m
,,337.38k,1.160591m
,,337.4k,1.161855m
,,337.42k,1.161543m
,,337.44k,1.162744m
,,337.46k,1.162104m
,,337.48k,1.16001m
,,337.5k,1.158815m
,,337.52k,1.156253m
,,337.54k,1.155058m
,,337.56k,1.156785m
,,337.58k,1.158259m
,,337.6k,1.159828m
,,337.62k,1.161759m
,,337.64k,1.16098m
,,337.66k,1.157666m
,,337.68k,1.156619m
,,337.7k,1.156433m
,,337.72k,1.153522m
,,337.74k,1.151675m
,,337.76k,1.152927m
,,337.78k,1.156273m
,,337.8k,1.160156m
,,337.82k,1.162548m
,,337.84k,1.163608m
,,337.86k,1.162172m
,,337.88k,1.158037m
,,337.9k,1.15531m
,,337.92k,1.155748m
,,337.94k,1.157309m
,,337.96k,1.158447m
,,337.98k,1.157473m
,,338k,1.155408m
,,338.02k,1.156363m
,,338.04k,1.159744m
,,338.06k,1.160415m
,,338.08k,1.157998m
,,338.1k,1.157212m
,,338.12k,1.158879m
,,338.14k,1.160547m
,,338.16k,1.159213m
,,338.18k,1.154421m
,,338.2k,1.150532m
,,338.22k,1.150295m
,,338.24k,1.153037m
,,338.26k,1.155913m
,,338.28k,1.156378m
,,338.3k,1.156238m
,,338.32k,1.157022m
,,338.34k,1.156124m
,,338.36k,1.153608m
,,338.38k,1.153207m
,,338.4k,1.154467m
,,338.42k,1.154783m
,,338.44k,1.154364m
,,338.46k,1.151461m
,,338.48k,1.144611m
,,338.5k,1.138411m
,,338.52k,1.13752m
,,338.54k,1.13982m
,,338.56k,1.140546m
,,338.58k,1.139199m
,,338.6k,1.137599m
,,338.62k,1.137752m
,,338.64k,1.138807m
,,338.66k,1.135724m
,,338.68k,1.129758m
,,338.7k,1.12761m
,,338.72k,1.128749m
,,338.74k,1.129302m
,,338.76k,1.12957m
,,338.78k,1.127877m
,,338.8k,1.12172m
,,338.82k,1.116835m
,,338.84k,1.118558m
,,338.86k,1.121987m
,,338.88k,1.120663m
,,338.9k,1.114715m
,,338.92k,1.109361m
,,338.94k,1.10882m
,,338.96k,1.10997m
,,338.98k,1.109227m
,,339k,1.107683m
,,339.02k,1.10483m
,,339.04k,1.101854m
,,339.06k,1.100874m
,,339.08k,1.09875m
,,339.1k,1.094952m
,,339.12k,1.095198m
,,339.14k,1.098086m
,,339.16k,1.097059m
,,339.18k,1.091915m
,,339.2k,1.084215m
,,339.22k,1.077838m
,,339.24k,1.074915m
,,339.26k,1.071723m
,,339.28k,1.067521m
,,339.3k,1.064176m
,,339.32k,1.063761m
,,339.34k,1.063962m
,,339.36k,1.06139m
,,339.38k,1.057225m
,,339.4k,1.05199m
,,339.42k,1.047778m
,,339.44k,1.045916m
,,339.46k,1.044321m
,,339.48k,1.042684m
,,339.5k,1.040968m
,,339.52k,1.039316m
,,339.54k,1.037124m
,,339.56k,1.031644m
,,339.58k,1.027472m
,,339.6k,1.028479m
,,339.62k,1.027143m
,,339.64k,1.020054m
,,339.66k,1.010409m
,,339.68k,1.001806m
,,339.7k,997.0632u
,,339.72k,993.9229u
,,339.74k,990.8066u
,,339.76k,989.4344u
,,339.78k,986.7085u
,,339.8k,980.9699u
,,339.82k,979.6665u
,,339.84k,981.4239u
,,339.86k,977.7452u
,,339.88k,971.5552u
,,339.9k,968.0839u
,,339.92k,967.3038u
,,339.94k,967.9383u
,,339.96k,966.7229u
,,339.98k,961.0498u
,,340k,954.7241u
,,340.02k,951.4025u
,,340.04k,949.1003u
,,340.06k,944.802u
,,340.08k,940.9024u
,,340.1k,941.3416u
,,340.12k,940.9465u
,,340.14k,935.8593u
,,340.16k,931.0536u
,,340.18k,929.7083u
,,340.2k,929.8409u
,,340.22k,928.1867u
,,340.24k,923.5758u
,,340.26k,920.9439u
,,340.28k,922.1912u
,,340.3k,921.6569u
,,340.32k,917.9103u
,,340.34k,913.617u
,,340.36k,910.7626u
,,340.38k,909.6637u
,,340.4k,908.7318u
,,340.42k,906.6229u
,,340.44k,905.2233u
,,340.46k,905.4966u
,,340.48k,904.5768u
,,340.5k,902.4903u
,,340.52k,900.3479u
,,340.54k,898.4839u
,,340.56k,898.7004u
,,340.58k,900.4793u
,,340.6k,901.9218u
,,340.62k,902.7765u
,,340.64k,902.4831u
,,340.66k,902.6324u
,,340.68k,905.6305u
,,340.7k,907.5692u
,,340.72k,906.628u
,,340.74k,906.8239u
,,340.76k,909.288u
,,340.78k,913.3951u
,,340.8k,918.4745u
,,340.82k,922.5456u
,,340.84k,923.7658u
,,340.86k,924.6775u
,,340.88k,929.2489u
,,340.9k,936.6316u
,,340.92k,943.1882u
,,340.94k,946.94u
,,340.96k,948.9762u
,,340.98k,951.9399u
,,341k,957.719u
,,341.02k,963.8699u
,,341.04k,966.8182u
,,341.06k,967.9989u
,,341.08k,972.9589u
,,341.1k,981.7033u
,,341.12k,990.2971u
,,341.14k,997.5763u
,,341.16k,1.002952m
,,341.18k,1.008319m
,,341.2k,1.015671m
,,341.22k,1.023896m
,,341.24k,1.032201m
,,341.26k,1.04166m
,,341.28k,1.052845m
,,341.3k,1.065226m
,,341.32k,1.076668m
,,341.34k,1.087048m
,,341.36k,1.098262m
,,341.38k,1.108461m
,,341.4k,1.117334m
,,341.42k,1.128277m
,,341.44k,1.140151m
,,341.46k,1.150667m
,,341.48k,1.16112m
,,341.5k,1.170438m
,,341.52k,1.178224m
,,341.54k,1.188775m
,,341.56k,1.20263m
,,341.58k,1.215607m
,,341.6k,1.228474m
,,341.62k,1.242986m
,,341.64k,1.258971m
,,341.66k,1.277164m
,,341.68k,1.293793m
,,341.7k,1.305785m
,,341.72k,1.317212m
,,341.74k,1.331467m
,,341.76k,1.344855m
,,341.78k,1.357656m
,,341.8k,1.373261m
,,341.82k,1.388898m
,,341.84k,1.405156m
,,341.86k,1.423491m
,,341.88k,1.442229m
,,341.9k,1.460809m
,,341.92k,1.47693m
,,341.94k,1.491176m
,,341.96k,1.508184m
,,341.98k,1.529384m
,,342k,1.55143m
,,342.02k,1.569613m
,,342.04k,1.584805m
,,342.06k,1.600397m
,,342.08k,1.620014m
,,342.1k,1.642793m
,,342.12k,1.659987m
,,342.14k,1.671035m
,,342.16k,1.684015m
,,342.18k,1.702522m
,,342.2k,1.723258m
,,342.22k,1.742792m
,,342.24k,1.761428m
,,342.26k,1.779758m
,,342.28k,1.799462m
,,342.3k,1.822023m
,,342.32k,1.845034m
,,342.34k,1.86671m
,,342.36k,1.887653m
,,342.38k,1.907525m
,,342.4k,1.925458m
,,342.42k,1.941884m
,,342.44k,1.95948m
,,342.46k,1.978361m
,,342.48k,1.997239m
,,342.5k,2.018233m
,,342.52k,2.040684m
,,342.54k,2.060569m
,,342.56k,2.077275m
,,342.58k,2.094841m
,,342.6k,2.113462m
,,342.62k,2.131136m
,,342.64k,2.149983m
,,342.66k,2.170427m
,,342.68k,2.189908m
,,342.7k,2.208339m
,,342.72k,2.22834m
,,342.74k,2.247492m
,,342.76k,2.263947m
,,342.78k,2.281926m
,,342.8k,2.301066m
,,342.82k,2.31909m
,,342.84k,2.33775m
,,342.86k,2.356669m
,,342.88k,2.374389m
,,342.9k,2.390773m
,,342.92k,2.40632m
,,342.94k,2.420831m
,,342.96k,2.434573m
,,342.98k,2.44975m
,,343k,2.465698m
,,343.02k,2.479915m
,,343.04k,2.49239m
,,343.06k,2.504857m
,,343.08k,2.517636m
,,343.1k,2.531732m
,,343.12k,2.547848m
,,343.14k,2.562363m
,,343.16k,2.571639m
,,343.18k,2.577245m
,,343.2k,2.58454m
,,343.22k,2.595667m
,,343.24k,2.607117m
,,343.26k,2.615657m
,,343.28k,2.62348m
,,343.3k,2.63209m
,,343.32k,2.63863m
,,343.34k,2.643544m
,,343.36k,2.647921m
,,343.38k,2.650476m
,,343.4k,2.652745m
,,343.42k,2.656435m
,,343.44k,2.660336m
,,343.46k,2.663488m
,,343.48k,2.663545m
,,343.5k,2.66015m
,,343.52k,2.657413m
,,343.54k,2.654713m
,,343.56k,2.649228m
,,343.58k,2.643677m
,,343.6k,2.639588m
,,343.62k,2.63269m
,,343.64k,2.623388m
,,343.66k,2.615884m
,,343.68k,2.610201m
,,343.7k,2.604474m
,,343.72k,2.59537m
,,343.74k,2.583191m
,,343.76k,2.573583m
,,343.78k,2.56479m
,,343.8k,2.550511m
,,343.82k,2.534645m
,,343.84k,2.521818m
,,343.86k,2.509432m
,,343.88k,2.495425m
,,343.9k,2.479211m
,,343.92k,2.461628m
,,343.94k,2.443686m
,,343.96k,2.424398m
,,343.98k,2.404763m
,,344k,2.386496m
,,344.02k,2.367621m
,,344.04k,2.348685m
,,344.06k,2.330289m
,,344.08k,2.309829m
,,344.1k,2.288432m
,,344.12k,2.265782m
,,344.14k,2.240214m
,,344.16k,2.215063m
,,344.18k,2.191405m
,,344.2k,2.168128m
,,344.22k,2.145996m
,,344.24k,2.124178m
,,344.26k,2.101468m
,,344.28k,2.07602m
,,344.3k,2.046463m
,,344.32k,2.014886m
,,344.34k,1.985885m
,,344.36k,1.961328m
,,344.38k,1.937955m
,,344.4k,1.912986m
,,344.42k,1.886628m
,,344.44k,1.860433m
,,344.46k,1.834079m
,,344.48k,1.806719m
,,344.5k,1.778446m
,,344.52k,1.750757m
,,344.54k,1.725719m
,,344.56k,1.69991m
,,344.58k,1.671776m
,,344.6k,1.645086m
,,344.62k,1.61851m
,,344.64k,1.59068m
,,344.66k,1.564924m
,,344.68k,1.540457m
,,344.7k,1.514167m
,,344.72k,1.485772m
,,344.74k,1.456148m
,,344.76k,1.42764m
,,344.78k,1.400898m
,,344.8k,1.375569m
,,344.82k,1.351527m
,,344.84k,1.327142m
,,344.86k,1.30306m
,,344.88k,1.279894m
,,344.9k,1.254624m
,,344.92k,1.225859m
,,344.94k,1.197748m
,,344.96k,1.174431m
,,344.98k,1.154631m
,,345k,1.133068m
,,345.02k,1.106733m
,,345.04k,1.078927m
,,345.06k,1.053457m
,,345.08k,1.029519m
,,345.1k,1.004221m
,,345.12k,977.9054u
,,345.14k,954.1797u
,,345.16k,933.0532u
,,345.18k,910.8811u
,,345.2k,887.5473u
,,345.22k,864.9243u
,,345.24k,843.6039u
,,345.26k,823.8162u
,,345.28k,803.3392u
,,345.3k,781.492u
,,345.32k,759.3659u
,,345.34k,735.2066u
,,345.36k,708.2876u
,,345.38k,682.0194u
,,345.4k,661.0746u
,,345.42k,644.643u
,,345.44k,627.4823u
,,345.46k,607.1518u
,,345.48k,586.7205u
,,345.5k,569.3374u
,,345.52k,551.7676u
,,345.54k,531.7434u
,,345.56k,512.7622u
,,345.58k,496.2259u
,,345.6k,478.8028u
,,345.62k,459.5947u
,,345.64k,442.0447u
,,345.66k,427.3972u
,,345.68k,412.7584u
,,345.7k,393.1951u
,,345.72k,371.2448u
,,345.74k,353.0454u
,,345.76k,336.8304u
,,345.78k,320.6665u
,,345.8k,303.9277u
,,345.82k,287.4367u
,,345.84k,273.7996u
,,345.86k,261.8391u
,,345.88k,249.9143u
,,345.9k,235.131u
,,345.92k,215.4092u
,,345.94k,196.9484u
,,345.96k,182.8142u
,,345.98k,170.3751u
,,346k,158.3509u
,,346.02k,145.7235u
,,346.04k,132.4687u
,,346.06k,117.7575u
,,346.08k,101.857u
,,346.1k,86.96331u
,,346.12k,73.15027u
,,346.14k,60.62863u
,,346.16k,50.40278u
,,346.18k,40.53265u
,,346.2k,28.42419u
,,346.22k,15.22601u
,,346.24k,3.443184u
,,346.26k,8.035451u
,,346.28k,19.56643u
,,346.3k,28.31541u
,,346.32k,36.7756u
,,346.34k,49.605u
,,346.36k,63.40311u
,,346.38k,74.28458u
,,346.4k,83.3341u
,,346.42k,92.5625u
,,346.44k,104.4211u
,,346.46k,116.6828u
,,346.48k,125.4964u
,,346.5k,132.4619u
,,346.52k,138.3881u
,,346.54k,143.9782u
,,346.56k,154.9454u
,,346.58k,169.521u
,,346.6k,179.0335u
,,346.62k,185.9449u
,,346.64k,194.9731u
,,346.66k,203.5988u
,,346.68k,210.829u
,,346.7k,217.2748u
,,346.72k,223.9259u
,,346.74k,233.7396u
,,346.76k,245.246u
,,346.78k,254.1568u
,,346.8k,261.7284u
,,346.82k,269.6053u
,,346.84k,277.1573u
,,346.86k,283.479u
,,346.88k,288.9109u
,,346.9k,295.9294u
,,346.92k,304.2097u
,,346.94k,312.2761u
,,346.96k,319.7925u
,,346.98k,326.5415u
,,347k,332.8022u
,,347.02k,338.049u
,,347.04k,343.8929u
,,347.06k,351.7758u
,,347.08k,358.7359u
,,347.1k,363.7842u
,,347.12k,369.5207u
,,347.14k,375.3759u
,,347.16k,380.8294u
,,347.18k,387.8799u
,,347.2k,395.0643u
,,347.22k,402.2583u
,,347.24k,409.4599u
,,347.26k,414.5499u
,,347.28k,417.7853u
,,347.3k,419.9382u
,,347.32k,422.9131u
,,347.34k,428.5704u
,,347.36k,435.9981u
,,347.38k,442.5623u
,,347.4k,447.7243u
,,347.42k,452.808u
,,347.44k,458.838u
,,347.46k,465.8473u
,,347.48k,470.8838u
,,347.5k,474.7764u
,,347.52k,481.6871u
,,347.54k,487.9901u
,,347.56k,492.3334u
,,347.58k,497.7007u
,,347.6k,502.7518u
,,347.62k,507.4652u
,,347.64k,511.4246u
,,347.66k,516.2383u
,,347.68k,524.0388u
,,347.7k,532.1285u
,,347.72k,538.1579u
,,347.74k,540.7761u
,,347.76k,542.0505u
,,347.78k,544.4437u
,,347.8k,547.9089u
,,347.82k,552.1995u
,,347.84k,558.1323u
,,347.86k,564.4684u
,,347.88k,568.4751u
,,347.9k,571.3968u
,,347.92k,574.4875u
,,347.94k,578.8322u
,,347.96k,584.5625u
,,347.98k,591.1824u
,,348k,597.4038u
,,348.02k,600.1203u
,,348.04k,600.456u
,,348.06k,602.5086u
,,348.08k,607.6425u
,,348.1k,613.8054u
,,348.12k,619.7874u
,,348.14k,625.8091u
,,348.16k,630.5717u
,,348.18k,634.0725u
,,348.2k,637.9117u
,,348.22k,642.3285u
,,348.24k,644.8181u
,,348.26k,645.66u
,,348.28k,649.9856u
,,348.3k,656.427u
,,348.32k,660.4036u
,,348.34k,662.6452u
,,348.36k,664.9522u
,,348.38k,668.1477u
,,348.4k,671.8243u
,,348.42k,675.1758u
,,348.44k,678.3665u
,,348.46k,680.9436u
,,348.48k,681.0934u
,,348.5k,679.903u
,,348.52k,682.2774u
,,348.54k,687.072u
,,348.56k,688.7542u
,,348.58k,688.5874u
,,348.6k,690.7713u
,,348.62k,694.8725u
,,348.64k,697.9434u
,,348.66k,699.6695u
,,348.68k,701.9737u
,,348.7k,703.2651u
,,348.72k,704.0027u
,,348.74k,707.6151u
,,348.76k,710.8091u
,,348.78k,710.9249u
,,348.8k,710.676u
,,348.82k,711.6858u
,,348.84k,713.959u
,,348.86k,717.2767u
,,348.88k,719.3643u
,,348.9k,718.0981u
,,348.92k,716.7618u
,,348.94k,719.9006u
,,348.96k,725.0325u
,,348.98k,727.237u
,,349k,727.2016u
,,349.02k,727.0784u
,,349.04k,727.2814u
,,349.06k,727.5633u
,,349.08k,727.8403u
,,349.1k,728.6076u
,,349.12k,728.8643u
,,349.14k,727.766u
,,349.16k,726.5286u
,,349.18k,726.6481u
,,349.2k,728.7557u
,,349.22k,730.4923u
,,349.24k,729.6276u
,,349.26k,728.2771u
,,349.28k,729.0932u
,,349.3k,731.6833u
,,349.32k,733.5125u
,,349.34k,736.3251u
,,349.36k,741.2221u
,,349.38k,741.0926u
,,349.4k,735.6331u
,,349.42k,733.7795u
,,349.44k,736.9994u
,,349.46k,740.7417u
,,349.48k,742.0093u
,,349.5k,740.2196u
,,349.52k,738.5999u
,,349.54k,740.5027u
,,349.56k,745.5019u
,,349.58k,749.945u
,,349.6k,751.2379u
,,349.62k,750.0367u
,,349.64k,747.0861u
,,349.66k,743.4127u
,,349.68k,742.8509u
,,349.7k,746.985u
,,349.72k,751.4001u
,,349.74k,752.8248u
,,349.76k,751.136u
,,349.78k,749.5077u
,,349.8k,752.0808u
,,349.82k,757.8283u
,,349.84k,762.8842u
,,349.86k,764.5755u
,,349.88k,763.2913u
,,349.9k,761.5448u
,,349.92k,760.636u
,,349.94k,760.5505u
,,349.96k,762.8035u
,,349.98k,767.175u
,,350k,770.4733u
,,350.02k,772.871u
,,350.04k,776.4255u
,,350.06k,779.0732u
,,350.08k,778.8949u
,,350.1k,778.9835u
,,350.12k,781.9333u
,,350.14k,786.1259u
,,350.16k,789.9085u
,,350.18k,795.0542u
,,350.2k,800.1058u
,,350.22k,802.3828u
,,350.24k,803.8653u
,,350.26k,804.9761u
,,350.28k,806.9433u
,,350.3k,810.2994u
,,350.32k,810.856u
,,350.34k,809.6721u
,,350.36k,812.2853u
,,350.38k,817.0121u
,,350.4k,820.9793u
,,350.42k,825.7855u
,,350.44k,828.9558u
,,350.46k,830.9493u
,,350.48k,836.7225u
,,350.5k,843.7558u
,,350.52k,846.6074u
,,350.54k,846.6539u
,,350.56k,848.7724u
,,350.58k,852.3556u
,,350.6k,854.547u
,,350.62k,857.971u
,,350.64k,865.2112u
,,350.66k,871.912u
,,350.68k,874.8504u
,,350.7k,876.7431u
,,350.72k,879.9257u
,,350.74k,884.645u
,,350.76k,889.5466u
,,350.78k,894.1203u
,,350.8k,898.9114u
,,350.82k,903.6963u
,,350.84k,909.1153u
,,350.86k,914.0649u
,,350.88k,917.1541u
,,350.9k,920.8398u
,,350.92k,926.1476u
,,350.94k,931.0047u
,,350.96k,935.2766u
,,350.98k,939.5231u
,,351k,944.0734u
,,351.02k,950.6954u
,,351.04k,958.5054u
,,351.06k,963.1121u
,,351.08k,964.5945u
,,351.1k,968.8126u
,,351.12k,975.3147u
,,351.14k,981.0349u
,,351.16k,987.0712u
,,351.18k,992.2574u
,,351.2k,996.2789u
,,351.22k,999.8157u
,,351.24k,1.003032m
,,351.26k,1.008234m
,,351.28k,1.016428m
,,351.3k,1.024351m
,,351.32k,1.029698m
,,351.34k,1.033858m
,,351.36k,1.0391m
,,351.38k,1.046259m
,,351.4k,1.053238m
,,351.42k,1.058697m
,,351.44k,1.064076m
,,351.46k,1.069769m
,,351.48k,1.074023m
,,351.5k,1.078228m
,,351.52k,1.084741m
,,351.54k,1.091556m
,,351.56k,1.096794m
,,351.58k,1.099722m
,,351.6k,1.10234m
,,351.62k,1.109992m
,,351.64k,1.120597m
,,351.66k,1.128762m
,,351.68k,1.135786m
,,351.7k,1.142557m
,,351.72k,1.147962m
,,351.74k,1.151631m
,,351.76k,1.156338m
,,351.78k,1.166287m
,,351.8k,1.178073m
,,351.82k,1.186988m
,,351.84k,1.194732m
,,351.86k,1.203867m
,,351.88k,1.212173m
,,351.9k,1.218781m
,,351.92k,1.225692m
,,351.94k,1.23204m
,,351.96k,1.237648m
,,351.98k,1.243173m
,,352k,1.250926m
,,352.02k,1.261596m
,,352.04k,1.269962m
,,352.06k,1.275588m
,,352.08k,1.283018m
,,352.1k,1.290938m
,,352.12k,1.297132m
,,352.14k,1.305168m
,,352.16k,1.315276m
,,352.18k,1.323636m
,,352.2k,1.33105m
,,352.22k,1.337341m
,,352.24k,1.342825m
,,352.26k,1.352944m
,,352.28k,1.367652m
,,352.3k,1.379117m
,,352.32k,1.384663m
,,352.34k,1.390918m
,,352.36k,1.400405m
,,352.38k,1.412287m
,,352.4k,1.425165m
,,352.42k,1.433246m
,,352.44k,1.438861m
,,352.46k,1.448778m
,,352.48k,1.461826m
,,352.5k,1.472422m
,,352.52k,1.478105m
,,352.54k,1.484128m
,,352.56k,1.494829m
,,352.58k,1.509807m
,,352.6k,1.524871m
,,352.62k,1.53376m
,,352.64k,1.537845m
,,352.66k,1.545049m
,,352.68k,1.557806m
,,352.7k,1.570818m
,,352.72k,1.580785m
,,352.74k,1.588989m
,,352.76k,1.596834m
,,352.78k,1.604507m
,,352.8k,1.614532m
,,352.82k,1.628398m
,,352.84k,1.642801m
,,352.86k,1.65588m
,,352.88k,1.666292m
,,352.9k,1.67401m
,,352.92k,1.68114m
,,352.94k,1.689104m
,,352.96k,1.697919m
,,352.98k,1.70544m
,,353k,1.71402m
,,353.02k,1.725203m
,,353.04k,1.735067m
,,353.06k,1.743943m
,,353.08k,1.754005m
,,353.1k,1.766259m
,,353.12k,1.779958m
,,353.14k,1.791047m
,,353.16k,1.798606m
,,353.18k,1.80537m
,,353.2k,1.814552m
,,353.22k,1.827088m
,,353.24k,1.838325m
,,353.26k,1.847165m
,,353.28k,1.858559m
,,353.3k,1.870586m
,,353.32k,1.879701m
,,353.34k,1.888371m
,,353.36k,1.896768m
,,353.38k,1.903581m
,,353.4k,1.90832m
,,353.42k,1.914529m
,,353.44k,1.92669m
,,353.46k,1.939376m
,,353.48k,1.949347m
,,353.5k,1.959047m
,,353.52k,1.965112m
,,353.54k,1.967329m
,,353.56k,1.972136m
,,353.58k,1.979811m
,,353.6k,1.986487m
,,353.62k,1.993457m
,,353.64k,2.002595m
,,353.66k,2.011691m
,,353.68k,2.020046m
,,353.7k,2.026603m
,,353.72k,2.028393m
,,353.74k,2.029403m
,,353.76k,2.033669m
,,353.78k,2.039922m
,,353.8k,2.047458m
,,353.82k,2.053855m
,,353.84k,2.05798m
,,353.86k,2.06415m
,,353.88k,2.071688m
,,353.9k,2.075324m
,,353.92k,2.077812m
,,353.94k,2.081438m
,,353.96k,2.085585m
,,353.98k,2.092245m
,,354k,2.097824m
,,354.02k,2.098761m
,,354.04k,2.098526m
,,354.06k,2.099958m
,,354.08k,2.102198m
,,354.1k,2.103325m
,,354.12k,2.102904m
,,354.14k,2.102483m
,,354.16k,2.104257m
,,354.18k,2.106963m
,,354.2k,2.106741m
,,354.22k,2.104756m
,,354.24k,2.105267m
,,354.26k,2.108837m
,,354.28k,2.112741m
,,354.3k,2.113369m
,,354.32k,2.110024m
,,354.34k,2.106538m
,,354.36k,2.104545m
,,354.38k,2.101958m
,,354.4k,2.098735m
,,354.42k,2.098127m
,,354.44k,2.100279m
,,354.46k,2.101529m
,,354.48k,2.099283m
,,354.5k,2.094612m
,,354.52k,2.092025m
,,354.54k,2.09061m
,,354.56k,2.084748m
,,354.58k,2.076274m
,,354.6k,2.073086m
,,354.62k,2.075502m
,,354.64k,2.077058m
,,354.66k,2.074423m
,,354.68k,2.066931m
,,354.7k,2.057514m
,,354.72k,2.05059m
,,354.74k,2.045499m
,,354.76k,2.041684m
,,354.78k,2.04001m
,,354.8k,2.036628m
,,354.82k,2.031271m
,,354.84k,2.027308m
,,354.86k,2.022361m
,,354.88k,2.015644m
,,354.9k,2.008582m
,,354.92k,2.001264m
,,354.94k,1.995148m
,,354.96k,1.990898m
,,354.98k,1.988681m
,,355k,1.986603m
,,355.02k,1.981267m
,,355.04k,1.972798m
,,355.06k,1.964533m
,,355.08k,1.959489m
,,355.1k,1.955169m
,,355.12k,1.947529m
,,355.14k,1.939065m
,,355.16k,1.933839m
,,355.18k,1.929816m
,,355.2k,1.923126m
,,355.22k,1.916469m
,,355.24k,1.913002m
,,355.26k,1.908245m
,,355.28k,1.900738m
,,355.3k,1.896221m
,,355.32k,1.894718m
,,355.34k,1.891496m
,,355.36k,1.88467m
,,355.38k,1.876728m
,,355.4k,1.872018m
,,355.42k,1.868098m
,,355.44k,1.859692m
,,355.46k,1.849624m
,,355.48k,1.843424m
,,355.5k,1.839449m
,,355.52k,1.834476m
,,355.54k,1.829108m
,,355.56k,1.823422m
,,355.58k,1.816128m
,,355.6k,1.809073m
,,355.62k,1.805283m
,,355.64k,1.803951m
,,355.66k,1.802394m
,,355.68k,1.797994m
,,355.7k,1.791613m
,,355.72k,1.785074m
,,355.74k,1.779104m
,,355.76k,1.774505m
,,355.78k,1.76923m
,,355.8k,1.764182m
,,355.82k,1.761021m
,,355.84k,1.758698m
,,355.86k,1.757742m
,,355.88k,1.756641m
,,355.9k,1.754963m
,,355.92k,1.754291m
,,355.94k,1.752218m
,,355.96k,1.747941m
,,355.98k,1.74384m
,,356k,1.740852m
,,356.02k,1.739282m
,,356.04k,1.73741m
,,356.06k,1.735186m
,,356.08k,1.734529m
,,356.1k,1.733618m
,,356.12k,1.731892m
,,356.14k,1.731364m
,,356.16k,1.73128m
,,356.18k,1.730245m
,,356.2k,1.728712m
,,356.22k,1.726884m
,,356.24k,1.724628m
,,356.26k,1.721898m
,,356.28k,1.718986m
,,356.3k,1.716591m
,,356.32k,1.714623m
,,356.34k,1.711336m
,,356.36k,1.707582m
,,356.38k,1.708367m
,,356.4k,1.713138m
,,356.42k,1.71625m
,,356.44k,1.716852m
,,356.46k,1.715654m
,,356.48k,1.711525m
,,356.5k,1.706872m
,,356.52k,1.707929m
,,356.54k,1.714055m
,,356.56k,1.71859m
,,356.58k,1.719988m
,,356.6k,1.720654m
,,356.62k,1.722442m
,,356.64k,1.724634m
,,356.66k,1.72838m
,,356.68k,1.735369m
,,356.7k,1.740883m
,,356.72k,1.740988m
,,356.74k,1.738914m
,,356.76k,1.74015m
,,356.78k,1.744531m
,,356.8k,1.748085m
,,356.82k,1.751183m
,,356.84k,1.75596m
,,356.86k,1.761991m
,,356.88k,1.766428m
,,356.9k,1.768095m
,,356.92k,1.770243m
,,356.94k,1.775903m
,,356.96k,1.783975m
,,356.98k,1.793655m
,,357k,1.805426m
,,357.02k,1.813826m
,,357.04k,1.816605m
,,357.06k,1.820674m
,,357.08k,1.82898m
,,357.1k,1.839688m
,,357.12k,1.850024m
,,357.14k,1.856174m
,,357.16k,1.859635m
,,357.18k,1.864467m
,,357.2k,1.873349m
,,357.22k,1.886949m
,,357.24k,1.899885m
,,357.26k,1.907983m
,,357.28k,1.914679m
,,357.3k,1.923371m
,,357.32k,1.932766m
,,357.34k,1.941955m
,,357.36k,1.95328m
,,357.38k,1.968292m
,,357.4k,1.983589m
,,357.42k,1.994176m
,,357.44k,2.002215m
,,357.46k,2.0149m
,,357.48k,2.030667m
,,357.5k,2.042819m
,,357.52k,2.051641m
,,357.54k,2.062326m
,,357.56k,2.076656m
,,357.58k,2.0925m
,,357.6k,2.108191m
,,357.62k,2.120302m
,,357.64k,2.131767m
,,357.66k,2.149182m
,,357.68k,2.167024m
,,357.7k,2.179556m
,,357.72k,2.191379m
,,357.74k,2.208365m
,,357.76k,2.229069m
,,357.78k,2.249151m
,,357.8k,2.267003m
,,357.82k,2.282316m
,,357.84k,2.298832m
,,357.86k,2.317298m
,,357.88k,2.332997m
,,357.9k,2.347492m
,,357.92k,2.365803m
,,357.94k,2.387279m
,,357.96k,2.409027m
,,357.98k,2.430685m
,,358k,2.451573m
,,358.02k,2.470695m
,,358.04k,2.490258m
,,358.06k,2.511601m
,,358.08k,2.532489m
,,358.1k,2.552444m
,,358.12k,2.57447m
,,358.14k,2.59929m
,,358.16k,2.624413m
,,358.18k,2.648989m
,,358.2k,2.673202m
,,358.22k,2.696102m
,,358.24k,2.720781m
,,358.26k,2.750596m
,,358.28k,2.778993m
,,358.3k,2.801336m
,,358.32k,2.82396m
,,358.34k,2.850345m
,,358.36k,2.878222m
,,358.38k,2.907111m
,,358.4k,2.936002m
,,358.42k,2.964145m
,,358.44k,2.993893m
,,358.46k,3.024607m
,,358.48k,3.054138m
,,358.5k,3.084502m
,,358.52k,3.114939m
,,358.54k,3.145063m
,,358.56k,3.179116m
,,358.58k,3.215485m
,,358.6k,3.249189m
,,358.62k,3.282818m
,,358.64k,3.320498m
,,358.66k,3.35931m
,,358.68k,3.396729m
,,358.7k,3.433628m
,,358.72k,3.468826m
,,358.74k,3.501177m
,,358.76k,3.533916m
,,358.78k,3.571349m
,,358.8k,3.614618m
,,358.82k,3.659583m
,,358.84k,3.700833m
,,358.86k,3.740081m
,,358.88k,3.780729m
,,358.9k,3.821903m
,,358.92k,3.862162m
,,358.94k,3.90233m
,,358.96k,3.943642m
,,358.98k,3.984398m
,,359k,4.024526m
,,359.02k,4.066014m
,,359.04k,4.108844m
,,359.06k,4.152238m
,,359.08k,4.19308m
,,359.1k,4.230121m
,,359.12k,4.266543m
,,359.14k,4.301985m
,,359.16k,4.33549m
,,359.18k,4.37156m
,,359.2k,4.410303m
,,359.22k,4.444505m
,,359.24k,4.472849m
,,359.26k,4.50026m
,,359.28k,4.529596m
,,359.3k,4.55976m
,,359.32k,4.588361m
,,359.34k,4.61469m
,,359.36k,4.638824m
,,359.38k,4.661018m
,,359.4k,4.680902m
,,359.42k,4.697682m
,,359.44k,4.713088m
,,359.46k,4.728321m
,,359.48k,4.74104m
,,359.5k,4.750844m
,,359.52k,4.758107m
,,359.54k,4.762992m
,,359.56k,4.767119m
,,359.58k,4.769162m
,,359.6k,4.768722m
,,359.62k,4.766409m
,,359.64k,4.760369m
,,359.66k,4.752683m
,,359.68k,4.746046m
,,359.7k,4.739147m
,,359.72k,4.732805m
,,359.74k,4.726351m
,,359.76k,4.717002m
,,359.78k,4.704296m
,,359.8k,4.691042m
,,359.82k,4.682871m
,,359.84k,4.679356m
,,359.86k,4.674711m
,,359.88k,4.666993m
,,359.9k,4.659148m
,,359.92k,4.652877m
,,359.94k,4.646234m
,,359.96k,4.638276m
,,359.98k,4.631699m
,,360k,4.63064m
,,360.02k,4.633918m
,,360.04k,4.636073m
,,360.06k,4.637204m
,,360.08k,4.64102m
,,360.1k,4.648737m
,,360.12k,4.659317m
,,360.14k,4.670693m
,,360.16k,4.684385m
,,360.18k,4.701694m
,,360.2k,4.719615m
,,360.22k,4.738553m
,,360.24k,4.76128m
,,360.26k,4.787355m
,,360.28k,4.814845m
,,360.3k,4.843611m
,,360.32k,4.875472m
,,360.34k,4.907105m
,,360.36k,4.936443m
,,360.38k,4.968628m
,,360.4k,5.003722m
,,360.42k,5.040171m
,,360.44k,5.078369m
,,360.46k,5.117076m
,,360.48k,5.15591m
,,360.5k,5.195966m
,,360.52k,5.237455m
,,360.54k,5.27645m
,,360.56k,5.310848m
,,360.58k,5.346443m
,,360.6k,5.387546m
,,360.62k,5.429456m
,,360.64k,5.467608m
,,360.66k,5.50159m
,,360.68k,5.534904m
,,360.7k,5.571272m
,,360.72k,5.606094m
,,360.74k,5.636191m
,,360.76k,5.667132m
,,360.78k,5.701726m
,,360.8k,5.73229m
,,360.82k,5.753239m
,,360.84k,5.769926m
,,360.86k,5.787707m
,,360.88k,5.806823m
,,360.9k,5.824193m
,,360.92k,5.837742m
,,360.94k,5.850439m
,,360.96k,5.866227m
,,360.98k,5.882586m
,,361k,5.892833m
,,361.02k,5.897149m
,,361.04k,5.901034m
,,361.06k,5.905793m
,,361.08k,5.907683m
,,361.1k,5.904773m
,,361.12k,5.90034m
,,361.14k,5.896626m
,,361.16k,5.892222m
,,361.18k,5.885127m
,,361.2k,5.876379m
,,361.22k,5.867389m
,,361.24k,5.854607m
,,361.26k,5.835872m
,,361.28k,5.814888m
,,361.3k,5.797056m
,,361.32k,5.781379m
,,361.34k,5.764014m
,,361.36k,5.745607m
,,361.38k,5.726305m
,,361.4k,5.706858m
,,361.42k,5.68871m
,,361.44k,5.667408m
,,361.46k,5.641574m
,,361.48k,5.615263m
,,361.5k,5.588998m
,,361.52k,5.562602m
,,361.54k,5.53363m
,,361.56k,5.503338m
,,361.58k,5.476825m
,,361.6k,5.449127m
,,361.62k,5.415734m
,,361.64k,5.382859m
,,361.66k,5.355446m
,,361.68k,5.33001m
,,361.7k,5.299989m
,,361.72k,5.264594m
,,361.74k,5.231374m
,,361.76k,5.204809m
,,361.78k,5.178375m
,,361.8k,5.146326m
,,361.82k,5.111266m
,,361.84k,5.078129m
,,361.86k,5.050369m
,,361.88k,5.024561m
,,361.9k,4.992556m
,,361.92k,4.954815m
,,361.94k,4.918591m
,,361.96k,4.886844m
,,361.98k,4.856158m
,,362k,4.822845m
,,362.02k,4.78956m
,,362.04k,4.760678m
,,362.06k,4.734138m
,,362.08k,4.704386m
,,362.1k,4.672569m
,,362.12k,4.643412m
,,362.14k,4.616762m
,,362.16k,4.591101m
,,362.18k,4.562273m
,,362.2k,4.528423m
,,362.22k,4.495239m
,,362.24k,4.465531m
,,362.26k,4.437987m
,,362.28k,4.411285m
,,362.3k,4.385499m
,,362.32k,4.359329m
,,362.34k,4.332944m
,,362.36k,4.30902m
,,362.38k,4.282924m
,,362.4k,4.25274m
,,362.42k,4.224768m
,,362.44k,4.200516m
,,362.46k,4.176781m
,,362.48k,4.152928m
,,362.5k,4.130181m
,,362.52k,4.108323m
,,362.54k,4.086376m
,,362.56k,4.062249m
,,362.58k,4.034755m
,,362.6k,4.007489m
,,362.62k,3.983793m
,,362.64k,3.961894m
,,362.66k,3.937695m
,,362.68k,3.910897m
,,362.7k,3.886839m
,,362.72k,3.867637m
,,362.74k,3.849514m
,,362.76k,3.830039m
,,362.78k,3.80817m
,,362.8k,3.783994m
,,362.82k,3.760607m
,,362.84k,3.738904m
,,362.86k,3.717754m
,,362.88k,3.696619m
,,362.9k,3.675166m
,,362.92k,3.654801m
,,362.94k,3.635713m
,,362.96k,3.61699m
,,362.98k,3.597888m
,,363k,3.576886m
,,363.02k,3.553562m
,,363.04k,3.532122m
,,363.06k,3.516655m
,,363.08k,3.501935m
,,363.1k,3.481663m
,,363.12k,3.456877m
,,363.14k,3.433326m
,,363.16k,3.41425m
,,363.18k,3.395998m
,,363.2k,3.375981m
,,363.22k,3.355982m
,,363.24k,3.336323m
,,363.26k,3.315612m
,,363.28k,3.294166m
,,363.3k,3.275542m
,,363.32k,3.262064m
,,363.34k,3.248344m
,,363.36k,3.22689m
,,363.38k,3.199146m
,,363.4k,3.172687m
,,363.42k,3.150383m
,,363.44k,3.130641m
,,363.46k,3.111609m
,,363.48k,3.093689m
,,363.5k,3.077167m
,,363.52k,3.059191m
,,363.54k,3.036847m
,,363.56k,3.012357m
,,363.58k,2.990742m
,,363.6k,2.970303m
,,363.62k,2.947388m
,,363.64k,2.924334m
,,363.66k,2.903616m
,,363.68k,2.88184m
,,363.7k,2.858257m
,,363.72k,2.838105m
,,363.74k,2.819919m
,,363.76k,2.797451m
,,363.78k,2.772012m
,,363.8k,2.750777m
,,363.82k,2.734332m
,,363.84k,2.715286m
,,363.86k,2.692576m
,,363.88k,2.671733m
,,363.9k,2.654543m
,,363.92k,2.637756m
,,363.94k,2.619145m
,,363.96k,2.597499m
,,363.98k,2.573296m
,,364k,2.552418m
,,364.02k,2.535173m
,,364.04k,2.515249m
,,364.06k,2.492543m
,,364.08k,2.473185m
,,364.1k,2.458143m
,,364.12k,2.442719m
,,364.14k,2.423713m
,,364.16k,2.402693m
,,364.18k,2.384777m
,,364.2k,2.371132m
,,364.22k,2.359191m
,,364.24k,2.3448m
,,364.26k,2.324673m
,,364.28k,2.302998m
,,364.3k,2.285343m
,,364.32k,2.270639m
,,364.34k,2.256105m
,,364.36k,2.241674m
,,364.38k,2.22782m
,,364.4k,2.213905m
,,364.42k,2.199426m
,,364.44k,2.18311m
,,364.46k,2.164254m
,,364.48k,2.147221m
,,364.5k,2.134956m
,,364.52k,2.123298m
,,364.54k,2.110671m
,,364.56k,2.101057m
,,364.58k,2.095011m
,,364.6k,2.08917m
,,364.62k,2.07978m
,,364.64k,2.067091m
,,364.66k,2.054476m
,,364.68k,2.042534m
,,364.7k,2.033528m
,,364.72k,2.028218m
,,364.74k,2.022426m
,,364.76k,2.016173m
,,364.78k,2.011045m
,,364.8k,2.006095m
,,364.82k,1.999588m
,,364.84k,1.99166m
,,364.86k,1.988322m
,,364.88k,1.990365m
,,364.9k,1.991525m
,,364.92k,1.991386m
,,364.94k,1.992215m
,,364.96k,1.992408m
,,364.98k,1.991234m
,,365k,1.990952m
,,365.02k,1.990781m
,,365.04k,1.989027m
,,365.06k,1.989746m
,,365.08k,1.996225m
,,365.1k,2.00293m
,,365.12k,2.005366m
,,365.14k,2.00997m
,,365.16k,2.020235m
,,365.18k,2.031552m
,,365.2k,2.042659m
,,365.22k,2.052949m
,,365.24k,2.061497m
,,365.26k,2.069212m
,,365.28k,2.07844m
,,365.3k,2.091049m
,,365.32k,2.10474m
,,365.34k,2.117313m
,,365.36k,2.129033m
,,365.38k,2.141794m
,,365.4k,2.155752m
,,365.42k,2.169596m
,,365.44k,2.183871m
,,365.46k,2.199176m
,,365.48k,2.21404m
,,365.5k,2.226591m
,,365.52k,2.239802m
,,365.54k,2.258272m
,,365.56k,2.280806m
,,365.58k,2.300279m
,,365.6k,2.31398m
,,365.62k,2.327942m
,,365.64k,2.343781m
,,365.66k,2.359854m
,,365.68k,2.377209m
,,365.7k,2.393931m
,,365.72k,2.409502m
,,365.74k,2.426728m
,,365.76k,2.444521m
,,365.78k,2.460626m
,,365.8k,2.475045m
,,365.82k,2.488092m
,,365.84k,2.500618m
,,365.86k,2.51397m
,,365.88k,2.528994m
,,365.9k,2.543911m
,,365.92k,2.556346m
,,365.94k,2.567761m
,,365.96k,2.580225m
,,365.98k,2.59152m
,,366k,2.600554m
,,366.02k,2.609368m
,,366.04k,2.617612m
,,366.06k,2.625059m
,,366.08k,2.633025m
,,366.1k,2.639147m
,,366.12k,2.643845m
,,366.14k,2.651868m
,,366.16k,2.660602m
,,366.18k,2.664283m
,,366.2k,2.664257m
,,366.22k,2.666201m
,,366.24k,2.671464m
,,366.26k,2.676072m
,,366.28k,2.67768m
,,366.3k,2.678017m
,,366.32k,2.678562m
,,366.34k,2.676976m
,,366.36k,2.67467m
,,366.38k,2.674291m
,,366.4k,2.672404m
,,366.42k,2.668689m
,,366.44k,2.663489m
,,366.46k,2.655312m
,,366.48k,2.646092m
,,366.5k,2.639472m
,,366.52k,2.637488m
,,366.54k,2.636173m
,,366.56k,2.629248m
,,366.58k,2.618011m
,,366.6k,2.607406m
,,366.62k,2.597941m
,,366.64k,2.587907m
,,366.66k,2.574966m
,,366.68k,2.560098m
,,366.7k,2.547704m
,,366.72k,2.540075m
,,366.74k,2.535438m
,,366.76k,2.528831m
,,366.78k,2.515946m
,,366.8k,2.498251m
,,366.82k,2.482725m
,,366.84k,2.469462m
,,366.86k,2.453605m
,,366.88k,2.435875m
,,366.9k,2.419599m
,,366.92k,2.406734m
,,366.94k,2.393536m
,,366.96k,2.379158m
,,366.98k,2.366002m
,,367k,2.350502m
,,367.02k,2.334957m
,,367.04k,2.320736m
,,367.06k,2.301333m
,,367.08k,2.279465m
,,367.1k,2.260467m
,,367.12k,2.24424m
,,367.14k,2.230596m
,,367.16k,2.215516m
,,367.18k,2.197022m
,,367.2k,2.180725m
,,367.22k,2.168789m
,,367.24k,2.156068m
,,367.26k,2.13855m
,,367.28k,2.118948m
,,367.3k,2.100103m
,,367.32k,2.083696m
,,367.34k,2.069252m
,,367.36k,2.053494m
,,367.38k,2.037528m
,,367.4k,2.020536m
,,367.42k,2.004113m
,,367.44k,1.993386m
,,367.46k,1.984377m
,,367.48k,1.971887m
,,367.5k,1.957503m
,,367.52k,1.943226m
,,367.54k,1.927358m
,,367.56k,1.908946m
,,367.58k,1.890743m
,,367.6k,1.874423m
,,367.62k,1.860534m
,,367.64k,1.84781m
,,367.66k,1.83406m
,,367.68k,1.820882m
,,367.7k,1.80898m
,,367.72k,1.797285m
,,367.74k,1.784378m
,,367.76k,1.769678m
,,367.78k,1.755883m
,,367.8k,1.744363m
,,367.82k,1.73462m
,,367.84k,1.724326m
,,367.86k,1.710795m
,,367.88k,1.695633m
,,367.9k,1.681539m
,,367.92k,1.669661m
,,367.94k,1.659975m
,,367.96k,1.649365m
,,367.98k,1.635167m
,,368k,1.621882m
,,368.02k,1.611951m
,,368.04k,1.600158m
,,368.06k,1.587077m
,,368.08k,1.577423m
,,368.1k,1.570712m
,,368.12k,1.564962m
,,368.14k,1.557963m
,,368.16k,1.54898m
,,368.18k,1.540419m
,,368.2k,1.53286m
,,368.22k,1.523159m
,,368.24k,1.511364m
,,368.26k,1.502781m
,,368.28k,1.496349m
,,368.3k,1.487507m
,,368.32k,1.479583m
,,368.34k,1.473981m
,,368.36k,1.468342m
,,368.38k,1.4632m
,,368.4k,1.456128m
,,368.42k,1.445593m
,,368.44k,1.437606m
,,368.46k,1.4345m
,,368.48k,1.430296m
,,368.5k,1.423078m
,,368.52k,1.415471m
,,368.54k,1.408068m
,,368.56k,1.40123m
,,368.58k,1.395098m
,,368.6k,1.391528m
,,368.62k,1.391158m
,,368.64k,1.388404m
,,368.66k,1.382392m
,,368.68k,1.375776m
,,368.7k,1.367212m
,,368.72k,1.360009m
,,368.74k,1.3583m
,,368.76k,1.360346m
,,368.78k,1.361652m
,,368.8k,1.360449m
,,368.82k,1.359728m
,,368.84k,1.358829m
,,368.86k,1.355033m
,,368.88k,1.350043m
,,368.9k,1.345694m
,,368.92k,1.341899m
,,368.94k,1.338913m
,,368.96k,1.33766m
,,368.98k,1.337764m
,,369k,1.33781m
,,369.02k,1.339286m
,,369.04k,1.340109m
,,369.06k,1.336022m
,,369.08k,1.330807m
,,369.1k,1.32797m
,,369.12k,1.326061m
,,369.14k,1.324267m
,,369.16k,1.322869m
,,369.18k,1.32431m
,,369.2k,1.328528m
,,369.22k,1.329583m
,,369.24k,1.326343m
,,369.26k,1.322581m
,,369.28k,1.320951m
,,369.3k,1.322435m
,,369.32k,1.323638m
,,369.34k,1.322802m
,,369.36k,1.322295m
,,369.38k,1.322461m
,,369.4k,1.322442m
,,369.42k,1.321693m
,,369.44k,1.320791m
,,369.46k,1.32155m
,,369.48k,1.323695m
,,369.5k,1.325708m
,,369.52k,1.325698m
,,369.54k,1.325265m
,,369.56k,1.327818m
,,369.58k,1.330819m
,,369.6k,1.33178m
,,369.62k,1.330978m
,,369.64k,1.33066m
,,369.66k,1.332941m
,,369.68k,1.33494m
,,369.7k,1.33628m
,,369.72k,1.338797m
,,369.74k,1.342855m
,,369.76k,1.347266m
,,369.78k,1.350017m
,,369.8k,1.352371m
,,369.82k,1.353213m
,,369.84k,1.351872m
,,369.86k,1.350278m
,,369.88k,1.350169m
,,369.9k,1.353413m
,,369.92k,1.357755m
,,369.94k,1.36226m
,,369.96k,1.368234m
,,369.98k,1.372917m
,,370k,1.374313m
,,370.02k,1.374019m
,,370.04k,1.373176m
,,370.06k,1.373237m
,,370.08k,1.377249m
,,370.1k,1.382154m
,,370.12k,1.38342m
,,370.14k,1.384023m
,,370.16k,1.386451m
,,370.18k,1.391855m
,,370.2k,1.399342m
,,370.22k,1.404474m
,,370.24k,1.406869m
,,370.26k,1.410832m
,,370.28k,1.417042m
,,370.3k,1.421027m
,,370.32k,1.424416m
,,370.34k,1.430663m
,,370.36k,1.437963m
,,370.38k,1.445077m
,,370.4k,1.449907m
,,370.42k,1.453186m
,,370.44k,1.45901m
,,370.46k,1.466581m
,,370.48k,1.471309m
,,370.5k,1.471461m
,,370.52k,1.46937m
,,370.54k,1.470147m
,,370.56k,1.476012m
,,370.58k,1.481638m
,,370.6k,1.48313m
,,370.62k,1.481908m
,,370.64k,1.479888m
,,370.66k,1.479531m
,,370.68k,1.480756m
,,370.7k,1.480556m
,,370.72k,1.482374m
,,370.74k,1.489896m
,,370.76k,1.49878m
,,370.78k,1.503102m
,,370.8k,1.50135m
,,370.82k,1.498141m
,,370.84k,1.497171m
,,370.86k,1.497888m
,,370.88k,1.499446m
,,370.9k,1.49945m
,,370.92k,1.497861m
,,370.94k,1.499766m
,,370.96k,1.504371m
,,370.98k,1.505804m
,,371k,1.504957m
,,371.02k,1.50522m
,,371.04k,1.505141m
,,371.06k,1.503531m
,,371.08k,1.504422m
,,371.1k,1.510446m
,,371.12k,1.516116m
,,371.14k,1.516376m
,,371.16k,1.512743m
,,371.18k,1.508759m
,,371.2k,1.506393m
,,371.22k,1.505452m
,,371.24k,1.505931m
,,371.26k,1.506066m
,,371.28k,1.50338m
,,371.3k,1.49758m
,,371.32k,1.492598m
,,371.34k,1.493378m
,,371.36k,1.494787m
,,371.38k,1.492316m
,,371.4k,1.488715m
,,371.42k,1.484775m
,,371.44k,1.482014m
,,371.46k,1.479533m
,,371.48k,1.476543m
,,371.5k,1.475397m
,,371.52k,1.474121m
,,371.54k,1.468933m
,,371.56k,1.460201m
,,371.58k,1.453503m
,,371.6k,1.450806m
,,371.62k,1.447983m
,,371.64k,1.442969m
,,371.66k,1.438432m
,,371.68k,1.437451m
,,371.7k,1.437776m
,,371.72k,1.435885m
,,371.74k,1.431872m
,,371.76k,1.426671m
,,371.78k,1.420157m
,,371.8k,1.414215m
,,371.82k,1.41077m
,,371.84k,1.406098m
,,371.86k,1.39669m
,,371.88k,1.387271m
,,371.9k,1.383431m
,,371.92k,1.382348m
,,371.94k,1.378334m
,,371.96k,1.371528m
,,371.98k,1.365063m
,,372k,1.358777m
,,372.02k,1.353046m
,,372.04k,1.34956m
,,372.06k,1.345718m
,,372.08k,1.339554m
,,372.1k,1.3327m
,,372.12k,1.325735m
,,372.14k,1.319685m
,,372.16k,1.313414m
,,372.18k,1.305382m
,,372.2k,1.298406m
,,372.22k,1.292734m
,,372.24k,1.286215m
,,372.26k,1.281233m
,,372.28k,1.279054m
,,372.3k,1.274465m
,,372.32k,1.265413m
,,372.34k,1.254389m
,,372.36k,1.245006m
,,372.38k,1.240795m
,,372.4k,1.239264m
,,372.42k,1.236568m
,,372.44k,1.231963m
,,372.46k,1.224919m
,,372.48k,1.216149m
,,372.5k,1.208443m
,,372.52k,1.202684m
,,372.54k,1.197391m
,,372.56k,1.193759m
,,372.58k,1.190926m
,,372.6k,1.185293m
,,372.62k,1.178838m
,,372.64k,1.174339m
,,372.66k,1.171494m
,,372.68k,1.168389m
,,372.7k,1.162482m
,,372.72k,1.15743m
,,372.74k,1.157319m
,,372.76k,1.15666m
,,372.78k,1.152369m
,,372.8k,1.147976m
,,372.82k,1.142434m
,,372.84k,1.134706m
,,372.86k,1.128875m
,,372.88k,1.125581m
,,372.9k,1.120874m
,,372.92k,1.114726m
,,372.94k,1.110396m
,,372.96k,1.1093m
,,372.98k,1.109916m
,,373k,1.108123m
,,373.02k,1.103288m
,,373.04k,1.09761m
,,373.06k,1.092234m
,,373.08k,1.090364m
,,373.1k,1.093265m
,,373.12k,1.097095m
,,373.14k,1.097584m
,,373.16k,1.094587m
,,373.18k,1.091661m
,,373.2k,1.091021m
,,373.22k,1.091346m
,,373.24k,1.091602m
,,373.26k,1.091812m
,,373.28k,1.090823m
,,373.3k,1.091604m
,,373.32k,1.096615m
,,373.34k,1.100516m
,,373.36k,1.100433m
,,373.38k,1.099684m
,,373.4k,1.101325m
,,373.42k,1.102837m
,,373.44k,1.101805m
,,373.46k,1.101807m
,,373.48k,1.105665m
,,373.5k,1.112142m
,,373.52k,1.1162m
,,373.54k,1.116491m
,,373.56k,1.118558m
,,373.58k,1.125251m
,,373.6k,1.129851m
,,373.62k,1.128806m
,,373.64k,1.129005m
,,373.66k,1.130628m
,,373.68k,1.129794m
,,373.7k,1.128375m
,,373.72k,1.128369m
,,373.74k,1.130111m
,,373.76k,1.134287m
,,373.78k,1.140699m
,,373.8k,1.146274m
,,373.82k,1.147958m
,,373.84k,1.149505m
,,373.86k,1.154364m
,,373.88k,1.157589m
,,373.9k,1.158349m
,,373.92k,1.162548m
,,373.94k,1.172994m
,,373.96k,1.1838m
,,373.98k,1.18719m
,,374k,1.184787m
,,374.02k,1.183217m
,,374.04k,1.185443m
,,374.06k,1.188614m
,,374.08k,1.191573m
,,374.1k,1.197207m
,,374.12k,1.204696m
,,374.14k,1.210244m
,,374.16k,1.211156m
,,374.18k,1.210971m
,,374.2k,1.216142m
,,374.22k,1.223806m
,,374.24k,1.226882m
,,374.26k,1.225112m
,,374.28k,1.224212m
,,374.3k,1.22841m
,,374.32k,1.236801m
,,374.34k,1.246459m
,,374.36k,1.253503m
,,374.38k,1.257761m
,,374.4k,1.261351m
,,374.42k,1.264362m
,,374.44k,1.268522m
,,374.46k,1.273462m
,,374.48k,1.275975m
,,374.5k,1.27681m
,,374.52k,1.279219m
,,374.54k,1.281892m
,,374.56k,1.283006m
,,374.58k,1.282871m
,,374.6k,1.283334m
,,374.62k,1.287302m
,,374.64k,1.290107m
,,374.66k,1.288363m
,,374.68k,1.285507m
,,374.7k,1.284111m
,,374.72k,1.28764m
,,374.74k,1.294405m
,,374.76k,1.297181m
,,374.78k,1.29832m
,,374.8k,1.304633m
,,374.82k,1.312309m
,,374.84k,1.313513m
,,374.86k,1.309968m
,,374.88k,1.310578m
,,374.9k,1.316438m
,,374.92k,1.320553m
,,374.94k,1.319225m
,,374.96k,1.314913m
,,374.98k,1.313271m
,,375k,1.315567m
,,375.02k,1.319112m
,,375.04k,1.322862m
,,375.06k,1.324463m
,,375.08k,1.325992m
,,375.1k,1.32905m
,,375.12k,1.326363m
,,375.14k,1.318388m
,,375.16k,1.313364m
,,375.18k,1.312904m
,,375.2k,1.313118m
,,375.22k,1.312785m
,,375.24k,1.314097m
,,375.26k,1.315498m
,,375.28k,1.315028m
,,375.3k,1.315515m
,,375.32k,1.314778m
,,375.34k,1.310633m
,,375.36k,1.307376m
,,375.38k,1.304223m
,,375.4k,1.300534m
,,375.42k,1.297555m
,,375.44k,1.293734m
,,375.46k,1.290724m
,,375.48k,1.290014m
,,375.5k,1.289252m
,,375.52k,1.287107m
,,375.54k,1.283019m
,,375.56k,1.277556m
,,375.58k,1.27382m
,,375.6k,1.268636m
,,375.62k,1.258764m
,,375.64k,1.252966m
,,375.66k,1.253755m
,,375.68k,1.253763m
,,375.7k,1.251606m
,,375.72k,1.247752m
,,375.74k,1.243307m
,,375.76k,1.239163m
,,375.78k,1.234279m
,,375.8k,1.229349m
,,375.82k,1.2237m
,,375.84k,1.217202m
,,375.86k,1.211949m
,,375.88k,1.210512m
,,375.9k,1.213483m
,,375.92k,1.214736m
,,375.94k,1.209643m
,,375.96k,1.199978m
,,375.98k,1.19186m
,,376k,1.189125m
,,376.02k,1.183359m
,,376.04k,1.173438m
,,376.06k,1.169469m
,,376.08k,1.169188m
,,376.1k,1.163884m
,,376.12k,1.155626m
,,376.14k,1.151617m
,,376.16k,1.14967m
,,376.18k,1.144333m
,,376.2k,1.136559m
,,376.22k,1.128748m
,,376.24k,1.123365m
,,376.26k,1.122525m
,,376.28k,1.122427m
,,376.3k,1.118794m
,,376.32k,1.114334m
,,376.34k,1.109619m
,,376.36k,1.10063m
,,376.38k,1.091761m
,,376.4k,1.087864m
,,376.42k,1.084663m
,,376.44k,1.079553m
,,376.46k,1.071378m
,,376.48k,1.061253m
,,376.5k,1.054531m
,,376.52k,1.051158m
,,376.54k,1.046543m
,,376.56k,1.039565m
,,376.58k,1.031771m
,,376.6k,1.02552m
,,376.62k,1.019974m
,,376.64k,1.012815m
,,376.66k,1.007125m
,,376.68k,1.003509m
,,376.7k,997.504u
,,376.72k,990.3096u
,,376.74k,983.4184u
,,376.76k,974.0063u
,,376.78k,965.6861u
,,376.8k,961.0755u
,,376.82k,958.1678u
,,376.84k,958.1334u
,,376.86k,955.9799u
,,376.88k,947.0919u
,,376.9k,938.2381u
,,376.92k,932.2339u
,,376.94k,924.6431u
,,376.96k,915.8113u
,,376.98k,908.1031u
,,377k,901.3508u
,,377.02k,895.5427u
,,377.04k,890.8146u
,,377.06k,887.563u
,,377.08k,884.2677u
,,377.1k,876.8933u
,,377.12k,865.4193u
,,377.14k,853.3784u
,,377.16k,844.6593u
,,377.18k,840.4373u
,,377.2k,836.7365u
,,377.22k,830.8355u
,,377.24k,825.3149u
,,377.26k,820.3249u
,,377.28k,809.5912u
,,377.3k,795.7805u
,,377.32k,786.9291u
,,377.34k,779.8303u
,,377.36k,772.2859u
,,377.38k,764.4956u
,,377.4k,754.47u
,,377.42k,746.9636u
,,377.44k,743.6086u
,,377.46k,738.2759u
,,377.48k,728.9925u
,,377.5k,722.4545u
,,377.52k,720.3382u
,,377.54k,714.7643u
,,377.56k,705.4734u
,,377.58k,698.8923u
,,377.6k,695.1012u
,,377.62k,690.4497u
,,377.64k,685.0134u
,,377.66k,680.7953u
,,377.68k,676.9294u
,,377.7k,671.6038u
,,377.72k,666.37u
,,377.74k,663.3834u
,,377.76k,661.8553u
,,377.78k,660.1114u
,,377.8k,658.1468u
,,377.82k,655.5257u
,,377.84k,652.8949u
,,377.86k,649.4693u
,,377.88k,643.9596u
,,377.9k,640.7778u
,,377.92k,639.3142u
,,377.94k,635.3773u
,,377.96k,632.6517u
,,377.98k,631.3828u
,,378k,626.6532u
,,378.02k,622.2403u
,,378.04k,621.3587u
,,378.06k,620.6167u
,,378.08k,618.2739u
,,378.1k,614.1932u
,,378.12k,608.9833u
,,378.14k,602.038u
,,378.16k,595.4295u
,,378.18k,593.981u
,,378.2k,595.7033u
,,378.22k,595.6623u
,,378.24k,593.6546u
,,378.26k,591.2485u
,,378.28k,589.6606u
,,378.3k,589.0719u
,,378.32k,587.2892u
,,378.34k,583.974u
,,378.36k,581.249u
,,378.38k,579.0641u
,,378.4k,578.2637u
,,378.42k,581.0405u
,,378.44k,585.3702u
,,378.46k,587.272u
,,378.48k,585.4438u
,,378.5k,582.1248u
,,378.52k,578.8468u
,,378.54k,574.1049u
,,378.56k,568.8137u
,,378.58k,565.2819u
,,378.6k,564.3387u
,,378.62k,564.1151u
,,378.64k,561.6498u
,,378.66k,559.1392u
,,378.68k,560.6779u
,,378.7k,563.4389u
,,378.72k,561.373u
,,378.74k,556.7278u
,,378.76k,556.042u
,,378.78k,557.0245u
,,378.8k,553.1773u
,,378.82k,547.3393u
,,378.84k,546.5146u
,,378.86k,547.2808u
,,378.88k,544.276u
,,378.9k,541.9704u
,,378.92k,544.0552u
,,378.94k,546.3879u
,,378.96k,545.4801u
,,378.98k,543.4715u
,,379k,542.6734u
,,379.02k,542.4934u
,,379.04k,539.7546u
,,379.06k,534.3486u
,,379.08k,531.2972u
,,379.1k,531.3864u
,,379.12k,531.4194u
,,379.14k,529.3678u
,,379.16k,527.1218u
,,379.18k,525.1977u
,,379.2k,520.8178u
,,379.22k,518.827u
,,379.24k,522.5093u
,,379.26k,526.5598u
,,379.28k,525.8629u
,,379.3k,519.839u
,,379.32k,515.0775u
,,379.34k,514.9237u
,,379.36k,514.6102u
,,379.38k,513.5285u
,,379.4k,515.0899u
,,379.42k,517.1139u
,,379.44k,514.6636u
,,379.46k,510.4868u
,,379.48k,511.1444u
,,379.5k,514.8213u
,,379.52k,515.9214u
,,379.54k,515.3147u
,,379.56k,514.9676u
,,379.58k,512.3826u
,,379.6k,506.8271u
,,379.62k,503.2145u
,,379.64k,503.0419u
,,379.66k,503.5444u
,,379.68k,503.9778u
,,379.7k,501.7679u
,,379.72k,498.2788u
,,379.74k,498.7533u
,,379.76k,501.5971u
,,379.78k,503.2133u
,,379.8k,501.0855u
,,379.82k,495.5027u
,,379.84k,491.4927u
,,379.86k,490.9526u
,,379.88k,491.1897u
,,379.9k,491.687u
,,379.92k,494.7685u
,,379.94k,496.5862u
,,379.96k,493.1523u
,,379.98k,491.7783u
,,380k,494.5681u
,,380.02k,493.4422u
,,380.04k,487.7646u
,,380.06k,485.0406u
,,380.08k,488.6001u
,,380.1k,492.4593u
,,380.12k,491.9203u
,,380.14k,488.8632u
,,380.16k,484.1405u
,,380.18k,480.6945u
,,380.2k,481.6216u
,,380.22k,484.0963u
,,380.24k,483.6031u
,,380.26k,478.5335u
,,380.28k,472.0171u
,,380.3k,467.403u
,,380.32k,465.2523u
,,380.34k,465.4458u
,,380.36k,466.2012u
,,380.38k,464.7643u
,,380.4k,460.6316u
,,380.42k,454.0752u
,,380.44k,449.464u
,,380.46k,450.3701u
,,380.48k,453.8479u
,,380.5k,455.2522u
,,380.52k,451.4722u
,,380.54k,445.4021u
,,380.56k,440.3968u
,,380.58k,436.7997u
,,380.6k,434.2434u
,,380.62k,432.2678u
,,380.64k,429.7727u
,,380.66k,425.8386u
,,380.68k,422.74u
,,380.7k,418.3151u
,,380.72k,410.1926u
,,380.74k,404.212u
,,380.76k,404.3215u
,,380.78k,406.1682u
,,380.8k,405.0075u
,,380.82k,401.6549u
,,380.84k,396.767u
,,380.86k,390.8301u
,,380.88k,385.563u
,,380.9k,381.9248u
,,380.92k,380.3334u
,,380.94k,377.1754u
,,380.96k,370.9474u
,,380.98k,365.6048u
,,381k,361.4372u
,,381.02k,358.1668u
,,381.04k,355.7342u
,,381.06k,353.0779u
,,381.08k,350.0464u
,,381.1k,344.7763u
,,381.12k,339.4715u
,,381.14k,335.2059u
,,381.16k,330.3014u
,,381.18k,326.4519u
,,381.2k,323.4683u
,,381.22k,318.956u
,,381.24k,314.1498u
,,381.26k,312.8875u
,,381.28k,312.051u
,,381.3k,309.1869u
,,381.32k,305.6666u
,,381.34k,301.9667u
,,381.36k,299.6571u
,,381.38k,296.6056u
,,381.4k,293.3566u
,,381.42k,291.6771u
,,381.44k,288.674u
,,381.46k,284.8049u
,,381.48k,280.5926u
,,381.5k,274.5333u
,,381.52k,270.2828u
,,381.54k,270.3087u
,,381.56k,270.9352u
,,381.58k,268.8739u
,,381.6k,264.7414u
,,381.62k,262.7871u
,,381.64k,262.8478u
,,381.66k,260.3782u
,,381.68k,255.9499u
,,381.7k,251.3417u
,,381.72k,246.8113u
,,381.74k,242.8825u
,,381.76k,239.4011u
,,381.78k,236.668u
,,381.8k,234.8123u
,,381.82k,234.3632u
,,381.84k,236.5862u
,,381.86k,238.1708u
,,381.88k,235.8189u
,,381.9k,234.5481u
,,381.92k,234.9199u
,,381.94k,233.0792u
,,381.96k,230.8914u
,,381.98k,229.3839u
,,382k,228.6397u
,,382.02k,228.0652u
,,382.04k,226.4303u
,,382.06k,223.7592u
,,382.08k,221.2467u
,,382.1k,220.7467u
,,382.12k,221.7888u
,,382.14k,223.3074u
,,382.16k,223.6306u
,,382.18k,223.9493u
,,382.2k,225.7035u
,,382.22k,225.6751u
,,382.24k,224.107u
,,382.26k,222.4596u
,,382.28k,218.5694u
,,382.3k,213.5677u
,,382.32k,210.6458u
,,382.34k,208.2899u
,,382.36k,206.1518u
,,382.38k,207.3045u
,,382.4k,209.9037u
,,382.42k,211.4034u
,,382.44k,213.735u
,,382.46k,215.1166u
,,382.48k,213.4198u
,,382.5k,210.105u
,,382.52k,208.1907u
,,382.54k,210.1807u
,,382.56k,211.2597u
,,382.58k,207.5348u
,,382.6k,204.4456u
,,382.62k,205.0739u
,,382.64k,205.9813u
,,382.66k,206.8208u
,,382.68k,206.9149u
,,382.7k,203.6628u
,,382.72k,200.0451u
,,382.74k,198.6826u
,,382.76k,198.2582u
,,382.78k,197.5827u
,,382.8k,195.7025u
,,382.82k,195.24u
,,382.84k,197.4946u
,,382.86k,198.0822u
,,382.88k,195.8458u
,,382.9k,193.6537u
,,382.92k,195.2648u
,,382.94k,198.8528u
,,382.96k,199.5597u
,,382.98k,200.477u
,,383k,202.6026u
,,383.02k,202.7832u
,,383.04k,200.4785u
,,383.06k,196.133u
,,383.08k,190.1591u
,,383.1k,186.7232u
,,383.12k,190.3802u
,,383.14k,194.7348u
,,383.16k,193.8403u
,,383.18k,190.9087u
,,383.2k,186.8871u
,,383.22k,183.4467u
,,383.24k,182.6656u
,,383.26k,182.1043u
,,383.28k,183.0687u
,,383.3k,188.8962u
,,383.32k,196.5637u
,,383.34k,200.4597u
,,383.36k,198.2649u
,,383.38k,191.3319u
,,383.4k,183.2982u
,,383.42k,178.8178u
,,383.44k,180.1208u
,,383.46k,186.4387u
,,383.48k,194.3321u
,,383.5k,197.9945u
,,383.52k,195.4828u
,,383.54k,191.2245u
,,383.56k,188.6991u
,,383.58k,188.041u
,,383.6k,188.574u
,,383.62k,187.6274u
,,383.64k,185.8937u
,,383.66k,187.3419u
,,383.68k,191.1427u
,,383.7k,195.2086u
,,383.72k,199.4448u
,,383.74k,201.1619u
,,383.76k,198.5527u
,,383.78k,197.1501u
,,383.8k,201.0873u
,,383.82k,206.6064u
,,383.84k,210.8905u
,,383.86k,212.1857u
,,383.88k,209.2545u
,,383.9k,207.4553u
,,383.92k,211.7617u
,,383.94k,216.2431u
,,383.96k,217.2718u
,,383.98k,220.2717u
,,384k,224.8056u
,,384.02k,228.8275u
,,384.04k,233.3184u
,,384.06k,236.7885u
,,384.08k,239.3089u
,,384.1k,242.3986u
,,384.12k,245.2735u
,,384.14k,247.4055u
,,384.16k,249.5208u
,,384.18k,249.5668u
,,384.2k,249.0208u
,,384.22k,252.9802u
,,384.24k,258.5898u
,,384.26k,262.3678u
,,384.28k,267.3877u
,,384.3k,275.1387u
,,384.32k,280.9541u
,,384.34k,282.6931u
,,384.36k,284.4687u
,,384.38k,286.9721u
,,384.4k,289.4369u
,,384.42k,294.7839u
,,384.44k,303.3274u
,,384.46k,310.7074u
,,384.48k,314.8996u
,,384.5k,318.7405u
,,384.52k,324.2573u
,,384.54k,329.7565u
,,384.56k,333.5324u
,,384.58k,333.9438u
,,384.6k,334.4391u
,,384.62k,341.3202u
,,384.64k,349.903u
,,384.66k,355.771u
,,384.68k,361.0265u
,,384.7k,366.089u
,,384.72k,370.2389u
,,384.74k,373.4177u
,,384.76k,379.9114u
,,384.78k,388.6362u
,,384.8k,394.6369u
,,384.82k,400.9628u
,,384.84k,408.108u
,,384.86k,411.6031u
,,384.88k,413.9945u
,,384.9k,418.225u
,,384.92k,419.8926u
,,384.94k,419.679u
,,384.96k,422.3812u
,,384.98k,428.7857u
,,385k,438.0738u
,,385.02k,446.9929u
,,385.04k,451.83u
,,385.06k,453.9222u
,,385.08k,457.1539u
,,385.1k,460.7501u
,,385.12k,464.5992u
,,385.14k,469.6797u
,,385.16k,474.2578u
,,385.18k,478.1535u
,,385.2k,481.7698u
,,385.22k,484.0861u
,,385.24k,486.2097u
,,385.26k,491.2354u
,,385.28k,497.1994u
,,385.3k,498.8517u
,,385.32k,498.4023u
,,385.34k,500.9521u
,,385.36k,503.9952u
,,385.38k,506.2058u
,,385.4k,510.5364u
,,385.42k,514.2527u
,,385.44k,514.9912u
,,385.46k,514.6821u
,,385.48k,514.0839u
,,385.5k,513.1655u
,,385.52k,513.0299u
,,385.54k,515.3868u
,,385.56k,518.1153u
,,385.58k,520.4406u
,,385.6k,522.9524u
,,385.62k,522.1996u
,,385.64k,520.8013u
,,385.66k,523.5939u
,,385.68k,525.2391u
,,385.7k,522.2574u
,,385.72k,520.3427u
,,385.74k,521.2066u
,,385.76k,521.3003u
,,385.78k,518.4603u
,,385.8k,514.0565u
,,385.82k,512.0372u
,,385.84k,510.6126u
,,385.86k,506.9557u
,,385.88k,504.7744u
,,385.9k,503.8966u
,,385.92k,498.8846u
,,385.94k,491.4748u
,,385.96k,485.9727u
,,385.98k,481.8826u
,,386k,479.9964u
,,386.02k,480.9037u
,,386.04k,483.0204u
,,386.06k,483.5291u
,,386.08k,481.219u
,,386.1k,476.5624u
,,386.12k,469.1983u
,,386.14k,462.6677u
,,386.16k,458.9338u
,,386.18k,457.5152u
,,386.2k,458.7478u
,,386.22k,458.5723u
,,386.24k,454.0723u
,,386.26k,448.3439u
,,386.28k,442.9422u
,,386.3k,436.2113u
,,386.32k,432.4368u
,,386.34k,435.9303u
,,386.36k,438.1647u
,,386.38k,430.7825u
,,386.4k,421.3171u
,,386.42k,418.0387u
,,386.44k,415.7182u
,,386.46k,410.1573u
,,386.48k,405.7812u
,,386.5k,404.9242u
,,386.52k,404.7982u
,,386.54k,402.548u
,,386.56k,397.8914u
,,386.58k,391.3023u
,,386.6k,386.2439u
,,386.62k,385.4839u
,,386.64k,382.8596u
,,386.66k,375.1736u
,,386.68k,368.7718u
,,386.7k,366.3702u
,,386.72k,363.6939u
,,386.74k,358.864u
,,386.76k,353.9338u
,,386.78k,348.628u
,,386.8k,343.8685u
,,386.82k,342.4906u
,,386.84k,342.9894u
,,386.86k,340.7487u
,,386.88k,334.7692u
,,386.9k,328.2916u
,,386.92k,322.4203u
,,386.94k,316.4548u
,,386.96k,311.1792u
,,386.98k,308.6063u
,,387k,308.4012u
,,387.02k,306.9207u
,,387.04k,301.0666u
,,387.06k,295.111u
,,387.08k,293.7988u
,,387.1k,289.8766u
,,387.12k,281.8051u
,,387.14k,277.6482u
,,387.16k,277.757u
,,387.18k,278.5353u
,,387.2k,276.2577u
,,387.22k,268.6473u
,,387.24k,260.2843u
,,387.26k,255.819u
,,387.28k,253.4295u
,,387.3k,250.1443u
,,387.32k,246.6963u
,,387.34k,247.1252u
,,387.36k,248.9391u
,,387.38k,245.2992u
,,387.4k,237.4532u
,,387.42k,229.6494u
,,387.44k,222.811u
,,387.46k,219.7652u
,,387.48k,221.9203u
,,387.5k,223.4285u
,,387.52k,218.9016u
,,387.54k,209.5812u
,,387.56k,204.49u
,,387.58k,207.5108u
,,387.6k,210.7651u
,,387.62k,209.7254u
,,387.64k,204.3011u
,,387.66k,198.4294u
,,387.68k,197.094u
,,387.7k,196.4491u
,,387.72k,190.8557u
,,387.74k,182.9493u
,,387.76k,179.7058u
,,387.78k,179.5309u
,,387.8k,176.2969u
,,387.82k,171.6544u
,,387.84k,169.4539u
,,387.86k,168.3902u
,,387.88k,163.8207u
,,387.9k,155.537u
,,387.92k,149.1129u
,,387.94k,147.9329u
,,387.96k,149.6706u
,,387.98k,152.065u
,,388k,152.969u
,,388.02k,151.418u
,,388.04k,149.5654u
,,388.06k,147.4187u
,,388.08k,144.3194u
,,388.1k,138.5581u
,,388.12k,132.8961u
,,388.14k,130.9969u
,,388.16k,128.441u
,,388.18k,123.2362u
,,388.2k,121.0207u
,,388.22k,123.8532u
,,388.24k,126.6401u
,,388.26k,127.2481u
,,388.28k,124.4167u
,,388.3k,117.5903u
,,388.32k,112.2819u
,,388.34k,110.9u
,,388.36k,108.9863u
,,388.38k,104.1476u
,,388.4k,100.478u
,,388.42k,100.1705u
,,388.44k,99.90351u
,,388.46k,98.96326u
,,388.48k,96.43907u
,,388.5k,93.13241u
,,388.52k,94.16463u
,,388.54k,96.94308u
,,388.56k,94.30343u
,,388.58k,89.23254u
,,388.6k,88.63737u
,,388.62k,90.66595u
,,388.64k,91.00558u
,,388.66k,87.69466u
,,388.68k,83.26674u
,,388.7k,80.56897u
,,388.72k,78.18453u
,,388.74k,77.24515u
,,388.76k,77.68137u
,,388.78k,77.57192u
,,388.8k,77.89516u
,,388.82k,78.167u
,,388.84k,78.80736u
,,388.86k,79.2164u
,,388.88k,76.1043u
,,388.9k,71.5071u
,,388.92k,70.12895u
,,388.94k,70.63367u
,,388.96k,71.34879u
,,388.98k,72.21395u
,,389k,71.88603u
,,389.02k,72.82799u
,,389.04k,74.82219u
,,389.06k,74.1788u
,,389.08k,71.44224u
,,389.1k,67.06874u
,,389.12k,62.71672u
,,389.14k,62.02104u
,,389.16k,62.64117u
,,389.18k,60.331u
,,389.2k,57.1739u
,,389.22k,56.29513u
,,389.24k,56.37614u
,,389.26k,57.08291u
,,389.28k,57.73124u
,,389.3k,58.28343u
,,389.32k,61.39512u
,,389.34k,63.77767u
,,389.36k,62.00086u
,,389.38k,59.15367u
,,389.4k,58.26501u
,,389.42k,59.98774u
,,389.44k,61.64685u
,,389.46k,61.51136u
,,389.48k,62.87513u
,,389.5k,65.0729u
,,389.52k,62.71836u
,,389.54k,55.9987u
,,389.56k,51.52218u
,,389.58k,51.20047u
,,389.6k,51.67425u
,,389.62k,52.84146u
,,389.64k,54.10104u
,,389.66k,52.9598u
,,389.68k,53.05759u
,,389.7k,55.24154u
,,389.72k,55.1897u
,,389.74k,52.31963u
,,389.76k,49.67617u
,,389.78k,49.62855u
,,389.8k,49.57211u
,,389.82k,49.91085u
,,389.84k,53.03229u
,,389.86k,55.9938u
,,389.88k,54.32969u
,,389.9k,49.69857u
,,389.92k,48.51574u
,,389.94k,50.627u
,,389.96k,50.94571u
,,389.98k,50.21203u
,,390k,51.70759u
,,390.02k,53.35932u
,,390.04k,53.39108u
,,390.06k,54.06757u
,,390.08k,54.61694u
,,390.1k,51.78761u
,,390.12k,47.09985u
,,390.14k,45.39735u
,,390.16k,47.21183u
,,390.18k,47.49878u
,,390.2k,45.45941u
,,390.22k,44.60457u
,,390.24k,45.35991u
,,390.26k,45.83312u
,,390.28k,43.68039u
,,390.3k,40.59337u
,,390.32k,41.32789u
,,390.34k,44.41421u
,,390.36k,44.94089u
,,390.38k,43.60206u
,,390.4k,45.84734u
,,390.42k,49.61534u
,,390.44k,48.90347u
,,390.46k,47.1391u
,,390.48k,47.4465u
,,390.5k,47.58706u
,,390.52k,46.47711u
,,390.54k,46.41144u
,,390.56k,45.15978u
,,390.58k,41.72329u
,,390.6k,39.77129u
,,390.62k,38.78669u
,,390.64k,37.68883u
,,390.66k,37.41227u
,,390.68k,37.62461u
,,390.7k,40.40803u
,,390.72k,42.47935u
,,390.74k,38.82542u
,,390.76k,35.08526u
,,390.78k,35.71235u
,,390.8k,37.13218u
,,390.82k,38.00145u
,,390.84k,37.88674u
,,390.86k,35.92854u
,,390.88k,33.89648u
,,390.9k,32.15167u
,,390.92k,31.22364u
,,390.94k,30.2984u
,,390.96k,28.70586u
,,390.98k,26.20458u
,,391k,24.05154u
,,391.02k,25.02238u
,,391.04k,26.9985u
,,391.06k,26.87032u
,,391.08k,27.47945u
,,391.1k,30.24798u
,,391.12k,31.50845u
,,391.14k,28.95808u
,,391.16k,26.68915u
,,391.18k,26.01011u
,,391.2k,25.40839u
,,391.22k,23.9885u
,,391.24k,22.48631u
,,391.26k,22.97502u
,,391.28k,21.61338u
,,391.3k,17.31432u
,,391.32k,16.46738u
,,391.34k,19.41704u
,,391.36k,19.46169u
,,391.38k,18.97814u
,,391.4k,19.39286u
,,391.42k,19.96399u
,,391.44k,21.12802u
,,391.46k,23.32494u
,,391.48k,27.14864u
,,391.5k,29.86006u
,,391.52k,28.03821u
,,391.54k,24.88679u
,,391.56k,25.60506u
,,391.58k,28.01253u
,,391.6k,28.18309u
,,391.62k,27.11126u
,,391.64k,27.73372u
,,391.66k,30.36726u
,,391.68k,33.27u
,,391.7k,33.95667u
,,391.72k,31.05936u
,,391.74k,28.56143u
,,391.76k,29.08202u
,,391.78k,30.48226u
,,391.8k,32.01365u
,,391.82k,34.01304u
,,391.84k,36.24333u
,,391.86k,37.48182u
,,391.88k,36.69759u
,,391.9k,35.39372u
,,391.92k,34.57126u
,,391.94k,33.24873u
,,391.96k,33.45422u
,,391.98k,36.08034u
,,392k,36.20319u
,,392.02k,34.92448u
,,392.04k,37.05365u
,,392.06k,42.25685u
,,392.08k,46.28009u
,,392.1k,47.36886u
,,392.12k,46.95969u
,,392.14k,45.7686u
,,392.16k,46.56915u
,,392.18k,51.96099u
,,392.2k,56.47668u
,,392.22k,55.69764u
,,392.24k,54.20396u
,,392.26k,56.17083u
,,392.28k,58.44513u
,,392.3k,56.4941u
,,392.32k,51.60488u
,,392.34k,46.51948u
,,392.36k,43.23376u
,,392.38k,43.85884u
,,392.4k,46.1914u
,,392.42k,47.88812u
,,392.44k,48.79228u
,,392.46k,48.81119u
,,392.48k,47.26645u
,,392.5k,47.49445u
,,392.52k,51.4787u
,,392.54k,53.67635u
,,392.56k,51.31442u
,,392.58k,49.36467u
,,392.6k,50.71587u
,,392.62k,52.01062u
,,392.64k,51.10954u
,,392.66k,50.50093u
,,392.68k,51.65752u
,,392.7k,53.03889u
,,392.72k,52.1569u
,,392.74k,49.3769u
,,392.76k,47.14903u
,,392.78k,48.22501u
,,392.8k,50.45326u
,,392.82k,51.12957u
,,392.84k,49.46653u
,,392.86k,47.66537u
,,392.88k,47.05977u
,,392.9k,47.43891u
,,392.92k,49.15801u
,,392.94k,49.52608u
,,392.96k,46.99827u
,,392.98k,45.44753u
,,393k,46.25383u
,,393.02k,47.12897u
,,393.04k,47.56855u
,,393.06k,47.712u
,,393.08k,46.90383u
,,393.1k,44.66247u
,,393.12k,42.43481u
,,393.14k,42.23738u
,,393.16k,43.76165u
,,393.18k,46.42914u
,,393.2k,47.64843u
,,393.22k,46.62034u
,,393.24k,45.37264u
,,393.26k,44.35477u
,,393.28k,44.16522u
,,393.3k,43.99633u
,,393.32k,42.3141u
,,393.34k,39.12062u
,,393.36k,36.86733u
,,393.38k,37.02823u
,,393.4k,37.00891u
,,393.42k,36.00189u
,,393.44k,37.14581u
,,393.46k,37.82523u
,,393.48k,35.35323u
,,393.5k,33.11272u
,,393.52k,31.51561u
,,393.54k,29.11815u
,,393.56k,27.50745u
,,393.58k,27.19933u
,,393.6k,26.19761u
,,393.62k,23.88712u
,,393.64k,23.17447u
,,393.66k,25.17936u
,,393.68k,26.39447u
,,393.7k,22.96352u
,,393.72k,19.05428u
,,393.74k,18.45323u
,,393.76k,18.13283u
,,393.78k,16.97422u
,,393.8k,17.12781u
,,393.82k,18.36271u
,,393.84k,20.34989u
,,393.86k,24.68773u
,,393.88k,28.85038u
,,393.9k,27.15009u
,,393.92k,20.3684u
,,393.94k,16.27864u
,,393.96k,16.71748u
,,393.98k,15.67877u
,,394k,11.09495u
,,394.02k,8.935728u
,,394.04k,12.08592u
,,394.06k,16.35125u
,,394.08k,17.55744u
,,394.1k,16.8416u
,,394.12k,15.20447u
,,394.14k,10.98362u
,,394.16k,8.280565u
,,394.18k,9.08117u
,,394.2k,8.579239u
,,394.22k,6.246521u
,,394.24k,4.425226u
,,394.26k,5.340598u
,,394.28k,9.973979u
,,394.3k,14.09625u
,,394.32k,15.44849u
,,394.34k,16.38834u
,,394.36k,15.41886u
,,394.38k,11.32671u
,,394.4k,9.216639u
,,394.42k,11.52233u
,,394.44k,12.6571u
,,394.46k,9.941639u
,,394.48k,7.112114u
,,394.5k,6.442944u
,,394.52k,6.198329u
,,394.54k,9.235217u
,,394.56k,16.29694u
,,394.58k,17.98391u
,,394.6k,14.10434u
,,394.62k,11.98809u
,,394.64k,11.74484u
,,394.66k,10.62593u
,,394.68k,10.4929u
,,394.7k,13.13724u
,,394.72k,16.01207u
,,394.74k,16.84635u
,,394.76k,16.46974u
,,394.78k,16.98501u
,,394.8k,17.73181u
,,394.82k,18.13812u
,,394.84k,18.34482u
,,394.86k,15.88306u
,,394.88k,15.33486u
,,394.9k,17.78992u
,,394.92k,16.46983u
,,394.94k,14.00353u
,,394.96k,15.60186u
,,394.98k,18.03199u
,,395k,19.08934u
,,395.02k,18.28387u
,,395.04k,15.62438u
,,395.06k,15.36973u
,,395.08k,20.48938u
,,395.1k,25.34929u
,,395.12k,23.84093u
,,395.14k,20.0815u
,,395.16k,20.5328u
,,395.18k,23.81255u
,,395.2k,26.40847u
,,395.22k,27.84117u
,,395.24k,29.04491u
,,395.26k,31.96845u
,,395.28k,32.78169u
,,395.3k,29.90931u
,,395.32k,29.07896u
,,395.34k,28.73458u
,,395.36k,25.98398u
,,395.38k,24.00163u
,,395.4k,24.21385u
,,395.42k,24.48909u
,,395.44k,24.13948u
,,395.46k,26.52124u
,,395.48k,30.33343u
,,395.5k,30.92109u
,,395.52k,29.86046u
,,395.54k,31.11793u
,,395.56k,33.01832u
,,395.58k,31.89517u
,,395.6k,29.52843u
,,395.62k,30.65233u
,,395.64k,34.67965u
,,395.66k,38.44242u
,,395.68k,39.27556u
,,395.7k,35.90903u
,,395.72k,32.68335u
,,395.74k,32.28988u
,,395.76k,32.08594u
,,395.78k,31.95123u
,,395.8k,33.2925u
,,395.82k,36.62326u
,,395.84k,40.36145u
,,395.86k,41.5221u
,,395.88k,39.20401u
,,395.9k,35.99283u
,,395.92k,36.03307u
,,395.94k,39.64624u
,,395.96k,43.83209u
,,395.98k,43.57973u
,,396k,38.49579u
,,396.02k,34.55186u
,,396.04k,34.11055u
,,396.06k,36.41392u
,,396.08k,42.07582u
,,396.1k,46.92246u
,,396.12k,45.98834u
,,396.14k,41.2241u
,,396.16k,39.11642u
,,396.18k,41.7919u
,,396.2k,43.75775u
,,396.22k,43.64369u
,,396.24k,43.96728u
,,396.26k,43.41805u
,,396.28k,42.92097u
,,396.3k,43.54411u
,,396.32k,42.98106u
,,396.34k,42.68595u
,,396.36k,43.62786u
,,396.38k,42.47969u
,,396.4k,41.69662u
,,396.42k,44.16981u
,,396.44k,46.31722u
,,396.46k,45.87631u
,,396.48k,46.37391u
,,396.5k,47.30229u
,,396.52k,48.29612u
,,396.54k,46.9176u
,,396.56k,45.2468u
,,396.58k,46.61963u
,,396.6k,46.16492u
,,396.62k,42.419u
,,396.64k,41.06715u
,,396.66k,42.86298u
,,396.68k,43.89725u
,,396.7k,43.1099u
,,396.72k,42.34331u
,,396.74k,42.43065u
,,396.76k,43.71587u
,,396.78k,46.62356u
,,396.8k,49.60242u
,,396.82k,50.72938u
,,396.84k,48.41392u
,,396.86k,43.186u
,,396.88k,41.29182u
,,396.9k,43.13579u
,,396.92k,42.76873u
,,396.94k,40.96035u
,,396.96k,40.25298u
,,396.98k,38.88301u
,,397k,36.34476u
,,397.02k,36.7102u
,,397.04k,38.93u
,,397.06k,39.39853u
,,397.08k,41.11659u
,,397.1k,43.6866u
,,397.12k,44.3537u
,,397.14k,43.74432u
,,397.16k,41.39108u
,,397.18k,40.73418u
,,397.2k,42.47865u
,,397.22k,42.80169u
,,397.24k,41.93958u
,,397.26k,42.88843u
,,397.28k,41.86818u
,,397.3k,37.41273u
,,397.32k,35.29393u
,,397.34k,34.94805u
,,397.36k,33.95827u
,,397.38k,34.76231u
,,397.4k,38.91111u
,,397.42k,46.23937u
,,397.44k,52.02534u
,,397.46k,51.91587u
,,397.48k,49.38307u
,,397.5k,48.17303u
,,397.52k,49.14211u
,,397.54k,52.10323u
,,397.56k,53.03017u
,,397.58k,49.00239u
,,397.6k,46.67302u
,,397.62k,50.2812u
,,397.64k,55.69065u
,,397.66k,56.58189u
,,397.68k,51.30387u
,,397.7k,48.42771u
,,397.72k,51.09539u
,,397.74k,52.93539u
,,397.76k,54.21705u
,,397.78k,57.52393u
,,397.8k,62.52944u
,,397.82k,66.94417u
,,397.84k,67.06563u
,,397.86k,65.08277u
,,397.88k,65.26187u
,,397.9k,67.87622u
,,397.92k,69.647u
,,397.94k,68.05296u
,,397.96k,66.0166u
,,397.98k,68.23983u
,,398k,72.41577u
,,398.02k,75.45999u
,,398.04k,77.91805u
,,398.06k,79.31489u
,,398.08k,78.74683u
,,398.1k,77.15993u
,,398.12k,77.03472u
,,398.14k,79.38661u
,,398.16k,80.5573u
,,398.18k,79.06685u
,,398.2k,79.95012u
,,398.22k,81.50212u
,,398.24k,82.09757u
,,398.26k,88.06492u
,,398.28k,94.96229u
,,398.3k,93.81697u
,,398.32k,89.32841u
,,398.34k,89.88356u
,,398.36k,94.80253u
,,398.38k,95.60385u
,,398.4k,92.09694u
,,398.42k,91.95403u
,,398.44k,93.78124u
,,398.46k,95.11869u
,,398.48k,99.13308u
,,398.5k,105.1545u
,,398.52k,107.3963u
,,398.54k,105.6138u
,,398.56k,104.938u
,,398.58k,104.9693u
,,398.6k,103.9925u
,,398.62k,106.2952u
,,398.64k,111.0139u
,,398.66k,112.2084u
,,398.68k,110.6638u
,,398.7k,109.3138u
,,398.72k,109.4303u
,,398.74k,111.7933u
,,398.76k,112.6123u
,,398.78k,109.4552u
,,398.8k,108.554u
,,398.82k,111.2178u
,,398.84k,113.3746u
,,398.86k,114.6645u
,,398.88k,114.0077u
,,398.9k,112.773u
,,398.92k,113.807u
,,398.94k,116.5369u
,,398.96k,119.261u
,,398.98k,121.2592u
,,399k,121.1353u
,,399.02k,117.0485u
,,399.04k,112.7094u
,,399.06k,111.9978u
,,399.08k,112.5965u
,,399.1k,114.2343u
,,399.12k,116.492u
,,399.14k,115.2947u
,,399.16k,112.3274u
,,399.18k,109.6465u
,,399.2k,109.4262u
,,399.22k,113.7752u
,,399.24k,117.0219u
,,399.26k,116.7068u
,,399.28k,114.3846u
,,399.3k,110.5118u
,,399.32k,108.6149u
,,399.34k,111.0251u
,,399.36k,111.8343u
,,399.38k,107.3366u
,,399.4k,103.4684u
,,399.42k,103.7318u
,,399.44k,105.0528u
,,399.46k,103.9088u
,,399.48k,101.7083u
,,399.5k,102.4734u
,,399.52k,105.0004u
,,399.54k,104.8729u
,,399.56k,103.0956u
,,399.58k,103.0279u
,,399.6k,102.3441u
,,399.62k,98.94431u
,,399.64k,93.6246u
,,399.66k,87.16079u
,,399.68k,81.95234u
,,399.7k,81.39702u
,,399.72k,85.74572u
,,399.74k,89.66358u
,,399.76k,91.07716u
,,399.78k,91.36291u
,,399.8k,90.14503u
,,399.82k,87.37238u
,,399.84k,82.84411u
,,399.86k,77.2674u
,,399.88k,74.27992u
,,399.9k,75.15555u
,,399.92k,76.81938u
,,399.94k,76.91802u
,,399.96k,76.85881u
,,399.98k,76.54281u
,,400k,75.71652u
,,400.02k,73.44636u
,,400.04k,69.77088u
,,400.06k,67.59065u
,,400.08k,65.95084u
,,400.1k,65.69296u
,,400.12k,69.52508u
,,400.14k,72.01513u
,,400.16k,68.8315u
,,400.18k,65.21185u
,,400.2k,66.01669u
,,400.22k,68.30793u
,,400.24k,68.02162u
,,400.26k,68.23002u
,,400.28k,69.98774u
,,400.3k,67.72933u
,,400.32k,60.42293u
,,400.34k,54.55369u
,,400.36k,53.08158u
,,400.38k,55.3429u
,,400.4k,59.54899u
,,400.42k,62.40751u
,,400.44k,62.3595u
,,400.46k,58.64683u
,,400.48k,54.01459u
,,400.5k,53.57456u
,,400.52k,55.34034u
,,400.54k,54.76881u
,,400.56k,53.93577u
,,400.58k,53.1822u
,,400.6k,51.95308u
,,400.62k,52.42899u
,,400.64k,53.17781u
,,400.66k,50.53649u
,,400.68k,47.02085u
,,400.7k,47.24257u
,,400.72k,49.6693u
,,400.74k,51.04163u
,,400.76k,48.65733u
,,400.78k,43.76929u
,,400.8k,43.11885u
,,400.82k,46.66787u
,,400.84k,49.2886u
,,400.86k,50.56088u
,,400.88k,53.33358u
,,400.9k,56.32798u
,,400.92k,54.87183u
,,400.94k,51.35485u
,,400.96k,49.30969u
,,400.98k,47.34298u
,,401k,47.64879u
,,401.02k,51.21232u
,,401.04k,52.43059u
,,401.06k,50.32057u
,,401.08k,48.43673u
,,401.1k,46.93948u
,,401.12k,48.45118u
,,401.14k,52.45064u
,,401.16k,52.84177u
,,401.18k,52.90271u
,,401.2k,55.73935u
,,401.22k,54.56742u
,,401.24k,50.80262u
,,401.26k,52.47962u
,,401.28k,58.8697u
,,401.3k,63.88433u
,,401.32k,65.9829u
,,401.34k,67.61u
,,401.36k,70.0567u
,,401.38k,72.35367u
,,401.4k,71.70466u
,,401.42k,70.17582u
,,401.44k,71.1008u
,,401.46k,74.402u
,,401.48k,77.6764u
,,401.5k,78.14904u
,,401.52k,77.67583u
,,401.54k,78.46741u
,,401.56k,77.29574u
,,401.58k,75.04813u
,,401.6k,75.92897u
,,401.62k,79.19171u
,,401.64k,84.7932u
,,401.66k,89.23069u
,,401.68k,88.80519u
,,401.7k,89.25594u
,,401.72k,93.61896u
,,401.74k,95.48203u
,,401.76k,92.58122u
,,401.78k,91.37499u
,,401.8k,96.24002u
,,401.82k,103.2536u
,,401.84k,106.1984u
,,401.86k,102.6172u
,,401.88k,96.62529u
,,401.9k,94.69141u
,,401.92k,98.06244u
,,401.94k,105.3545u
,,401.96k,111.314u
,,401.98k,110.4692u
,,402k,107.9209u
,,402.02k,110.0483u
,,402.04k,113.855u
,,402.06k,115.2261u
,,402.08k,115.7678u
,,402.1k,116.3354u
,,402.12k,114.8231u
,,402.14k,111.7195u
,,402.16k,112.219u
,,402.18k,118.4944u
,,402.2k,124.9972u
,,402.22k,126.62u
,,402.24k,125.9757u
,,402.26k,128.1699u
,,402.28k,131.4515u
,,402.3k,132.89u
,,402.32k,134.3518u
,,402.34k,136.0403u
,,402.36k,134.7226u
,,402.38k,131.9109u
,,402.4k,131.8423u
,,402.42k,132.6232u
,,402.44k,132.9526u
,,402.46k,132.7903u
,,402.48k,131.2254u
,,402.5k,129.675u
,,402.52k,131.3298u
,,402.54k,134.9975u
,,402.56k,135.5166u
,,402.58k,135.1063u
,,402.6k,136.6897u
,,402.62k,136.9587u
,,402.64k,135.9226u
,,402.66k,135.1545u
,,402.68k,135.9387u
,,402.7k,137.6299u
,,402.72k,138.8359u
,,402.74k,140.7623u
,,402.76k,141.2171u
,,402.78k,139.9488u
,,402.8k,139.2414u
,,402.82k,141.401u
,,402.84k,145.8476u
,,402.86k,147.5185u
,,402.88k,145.2347u
,,402.9k,141.8009u
,,402.92k,139.3966u
,,402.94k,139.2888u
,,402.96k,141.1242u
,,402.98k,139.9968u
,,403k,136.4039u
,,403.02k,137.6071u
,,403.04k,142.5565u
,,403.06k,142.9934u
,,403.08k,137.293u
,,403.1k,134.0907u
,,403.12k,137.121u
,,403.14k,140.0369u
,,403.16k,138.7765u
,,403.18k,136.1821u
,,403.2k,136.2202u
,,403.22k,139.1771u
,,403.24k,141.2717u
,,403.26k,137.4572u
,,403.28k,131.7017u
,,403.3k,130.3526u
,,403.32k,131.256u
,,403.34k,130.6718u
,,403.36k,127.739u
,,403.38k,125.9894u
,,403.4k,127.0357u
,,403.42k,126.5647u
,,403.44k,125.4711u
,,403.46k,126.6649u
,,403.48k,127.0241u
,,403.5k,126.9843u
,,403.52k,128.8326u
,,403.54k,129.9499u
,,403.56k,130.2089u
,,403.58k,131.5185u
,,403.6k,128.9982u
,,403.62k,122.5198u
,,403.64k,120.8397u
,,403.66k,122.4657u
,,403.68k,123.074u
,,403.7k,123.5737u
,,403.72k,123.4399u
,,403.74k,125.0452u
,,403.76k,128.694u
,,403.78k,128.8766u
,,403.8k,124.8817u
,,403.82k,121.7739u
,,403.84k,120.1189u
,,403.86k,118.5037u
,,403.88k,118.9427u
,,403.9k,121.6924u
,,403.92k,124.0005u
,,403.94k,122.2526u
,,403.96k,119.3473u
,,403.98k,119.8786u
,,404k,119.9411u
,,404.02k,118.6123u
,,404.04k,118.6879u
,,404.06k,118.0455u
,,404.08k,116.3389u
,,404.1k,116.3715u
,,404.12k,117.0433u
,,404.14k,115.954u
,,404.16k,114.6325u
,,404.18k,113.7842u
,,404.2k,113.4796u
,,404.22k,116.931u
,,404.24k,120.0513u
,,404.26k,113.534u
,,404.28k,103.8426u
,,404.3k,103.3322u
,,404.32k,109.6327u
,,404.34k,113.6354u
,,404.36k,112.1659u
,,404.38k,109.8488u
,,404.4k,110.3985u
,,404.42k,111.283u
,,404.44k,110.9542u
,,404.46k,110.46u
,,404.48k,110.3669u
,,404.5k,108.7981u
,,404.52k,107.292u
,,404.54k,107.7015u
,,404.56k,107.3031u
,,404.58k,107.1893u
,,404.6k,109.0486u
,,404.62k,112.4045u
,,404.64k,115.6789u
,,404.66k,115.618u
,,404.68k,113.1304u
,,404.7k,110.32u
,,404.72k,108.508u
,,404.74k,108.9259u
,,404.76k,110.7864u
,,404.78k,113.3525u
,,404.8k,113.0939u
,,404.82k,110.8781u
,,404.84k,113.2615u
,,404.86k,115.6785u
,,404.88k,112.3358u
,,404.9k,108.1724u
,,404.92k,107.9111u
,,404.94k,110.1751u
,,404.96k,109.5814u
,,404.98k,108.0547u
,,405k,109.2765u
,,405.02k,107.9088u
,,405.04k,105.8594u
,,405.06k,109.077u
,,405.08k,115.0024u
,,405.1k,120.9281u
,,405.12k,125.3504u
,,405.14k,124.6901u
,,405.16k,119.856u
,,405.18k,116.8947u
,,405.2k,117.7677u
,,405.22k,120.9462u
,,405.24k,125.6235u
,,405.26k,129.4904u
,,405.28k,128.8724u
,,405.3k,124.4986u
,,405.32k,122.5794u
,,405.34k,125.7979u
,,405.36k,128.0349u
,,405.38k,128.9624u
,,405.4k,134.6029u
,,405.42k,138.803u
,,405.44k,134.7835u
,,405.46k,130.2678u
,,405.48k,130.8903u
,,405.5k,132.2144u
,,405.52k,132.5286u
,,405.54k,136.5859u
,,405.56k,143.0035u
,,405.58k,145.2459u
,,405.6k,143.8939u
,,405.62k,142.3321u
,,405.64k,140.3449u
,,405.66k,138.1552u
,,405.68k,137.0642u
,,405.7k,137.2854u
,,405.72k,140.1777u
,,405.74k,145.5676u
,,405.76k,149.0458u
,,405.78k,149.5376u
,,405.8k,150.7109u
,,405.82k,150.9691u
,,405.84k,147.5722u
,,405.86k,145.3291u
,,405.88k,146.2418u
,,405.9k,148.1194u
,,405.92k,151.4705u
,,405.94k,153.0296u
,,405.96k,150.8581u
,,405.98k,149.0073u
,,406k,148.5829u
,,406.02k,149.9399u
,,406.04k,153.6267u
,,406.06k,155.3474u
,,406.08k,152.4798u
,,406.1k,149.0366u
,,406.12k,148.828u
,,406.14k,150.8856u
,,406.16k,152.5812u
,,406.18k,152.948u
,,406.2k,152.2327u
,,406.22k,152.5651u
,,406.24k,154.4184u
,,406.26k,155.7062u
,,406.28k,158.8383u
,,406.3k,163.4924u
,,406.32k,163.9005u
,,406.34k,159.7962u
,,406.36k,155.2146u
,,406.38k,152.4876u
,,406.4k,152.0351u
,,406.42k,153.2758u
,,406.44k,153.4966u
,,406.46k,151.3605u
,,406.48k,150.8742u
,,406.5k,153.7019u
,,406.52k,154.8986u
,,406.54k,154.4614u
,,406.56k,154.3757u
,,406.58k,152.7354u
,,406.6k,153.3155u
,,406.62k,153.7019u
,,406.64k,149.7599u
,,406.66k,149.9052u
,,406.68k,155.8784u
,,406.7k,161.0605u
,,406.72k,162.4789u
,,406.74k,158.0855u
,,406.76k,151.9319u
,,406.78k,151.8656u
,,406.8k,156.2521u
,,406.82k,158.2686u
,,406.84k,156.3616u
,,406.86k,153.2532u
,,406.88k,151.0981u
,,406.9k,150.6444u
,,406.92k,151.217u
,,406.94k,151.7025u
,,406.96k,152.49u
,,406.98k,153.0792u
,,407k,152.0271u
,,407.02k,151.2319u
,,407.04k,153.9258u
,,407.06k,156.6517u
,,407.08k,154.2193u
,,407.1k,151.0469u
,,407.12k,150.817u
,,407.14k,150.7199u
,,407.16k,149.5704u
,,407.18k,148.2709u
,,407.2k,148.7786u
,,407.22k,151.885u
,,407.24k,155.5977u
,,407.26k,157.9928u
,,407.28k,159.4031u
,,407.3k,160.7899u
,,407.32k,163.166u
,,407.34k,165.1237u
,,407.36k,163.8742u
,,407.38k,159.6868u
,,407.4k,155.2238u
,,407.42k,154.2576u
,,407.44k,155.5657u
,,407.46k,156.3513u
,,407.48k,156.9736u
,,407.5k,156.6171u
,,407.52k,155.2675u
,,407.54k,154.0785u
,,407.56k,155.7115u
,,407.58k,159.121u
,,407.6k,159.0707u
,,407.62k,155.068u
,,407.64k,150.9668u
,,407.66k,152.5836u
,,407.68k,161.6515u
,,407.7k,169.4378u
,,407.72k,168.1373u
,,407.74k,163.0344u
,,407.76k,161.9836u
,,407.78k,162.6976u
,,407.8k,160.6568u
,,407.82k,156.3179u
,,407.84k,151.8207u
,,407.86k,149.1748u
,,407.88k,148.4933u
,,407.9k,150.618u
,,407.92k,154.4579u
,,407.94k,154.1012u
,,407.96k,149.6025u
,,407.98k,148.8241u
,,408k,150.4384u
,,408.02k,147.9867u
,,408.04k,147.1895u
,,408.06k,152.6789u
,,408.08k,156.7153u
,,408.1k,155.2382u
,,408.12k,151.5718u
,,408.14k,148.8193u
,,408.16k,147.3605u
,,408.18k,144.8477u
,,408.2k,142.881u
,,408.22k,142.303u
,,408.24k,142.7551u
,,408.26k,146.2448u
,,408.28k,147.2232u
,,408.3k,142.2453u
,,408.32k,136.169u
,,408.34k,132.4814u
,,408.36k,132.1043u
,,408.38k,133.6333u
,,408.4k,134.3992u
,,408.42k,135.25u
,,408.44k,136.0258u
,,408.46k,135.9161u
,,408.48k,136.3451u
,,408.5k,134.319u
,,408.52k,129.4677u
,,408.54k,127.8922u
,,408.56k,128.6927u
,,408.58k,127.1366u
,,408.6k,123.8786u
,,408.62k,122.3337u
,,408.64k,122.4354u
,,408.66k,118.6743u
,,408.68k,113.5197u
,,408.7k,112.9325u
,,408.72k,112.7787u
,,408.74k,111.1551u
,,408.76k,112.3268u
,,408.78k,114.4118u
,,408.8k,113.1583u
,,408.82k,112.0045u
,,408.84k,111.0234u
,,408.86k,108.7948u
,,408.88k,110.1848u
,,408.9k,112.127u
,,408.92k,108.0625u
,,408.94k,103.3778u
,,408.96k,103.3064u
,,408.98k,102.788u
,,409k,100.8074u
,,409.02k,101.668u
,,409.04k,103.4334u
,,409.06k,103.4136u
,,409.08k,101.9683u
,,409.1k,98.95314u
,,409.12k,95.35072u
,,409.14k,94.65151u
,,409.16k,96.9515u
,,409.18k,97.77518u
,,409.2k,96.37107u
,,409.22k,93.04327u
,,409.24k,87.25276u
,,409.26k,84.56501u
,,409.28k,87.47189u
,,409.3k,87.89072u
,,409.32k,82.12243u
,,409.34k,75.37601u
,,409.36k,73.63506u
,,409.38k,77.16495u
,,409.4k,80.16561u
,,409.42k,80.51311u
,,409.44k,80.05239u
,,409.46k,79.84617u
,,409.48k,79.74404u
,,409.5k,78.33489u
,,409.52k,77.1264u
,,409.54k,77.70459u
,,409.56k,76.55329u
,,409.58k,71.11436u
,,409.6k,65.38021u
,,409.62k,63.23704u
,,409.64k,62.55925u
,,409.66k,63.54297u
,,409.68k,66.1722u
,,409.7k,66.12996u
,,409.72k,64.71661u
,,409.74k,65.27706u
,,409.76k,66.0533u
,,409.78k,64.30967u
,,409.8k,61.2191u
,,409.82k,58.68844u
,,409.84k,57.7938u
,,409.86k,60.33386u
,,409.88k,62.00359u
,,409.9k,58.92991u
,,409.92k,56.22708u
,,409.94k,57.48195u
,,409.96k,58.55472u
,,409.98k,55.60322u
,,410k,52.22187u
,,410.02k,51.17197u
,,410.04k,52.409u
,,410.06k,53.88552u
,,410.08k,51.84969u
,,410.1k,48.86101u
,,410.12k,50.44839u
,,410.14k,54.55891u
,,410.16k,54.4116u
,,410.18k,48.96363u
,,410.2k,41.3757u
,,410.22k,38.79111u
,,410.24k,43.45376u
,,410.26k,46.91234u
,,410.28k,45.96469u
,,410.3k,45.57946u
,,410.32k,47.0437u
,,410.34k,47.84816u
,,410.36k,48.48996u
,,410.38k,48.69562u
,,410.4k,43.92008u
,,410.42k,39.0898u
,,410.44k,41.71838u
,,410.46k,45.27948u
,,410.48k,44.14198u
,,410.5k,41.89943u
,,410.52k,41.26525u
,,410.54k,41.44667u
,,410.56k,41.60596u
,,410.58k,41.22586u
,,410.6k,37.82067u
,,410.62k,32.78713u
,,410.64k,31.8271u
,,410.66k,35.6475u
,,410.68k,38.53789u
,,410.7k,39.4644u
,,410.72k,40.70214u
,,410.74k,41.20083u
,,410.76k,37.84649u
,,410.78k,34.00653u
,,410.8k,35.84599u
,,410.82k,38.96552u
,,410.84k,41.0662u
,,410.86k,43.17595u
,,410.88k,42.08858u
,,410.9k,37.33895u
,,410.92k,36.05886u
,,410.94k,39.68861u
,,410.96k,40.46491u
,,410.98k,37.80691u
,,411k,36.87866u
,,411.02k,38.97415u
,,411.04k,42.36122u
,,411.06k,41.87999u
,,411.08k,38.62766u
,,411.1k,37.38572u
,,411.12k,37.2721u
,,411.14k,38.97511u
,,411.16k,43.19094u
,,411.18k,46.29075u
,,411.2k,47.33997u
,,411.22k,47.77933u
,,411.24k,48.84072u
,,411.26k,51.15658u
,,411.28k,54.32057u
,,411.3k,56.76433u
,,411.32k,56.49857u
,,411.34k,54.17955u
,,411.36k,51.43241u
,,411.38k,50.86807u
,,411.4k,51.00388u
,,411.42k,50.58297u
,,411.44k,52.25197u
,,411.46k,54.40798u
,,411.48k,54.70714u
,,411.5k,54.79566u
,,411.52k,56.39907u
,,411.54k,59.75625u
,,411.56k,62.04489u
,,411.58k,62.24229u
,,411.6k,64.98444u
,,411.62k,70.47588u
,,411.64k,72.6099u
,,411.66k,71.6562u
,,411.68k,74.84654u
,,411.7k,81.18016u
,,411.72k,82.73749u
,,411.74k,81.87274u
,,411.76k,83.47473u
,,411.78k,85.74516u
,,411.8k,87.76409u
,,411.82k,88.34499u
,,411.84k,88.1492u
,,411.86k,89.20932u
,,411.88k,91.0044u
,,411.9k,93.02805u
,,411.92k,93.90495u
,,411.94k,95.51384u
,,411.96k,98.93081u
,,411.98k,100.3895u
,,412k,99.25509u
,,412.02k,98.83009u
,,412.04k,100.4643u
,,412.06k,101.4479u
,,412.08k,100.6203u
,,412.1k,100.9687u
,,412.12k,104.5388u
,,412.14k,107.7368u
,,412.16k,110.8999u
,,412.18k,116.9691u
,,412.2k,120.151u
,,412.22k,118.4286u
,,412.24k,117.0279u
,,412.26k,117.3073u
,,412.28k,118.0306u
,,412.3k,120.4593u
,,412.32k,124.7707u
,,412.34k,127.4321u
,,412.36k,127.195u
,,412.38k,125.517u
,,412.4k,126.2967u
,,412.42k,131.1955u
,,412.44k,134.4448u
,,412.46k,134.6779u
,,412.48k,135.1212u
,,412.5k,135.9607u
,,412.52k,136.3195u
,,412.54k,135.9039u
,,412.56k,136.7265u
,,412.58k,139.6029u
,,412.6k,139.6088u
,,412.62k,137.0144u
,,412.64k,137.8435u
,,412.66k,142.2618u
,,412.68k,148.13u
,,412.7k,153.9757u
,,412.72k,157.8602u
,,412.74k,158.4192u
,,412.76k,156.4382u
,,412.78k,153.6606u
,,412.8k,151.3123u
,,412.82k,150.9965u
,,412.84k,151.207u
,,412.86k,150.7105u
,,412.88k,151.3339u
,,412.9k,155.0692u
,,412.92k,159.0381u
,,412.94k,158.7247u
,,412.96k,158.7449u
,,412.98k,163.1005u
,,413k,167.0849u
,,413.02k,165.6465u
,,413.04k,160.8461u
,,413.06k,159.5542u
,,413.08k,161.985u
,,413.1k,163.5422u
,,413.12k,162.8751u
,,413.14k,160.3058u
,,413.16k,158.9459u
,,413.18k,160.1511u
,,413.2k,159.253u
,,413.22k,157.5697u
,,413.24k,159.7069u
,,413.26k,165.6066u
,,413.28k,169.7051u
,,413.3k,169.0336u
,,413.32k,168.3291u
,,413.34k,168.0537u
,,413.36k,166.8219u
,,413.38k,165.1507u
,,413.4k,162.6879u
,,413.42k,163.0299u
,,413.44k,168.619u
,,413.46k,172.0514u
,,413.48k,166.6508u
,,413.5k,158.8282u
,,413.52k,157.0049u
,,413.54k,159.3756u
,,413.56k,160.831u
,,413.58k,160.1574u
,,413.6k,161.1462u
,,413.62k,165.1806u
,,413.64k,166.5001u
,,413.66k,165.036u
,,413.68k,163.2696u
,,413.7k,160.3164u
,,413.72k,158.5471u
,,413.74k,158.984u
,,413.76k,162.3504u
,,413.78k,166.2079u
,,413.8k,164.7287u
,,413.82k,161.9725u
,,413.84k,162.7393u
,,413.86k,163.2444u
,,413.88k,163.3804u
,,413.9k,164.9527u
,,413.92k,163.4417u
,,413.94k,159.1812u
,,413.96k,158.9801u
,,413.98k,161.9696u
,,414k,161.0387u
,,414.02k,156.1977u
,,414.04k,152.4198u
,,414.06k,148.1128u
,,414.08k,145.4072u
,,414.1k,148.4658u
,,414.12k,152.107u
,,414.14k,153.1821u
,,414.16k,153.831u
,,414.18k,155.0804u
,,414.2k,157.1792u
,,414.22k,159.2955u
,,414.24k,156.6437u
,,414.26k,152.6258u
,,414.28k,154.0356u
,,414.3k,153.2459u
,,414.32k,145.7603u
,,414.34k,140.6761u
,,414.36k,142.3545u
,,414.38k,146.5449u
,,414.4k,148.7608u
,,414.42k,147.1355u
,,414.44k,142.8403u
,,414.46k,138.9491u
,,414.48k,137.4002u
,,414.5k,136.1048u
,,414.52k,132.8932u
,,414.54k,131.0531u
,,414.56k,132.817u
,,414.58k,135.9436u
,,414.6k,140.3324u
,,414.62k,142.3108u
,,414.64k,139.9689u
,,414.66k,135.8387u
,,414.68k,131.9918u
,,414.7k,129.7392u
,,414.72k,127.5332u
,,414.74k,127.2564u
,,414.76k,130.3536u
,,414.78k,132.8521u
,,414.8k,132.6842u
,,414.82k,133.9311u
,,414.84k,137.5404u
,,414.86k,137.0509u
,,414.88k,133.8963u
,,414.9k,132.4406u
,,414.92k,130.9407u
,,414.94k,128.4129u
,,414.96k,124.7434u
,,414.98k,122.7281u
,,415k,124.7407u
,,415.02k,127.7499u
,,415.04k,128.3667u
,,415.06k,125.1375u
,,415.08k,121.5903u
,,415.1k,123.4054u
,,415.12k,126.2841u
,,415.14k,125.5533u
,,415.16k,123.8256u
,,415.18k,121.3738u
,,415.2k,118.9187u
,,415.22k,118.8626u
,,415.24k,119.2234u
,,415.26k,117.7304u
,,415.28k,115.6857u
,,415.3k,115.6985u
,,415.32k,115.9554u
,,415.34k,113.8927u
,,415.36k,112.0592u
,,415.38k,111.3976u
,,415.4k,110.7294u
,,415.42k,111.5786u
,,415.44k,115.3364u
,,415.46k,119.1498u
,,415.48k,119.6526u
,,415.5k,118.631u
,,415.52k,116.4604u
,,415.54k,112.3114u
,,415.56k,108.7801u
,,415.58k,110.0696u
,,415.6k,117.0779u
,,415.62k,121.7979u
,,415.64k,119.8589u
,,415.66k,116.1666u
,,415.68k,114.4497u
,,415.7k,113.6146u
,,415.72k,112.0824u
,,415.74k,110.4849u
,,415.76k,110.8559u
,,415.78k,114.0155u
,,415.8k,117.8624u
,,415.82k,119.1265u
,,415.84k,118.812u
,,415.86k,120.3704u
,,415.88k,123.1408u
,,415.9k,123.4208u
,,415.92k,121.437u
,,415.94k,120.7436u
,,415.96k,121.5073u
,,415.98k,120.3389u
,,416k,115.8933u
,,416.02k,113.8145u
,,416.04k,118.4343u
,,416.06k,124.7925u
,,416.08k,127.5114u
,,416.1k,125.2163u
,,416.12k,120.3598u
,,416.14k,116.5479u
,,416.16k,113.7913u
,,416.18k,114.4239u
,,416.2k,119.0533u
,,416.22k,121.7434u
,,416.24k,120.1589u
,,416.26k,117.7633u
,,416.28k,118.1241u
,,416.3k,120.5237u
,,416.32k,119.1785u
,,416.34k,116.5495u
,,416.36k,119.2912u
,,416.38k,122.995u
,,416.4k,122.5933u
,,416.42k,121.1913u
,,416.44k,121.998u
,,416.46k,122.9396u
,,416.48k,121.6236u
,,416.5k,120.9872u
,,416.52k,124.044u
,,416.54k,128.2583u
,,416.56k,130.7997u
,,416.58k,131.3182u
,,416.6k,129.738u
,,416.62k,128.4526u
,,416.64k,129.0234u
,,416.66k,130.1375u
,,416.68k,130.5088u
,,416.7k,128.2891u
,,416.72k,124.1644u
,,416.74k,123.7258u
,,416.76k,129.0784u
,,416.78k,133.2286u
,,416.8k,133.1477u
,,416.82k,132.5065u
,,416.84k,132.4793u
,,416.86k,133.117u
,,416.88k,135.037u
,,416.9k,136.8141u
,,416.92k,137.6143u
,,416.94k,138.531u
,,416.96k,140.7133u
,,416.98k,145.0466u
,,417k,149.9441u
,,417.02k,150.8783u
,,417.04k,149.1902u
,,417.06k,148.3772u
,,417.08k,147.3095u
,,417.1k,145.6143u
,,417.12k,143.8795u
,,417.14k,145.5124u
,,417.16k,152.5405u
,,417.18k,155.6309u
,,417.2k,151.6781u
,,417.22k,152.8217u
,,417.24k,161.6816u
,,417.26k,168.095u
,,417.28k,167.2682u
,,417.3k,165.487u
,,417.32k,165.8364u
,,417.34k,165.6232u
,,417.36k,167.5746u
,,417.38k,171.0479u
,,417.4k,171.5601u
,,417.42k,171.3791u
,,417.44k,174.1316u
,,417.46k,178.4371u
,,417.48k,182.21u
,,417.5k,184.3815u
,,417.52k,183.2445u
,,417.54k,182.0847u
,,417.56k,185.8815u
,,417.58k,190.4633u
,,417.6k,191.3317u
,,417.62k,193.1815u
,,417.64k,197.2977u
,,417.66k,197.6881u
,,417.68k,194.2756u
,,417.7k,192.1245u
,,417.72k,193.3641u
,,417.74k,196.3367u
,,417.76k,198.9212u
,,417.78k,202.1942u
,,417.8k,204.1687u
,,417.82k,201.7943u
,,417.84k,198.939u
,,417.86k,200.0987u
,,417.88k,203.5779u
,,417.9k,204.4872u
,,417.92k,205.1107u
,,417.94k,207.7766u
,,417.96k,208.9885u
,,417.98k,209.1035u
,,418k,209.506u
,,418.02k,211.1619u
,,418.04k,214.5229u
,,418.06k,216.0888u
,,418.08k,215.2708u
,,418.1k,216.3946u
,,418.12k,219.6105u
,,418.14k,220.3178u
,,418.16k,219.4249u
,,418.18k,219.4112u
,,418.2k,219.6834u
,,418.22k,220.6217u
,,418.24k,219.8652u
,,418.26k,217.6373u
,,418.28k,217.0713u
,,418.3k,216.632u
,,418.32k,215.9174u
,,418.34k,216.611u
,,418.36k,216.7896u
,,418.38k,214.4759u
,,418.4k,211.8673u
,,418.42k,213.8414u
,,418.44k,216.8725u
,,418.46k,213.6185u
,,418.48k,209.1402u
,,418.5k,207.828u
,,418.52k,207.9709u
,,418.54k,209.9056u
,,418.56k,212.4534u
,,418.58k,214.3244u
,,418.6k,216.8828u
,,418.62k,220.558u
,,418.64k,221.3566u
,,418.66k,216.7726u
,,418.68k,210.8451u
,,418.7k,206.5911u
,,418.72k,203.7983u
,,418.74k,204.3553u
,,418.76k,208.0339u
,,418.78k,209.2805u
,,418.8k,204.8112u
,,418.82k,199.1282u
,,418.84k,198.2057u
,,418.86k,199.3875u
,,418.88k,199.6833u
,,418.9k,200.7849u
,,418.92k,200.1284u
,,418.94k,197.8088u
,,418.96k,197.1941u
,,418.98k,197.5628u
,,419k,198.2903u
,,419.02k,197.4157u
,,419.04k,191.7334u
,,419.06k,186.341u
,,419.08k,188.0085u
,,419.1k,191.6016u
,,419.12k,192.2149u
,,419.14k,191.4156u
,,419.16k,190.5226u
,,419.18k,190.0469u
,,419.2k,190.0112u
,,419.22k,189.875u
,,419.24k,188.5166u
,,419.26k,188.0158u
,,419.28k,189.5978u
,,419.3k,190.4909u
,,419.32k,190.4794u
,,419.34k,192.4218u
,,419.36k,195.6607u
,,419.38k,196.7607u
,,419.4k,196.2102u
,,419.42k,196.7859u
,,419.44k,198.0177u
,,419.46k,198.6146u
,,419.48k,198.5u
,,419.5k,197.0883u
,,419.52k,196.43u
,,419.54k,200.5581u
,,419.56k,207.8404u
,,419.58k,211.9347u
,,419.6k,211.9367u
,,419.62k,211.6753u
,,419.64k,213.7286u
,,419.66k,217.6608u
,,419.68k,220.7687u
,,419.7k,221.7548u
,,419.72k,221.057u
,,419.74k,220.3716u
,,419.76k,221.4194u
,,419.78k,223.5954u
,,419.8k,226.5766u
,,419.82k,229.894u
,,419.84k,232.2199u
,,419.86k,234.4482u
,,419.88k,237.9606u
,,419.9k,240.1595u
,,419.92k,239.4416u
,,419.94k,240.5503u
,,419.96k,245.1997u
,,419.98k,251.5615u
,,420k,258.5163u
,,420.02k,262.9687u
,,420.04k,265.9214u
,,420.06k,268.7215u
,,420.08k,268.6495u
,,420.1k,269.7255u
,,420.12k,275.9239u
,,420.14k,281.7588u
,,420.16k,284.6326u
,,420.18k,287.693u
,,420.2k,290.0635u
,,420.22k,290.9924u
,,420.24k,294.4009u
,,420.26k,300.2163u
,,420.28k,304.1372u
,,420.3k,306.0278u
,,420.32k,309.2213u
,,420.34k,313.2566u
,,420.36k,315.3704u
,,420.38k,317.0321u
,,420.4k,319.5305u
,,420.42k,323.1416u
,,420.44k,328.1972u
,,420.46k,332.7069u
,,420.48k,335.0613u
,,420.5k,336.8895u
,,420.52k,339.9863u
,,420.54k,343.644u
,,420.56k,347.358u
,,420.58k,349.8047u
,,420.6k,351.1271u
,,420.62k,353.3062u
,,420.64k,355.0126u
,,420.66k,356.11u
,,420.68k,360.5906u
,,420.7k,366.9108u
,,420.72k,370.4893u
,,420.74k,372.9695u
,,420.76k,375.2885u
,,420.78k,374.9786u
,,420.8k,373.5668u
,,420.82k,375.5698u
,,420.84k,379.3765u
,,420.86k,381.328u
,,420.88k,383.8267u
,,420.9k,388.2083u
,,420.92k,393.0294u
,,420.94k,396.2396u
,,420.96k,395.6236u
,,420.98k,393.4906u
,,421k,395.3319u
,,421.02k,398.884u
,,421.04k,399.3426u
,,421.06k,399.5359u
,,421.08k,399.4622u
,,421.1k,398.1822u
,,421.12k,399.0388u
,,421.14k,402.0072u
,,421.16k,405.3227u
,,421.18k,406.3895u
,,421.2k,403.6075u
,,421.22k,400.0259u
,,421.24k,397.7646u
,,421.26k,397.1407u
,,421.28k,398.5744u
,,421.3k,398.0754u
,,421.32k,394.6536u
,,421.34k,394.6686u
,,421.36k,397.6207u
,,421.38k,398.5002u
,,421.4k,397.2325u
,,421.42k,395.3532u
,,421.44k,395.1894u
,,421.46k,396.62u
,,421.48k,397.3354u
,,421.5k,396.7499u
,,421.52k,393.7045u
,,421.54k,389.9777u
,,421.56k,387.6144u
,,421.58k,385.8057u
,,421.6k,385.9179u
,,421.62k,386.3756u
,,421.64k,384.236u
,,421.66k,381.7105u
,,421.68k,380.4979u
,,421.7k,379.9861u
,,421.72k,380.9783u
,,421.74k,381.9149u
,,421.76k,379.3097u
,,421.78k,375.3456u
,,421.8k,375.2092u
,,421.82k,376.9041u
,,421.84k,375.5359u
,,421.86k,373.2739u
,,421.88k,371.9377u
,,421.9k,369.8087u
,,421.92k,368.2741u
,,421.94k,368.9256u
,,421.96k,370.2084u
,,421.98k,369.1443u
,,422k,366.8187u
,,422.02k,366.3294u
,,422.04k,368.1829u
,,422.06k,371.9195u
,,422.08k,373.1113u
,,422.1k,370.5051u
,,422.12k,369.7538u
,,422.14k,371.7559u
,,422.16k,373.3531u
,,422.18k,374.6838u
,,422.2k,377.469u
,,422.22k,379.0693u
,,422.24k,377.8894u
,,422.26k,377.538u
,,422.28k,377.7804u
,,422.3k,377.612u
,,422.32k,380.9752u
,,422.34k,387.6546u
,,422.36k,391.6608u
,,422.38k,391.8935u
,,422.4k,391.4433u
,,422.42k,392.0707u
,,422.44k,396.0437u
,,422.46k,400.8548u
,,422.48k,401.1443u
,,422.5k,397.7583u
,,422.52k,395.3862u
,,422.54k,397.0258u
,,422.56k,401.7131u
,,422.58k,406.8527u
,,422.6k,410.5144u
,,422.62k,412.7986u
,,422.64k,415.9568u
,,422.66k,420.2176u
,,422.68k,423.1109u
,,422.7k,424.2239u
,,422.72k,424.2774u
,,422.74k,425.2869u
,,422.76k,428.3691u
,,422.78k,429.3094u
,,422.8k,428.9297u
,,422.82k,431.6492u
,,422.84k,434.7128u
,,422.86k,435.6972u
,,422.88k,436.056u
,,422.9k,437.2735u
,,422.92k,439.5259u
,,422.94k,442.4785u
,,422.96k,445.6848u
,,422.98k,447.4855u
,,423k,446.9515u
,,423.02k,444.8779u
,,423.04k,443.5163u
,,423.06k,444.7756u
,,423.08k,449.5509u
,,423.1k,455.132u
,,423.12k,457.5198u
,,423.14k,457.1184u
,,423.16k,456.8693u
,,423.18k,457.7079u
,,423.2k,457.6854u
,,423.22k,456.0179u
,,423.24k,455.0138u
,,423.26k,454.3449u
,,423.28k,452.6038u
,,423.3k,451.7142u
,,423.32k,450.0846u
,,423.34k,447.5286u
,,423.36k,448.4483u
,,423.38k,452.6494u
,,423.4k,457.4735u
,,423.42k,460.871u
,,423.44k,460.3873u
,,423.46k,457.8428u
,,423.48k,455.5638u
,,423.5k,454.3445u
,,423.52k,454.4547u
,,423.54k,454.389u
,,423.56k,453.9822u
,,423.58k,453.5861u
,,423.6k,454.1034u
,,423.62k,455.7624u
,,423.64k,457.2599u
,,423.66k,456.6452u
,,423.68k,453.4834u
,,423.7k,451.7709u
,,423.72k,452.9822u
,,423.74k,455.1511u
,,423.76k,456.5893u
,,423.78k,455.2899u
,,423.8k,452.2502u
,,423.82k,450.1633u
,,423.84k,449.4225u
,,423.86k,448.2656u
,,423.88k,446.3143u
,,423.9k,445.7635u
,,423.92k,447.1592u
,,423.94k,446.039u
,,423.96k,441.4619u
,,423.98k,438.3696u
,,424k,438.266u
,,424.02k,439.04u
,,424.04k,439.464u
,,424.06k,439.6465u
,,424.08k,438.3895u
,,424.1k,435.0988u
,,424.12k,431.5795u
,,424.14k,428.8854u
,,424.16k,427.2575u
,,424.18k,427.9279u
,,424.2k,427.1014u
,,424.22k,422.0028u
,,424.24k,419.4336u
,,424.26k,420.702u
,,424.28k,420.872u
,,424.3k,419.424u
,,424.32k,418.6649u
,,424.34k,419.8163u
,,424.36k,418.4059u
,,424.38k,413.0252u
,,424.4k,409.6811u
,,424.42k,409.5295u
,,424.44k,407.8914u
,,424.46k,404.3695u
,,424.48k,402.7652u
,,424.5k,402.0341u
,,424.52k,400.202u
,,424.54k,398.6358u
,,424.56k,396.6851u
,,424.58k,392.7364u
,,424.6k,387.1162u
,,424.62k,383.8341u
,,424.64k,385.1099u
,,424.66k,387.0499u
,,424.68k,388.0806u
,,424.7k,386.4498u
,,424.72k,382.1149u
,,424.74k,380.824u
,,424.76k,380.5923u
,,424.78k,376.8655u
,,424.8k,372.5716u
,,424.82k,370.4404u
,,424.84k,369.117u
,,424.86k,367.7306u
,,424.88k,365.738u
,,424.9k,361.572u
,,424.92k,357.9344u
,,424.94k,357.2151u
,,424.96k,355.8629u
,,424.98k,352.8256u
,,425k,351.7545u
,,425.02k,352.2033u
,,425.04k,351.3412u
,,425.06k,349.2608u
,,425.08k,345.9571u
,,425.1k,342.2544u
,,425.12k,340.1121u
,,425.14k,340.8138u
,,425.16k,342.7998u
,,425.18k,342.3846u
,,425.2k,337.3907u
,,425.22k,330.6875u
,,425.24k,327.3902u
,,425.26k,326.6604u
,,425.28k,326.2186u
,,425.3k,326.212u
,,425.32k,325.3723u
,,425.34k,322.6412u
,,425.36k,318.3524u
,,425.38k,312.7154u
,,425.4k,310.0218u
,,425.42k,312.248u
,,425.44k,312.9598u
,,425.46k,310.1004u
,,425.48k,307.9714u
,,425.5k,306.7146u
,,425.52k,302.49u
,,425.54k,297.3655u
,,425.56k,295.7691u
,,425.58k,295.5043u
,,425.6k,294.6923u
,,425.62k,293.9583u
,,425.64k,294.3134u
,,425.66k,296.0414u
,,425.68k,295.2693u
,,425.7k,292.9296u
,,425.72k,291.4689u
,,425.74k,288.4301u
,,425.76k,286.3833u
,,425.78k,288.3399u
,,425.8k,290.0419u
,,425.82k,286.6945u
,,425.84k,281.2512u
,,425.86k,278.2522u
,,425.88k,277.6217u
,,425.9k,277.8828u
,,425.92k,277.2804u
,,425.94k,275.2913u
,,425.96k,272.5041u
,,425.98k,270.4325u
,,426k,271.0503u
,,426.02k,273.9061u
,,426.04k,275.5096u
,,426.06k,272.7774u
,,426.08k,267.2026u
,,426.1k,263.4923u
,,426.12k,261.9407u
,,426.14k,259.8762u
,,426.16k,258.5786u
,,426.18k,258.8321u
,,426.2k,259.0806u
,,426.22k,257.2781u
,,426.24k,252.1113u
,,426.26k,246.6944u
,,426.28k,244.6149u
,,426.3k,244.5955u
,,426.32k,243.3111u
,,426.34k,243.4766u
,,426.36k,246.643u
,,426.38k,248.591u
,,426.4k,249.397u
,,426.42k,247.1242u
,,426.44k,240.9129u
,,426.46k,236.5165u
,,426.48k,233.8854u
,,426.5k,230.0179u
,,426.52k,228.197u
,,426.54k,230.6473u
,,426.56k,232.1346u
,,426.58k,229.3207u
,,426.6k,226.144u
,,426.62k,224.6863u
,,426.64k,222.8349u
,,426.66k,220.6477u
,,426.68k,220.3749u
,,426.7k,220.4648u
,,426.72k,217.4624u
,,426.74k,213.4781u
,,426.76k,212.3022u
,,426.78k,214.0257u
,,426.8k,214.3774u
,,426.82k,211.4767u
,,426.84k,209.9057u
,,426.86k,209.7975u
,,426.88k,207.782u
,,426.9k,205.2803u
,,426.92k,203.531u
,,426.94k,201.2243u
,,426.96k,197.9081u
,,426.98k,196.6868u
,,427k,197.622u
,,427.02k,195.7994u
,,427.04k,191.0131u
,,427.06k,185.8896u
,,427.08k,183.6003u
,,427.1k,184.8913u
,,427.12k,185.6788u
,,427.14k,185.5763u
,,427.16k,185.2953u
,,427.18k,182.9216u
,,427.2k,177.8559u
,,427.22k,171.9098u
,,427.24k,169.8856u
,,427.26k,170.8206u
,,427.28k,169.5293u
,,427.3k,167.9084u
,,427.32k,168.4037u
,,427.34k,170.0628u
,,427.36k,170.8489u
,,427.38k,167.0647u
,,427.4k,161.9791u
,,427.42k,162.3316u
,,427.44k,164.7738u
,,427.46k,162.6512u
,,427.48k,158.4521u
,,427.5k,158.016u
,,427.52k,158.3839u
,,427.54k,154.0451u
,,427.56k,147.802u
,,427.58k,144.5933u
,,427.6k,144.4149u
,,427.62k,143.9721u
,,427.64k,141.1215u
,,427.66k,138.3879u
,,427.68k,139.0474u
,,427.7k,141.4637u
,,427.72k,141.2007u
,,427.74k,136.8833u
,,427.76k,133.2308u
,,427.78k,133.2384u
,,427.8k,132.625u
,,427.82k,129.9085u
,,427.84k,127.8752u
,,427.86k,125.6263u
,,427.88k,123.1226u
,,427.9k,124.1324u
,,427.92k,125.855u
,,427.94k,124.0938u
,,427.96k,122.1459u
,,427.98k,122.5131u
,,428k,124.0178u
,,428.02k,123.9634u
,,428.04k,120.94u
,,428.06k,116.8174u
,,428.08k,112.6645u
,,428.1k,110.8309u
,,428.12k,112.1473u
,,428.14k,114.2053u
,,428.16k,114.1209u
,,428.18k,111.5137u
,,428.2k,111.8411u
,,428.22k,115.0373u
,,428.24k,115.1584u
,,428.26k,112.7907u
,,428.28k,108.5607u
,,428.3k,101.3089u
,,428.32k,96.40519u
,,428.34k,98.32075u
,,428.36k,99.74907u
,,428.38k,98.2239u
,,428.4k,100.1761u
,,428.42k,102.5613u
,,428.44k,101.4925u
,,428.46k,99.30784u
,,428.48k,96.64667u
,,428.5k,95.63253u
,,428.52k,95.71415u
,,428.54k,93.26161u
,,428.56k,89.52094u
,,428.58k,87.36812u
,,428.6k,87.85581u
,,428.62k,89.75842u
,,428.64k,89.87082u
,,428.66k,86.53519u
,,428.68k,82.26741u
,,428.7k,80.82693u
,,428.72k,81.28291u
,,428.74k,82.18051u
,,428.76k,83.97593u
,,428.78k,85.47778u
,,428.8k,85.00093u
,,428.82k,83.9263u
,,428.84k,83.79195u
,,428.86k,83.11294u
,,428.88k,81.66936u
,,428.9k,80.40551u
,,428.92k,78.94864u
,,428.94k,78.13656u
,,428.96k,79.04838u
,,428.98k,80.63528u
,,429k,80.84224u
,,429.02k,80.26743u
,,429.04k,82.02568u
,,429.06k,83.00097u
,,429.08k,79.69479u
,,429.1k,79.03502u
,,429.12k,82.54121u
,,429.14k,84.36234u
,,429.16k,84.2773u
,,429.18k,83.58183u
,,429.2k,82.26369u
,,429.22k,80.50866u
,,429.24k,79.34622u
,,429.26k,79.14173u
,,429.28k,79.29641u
,,429.3k,80.5983u
,,429.32k,82.31586u
,,429.34k,82.48031u
,,429.36k,82.24539u
,,429.38k,84.07118u
,,429.4k,86.79622u
,,429.42k,88.58409u
,,429.44k,89.43195u
,,429.46k,88.56514u
,,429.48k,86.32838u
,,429.5k,84.99594u
,,429.52k,84.53743u
,,429.54k,83.0471u
,,429.56k,82.6237u
,,429.58k,87.25771u
,,429.6k,93.52399u
,,429.62k,95.64953u
,,429.64k,95.63722u
,,429.66k,95.67031u
,,429.68k,95.7315u
,,429.7k,95.01445u
,,429.72k,91.46611u
,,429.74k,89.46937u
,,429.76k,91.78176u
,,429.78k,93.63211u
,,429.8k,94.8494u
,,429.82k,96.5844u
,,429.84k,97.83253u
,,429.86k,99.57299u
,,429.88k,100.518u
,,429.9k,100.0965u
,,429.92k,100.1994u
,,429.94k,100.5118u
,,429.96k,100.583u
,,429.98k,100.5181u
,,430k,100.9223u
,,430.02k,103.4115u
,,430.04k,105.5732u
,,430.06k,105.5128u
,,430.08k,105.8766u
,,430.1k,107.1637u
,,430.12k,105.1803u
,,430.14k,101.7908u
,,430.16k,102.5768u
,,430.18k,105.1391u
,,430.2k,105.3126u
,,430.22k,104.6729u
,,430.24k,106.8782u
,,430.26k,110.552u
,,430.28k,111.589u
,,430.3k,110.3936u
,,430.32k,110.991u
,,430.34k,113.3649u
,,430.36k,115.0648u
,,430.38k,116.3993u
,,430.4k,116.7839u
,,430.42k,114.8337u
,,430.44k,110.8237u
,,430.46k,107.863u
,,430.48k,109.2113u
,,430.5k,112.1044u
,,430.52k,111.943u
,,430.54k,109.6959u
,,430.56k,107.9637u
,,430.58k,108.6595u
,,430.6k,113.1784u
,,430.62k,116.6008u
,,430.64k,115.5017u
,,430.66k,113.9421u
,,430.68k,114.7916u
,,430.7k,116.5087u
,,430.72k,118.0715u
,,430.74k,120.0479u
,,430.76k,120.9709u
,,430.78k,120.8853u
,,430.8k,120.7358u
,,430.82k,119.8233u
,,430.84k,119.5281u
,,430.86k,120.1841u
,,430.88k,121.1532u
,,430.9k,122.6118u
,,430.92k,123.0073u
,,430.94k,122.676u
,,430.96k,124.513u
,,430.98k,127.9504u
,,431k,130.068u
,,431.02k,130.3714u
,,431.04k,130.639u
,,431.06k,131.053u
,,431.08k,129.779u
,,431.1k,128.3361u
,,431.12k,130.0414u
,,431.14k,134.3782u
,,431.16k,138.5706u
,,431.18k,140.7843u
,,431.2k,140.3422u
,,431.22k,140.3705u
,,431.24k,141.7417u
,,431.26k,140.6187u
,,431.28k,137.6739u
,,431.3k,136.1743u
,,431.32k,137.9738u
,,431.34k,143.1879u
,,431.36k,147.0366u
,,431.38k,146.6151u
,,431.4k,145.5302u
,,431.42k,145.5951u
,,431.44k,146.5689u
,,431.46k,147.4969u
,,431.48k,147.0262u
,,431.5k,146.7749u
,,431.52k,148.2785u
,,431.54k,152.0157u
,,431.56k,155.8288u
,,431.58k,156.6527u
,,431.6k,156.0807u
,,431.62k,155.9012u
,,431.64k,156.1744u
,,431.66k,157.5552u
,,431.68k,159.6975u
,,431.7k,161.5321u
,,431.72k,163.9681u
,,431.74k,168.3099u
,,431.76k,173.6402u
,,431.78k,176.9868u
,,431.8k,175.8994u
,,431.82k,172.559u
,,431.84k,170.589u
,,431.86k,169.7336u
,,431.88k,169.5997u
,,431.9k,172.4368u
,,431.92k,175.4768u
,,431.94k,174.1686u
,,431.96k,172.2377u
,,431.98k,174.5856u
,,432k,179.1949u
,,432.02k,181.6316u
,,432.04k,181.8832u
,,432.06k,182.5738u
,,432.08k,183.0821u
,,432.1k,182.9678u
,,432.12k,183.8854u
,,432.14k,184.6791u
,,432.16k,185.4618u
,,432.18k,188.5418u
,,432.2k,191.9719u
,,432.22k,193.1017u
,,432.24k,192.9614u
,,432.26k,192.847u
,,432.28k,192.7259u
,,432.3k,192.9619u
,,432.32k,194.6235u
,,432.34k,195.6269u
,,432.36k,194.832u
,,432.38k,195.4504u
,,432.4k,196.8868u
,,432.42k,197.5462u
,,432.44k,198.9701u
,,432.46k,200.942u
,,432.48k,202.8028u
,,432.5k,202.5979u
,,432.52k,200.4298u
,,432.54k,201.0933u
,,432.56k,203.6542u
,,432.58k,203.0942u
,,432.6k,201.1666u
,,432.62k,202.7696u
,,432.64k,206.8183u
,,432.66k,210.4059u
,,432.68k,212.4744u
,,432.7k,212.2336u
,,432.72k,210.4135u
,,432.74k,209.6314u
,,432.76k,211.0656u
,,432.78k,210.7283u
,,432.8k,206.0474u
,,432.82k,202.7116u
,,432.84k,204.6193u
,,432.86k,207.4948u
,,432.88k,209.4748u
,,432.9k,212.5796u
,,432.92k,214.1063u
,,432.94k,212.2393u
,,432.96k,210.8706u
,,432.98k,212.7307u
,,433k,215.7897u
,,433.02k,214.7653u
,,433.04k,209.5395u
,,433.06k,208.1673u
,,433.08k,213.1786u
,,433.1k,218.453u
,,433.12k,217.9566u
,,433.14k,212.8669u
,,433.16k,210.794u
,,433.18k,213.0004u
,,433.2k,214.6548u
,,433.22k,214.9995u
,,433.24k,213.467u
,,433.26k,207.6121u
,,433.28k,203.3061u
,,433.3k,206.6767u
,,433.32k,212.6045u
,,433.34k,215.3826u
,,433.36k,214.5302u
,,433.38k,211.9697u
,,433.4k,210.9771u
,,433.42k,212.3646u
,,433.44k,215.1366u
,,433.46k,218.8845u
,,433.48k,221.3183u
,,433.5k,219.4263u
,,433.52k,216.7573u
,,433.54k,217.6764u
,,433.56k,218.7791u
,,433.58k,218.6936u
,,433.6k,218.5784u
,,433.62k,217.0061u
,,433.64k,215.8699u
,,433.66k,217.1065u
,,433.68k,219.4569u
,,433.7k,223.0325u
,,433.72k,228.486u
,,433.74k,231.583u
,,433.76k,229.3374u
,,433.78k,225.1626u
,,433.8k,221.8556u
,,433.82k,221.0595u
,,433.84k,222.283u
,,433.86k,224.066u
,,433.88k,225.571u
,,433.9k,225.3672u
,,433.92k,226.1827u
,,433.94k,230.2731u
,,433.96k,235.1651u
,,433.98k,237.9988u
,,434k,238.8495u
,,434.02k,238.3012u
,,434.04k,236.2375u
,,434.06k,236.0781u
,,434.08k,239.0542u
,,434.1k,241.6622u
,,434.12k,245.1254u
,,434.14k,249.8436u
,,434.16k,251.188u
,,434.18k,249.4435u
,,434.2k,250.5163u
,,434.22k,256.5292u
,,434.24k,263.3666u
,,434.26k,266.8791u
,,434.28k,266.2716u
,,434.3k,265.3729u
,,434.32k,268.6463u
,,434.34k,273.8826u
,,434.36k,277.3763u
,,434.38k,280.0664u
,,434.4k,281.189u
,,434.42k,279.8199u
,,434.44k,279.4591u
,,434.46k,281.8972u
,,434.48k,286.3542u
,,434.5k,291.7057u
,,434.52k,296.159u
,,434.54k,298.3859u
,,434.56k,299.7382u
,,434.58k,301.5978u
,,434.6k,303.3175u
,,434.62k,304.5284u
,,434.64k,304.2924u
,,434.66k,303.7316u
,,434.68k,304.7931u
,,434.7k,305.3943u
,,434.72k,307.2422u
,,434.74k,311.2388u
,,434.76k,313.8598u
,,434.78k,317.2159u
,,434.8k,320.9118u
,,434.82k,321.4964u
,,434.84k,322.5357u
,,434.86k,326.9115u
,,434.88k,331.0314u
,,434.9k,330.2355u
,,434.92k,326.656u
,,434.94k,326.2199u
,,434.96k,329.041u
,,434.98k,333.5118u
,,435k,336.9781u
,,435.02k,336.822u
,,435.04k,336.5659u
,,435.06k,339.0919u
,,435.08k,344.1041u
,,435.1k,349.0214u
,,435.12k,349.0602u
,,435.14k,345.9651u
,,435.16k,345.7082u
,,435.18k,346.0239u
,,435.2k,343.5264u
,,435.22k,341.9861u
,,435.24k,341.6112u
,,435.26k,341.2141u
,,435.28k,341.8195u
,,435.3k,342.0361u
,,435.32k,343.6894u
,,435.34k,347.1402u
,,435.36k,348.3329u
,,435.38k,348.9567u
,,435.4k,352.561u
,,435.42k,356.3383u
,,435.44k,356.1487u
,,435.46k,353.294u
,,435.48k,350.8389u
,,435.5k,349.3232u
,,435.52k,347.678u
,,435.54k,344.7617u
,,435.56k,343.3483u
,,435.58k,344.5741u
,,435.6k,344.3625u
,,435.62k,343.8459u
,,435.64k,344.8881u
,,435.66k,344.2186u
,,435.68k,342.9098u
,,435.7k,343.4432u
,,435.72k,344.5586u
,,435.74k,345.1719u
,,435.76k,345.1636u
,,435.78k,345.3491u
,,435.8k,345.5549u
,,435.82k,344.2847u
,,435.84k,340.8799u
,,435.86k,336.2175u
,,435.88k,334.1993u
,,435.9k,335.4044u
,,435.92k,336.3945u
,,435.94k,337.65u
,,435.96k,338.5931u
,,435.98k,337.2605u
,,436k,335.003u
,,436.02k,332.4474u
,,436.04k,329.5244u
,,436.06k,326.1324u
,,436.08k,322.6748u
,,436.1k,321.7167u
,,436.12k,322.6176u
,,436.14k,320.8263u
,,436.16k,316.5915u
,,436.18k,314.2416u
,,436.2k,314.1964u
,,436.22k,316.673u
,,436.24k,319.4505u
,,436.26k,318.3731u
,,436.28k,317.9858u
,,436.3k,321.2236u
,,436.32k,320.841u
,,436.34k,315.2392u
,,436.36k,311.5864u
,,436.38k,310.0171u
,,436.4k,306.8032u
,,436.42k,304.6896u
,,436.44k,304.8724u
,,436.46k,303.322u
,,436.48k,300.0446u
,,436.5k,297.668u
,,436.52k,297.908u
,,436.54k,300.5969u
,,436.56k,299.2363u
,,436.58k,293.123u
,,436.6k,289.6044u
,,436.62k,289.316u
,,436.64k,290.423u
,,436.66k,290.6977u
,,436.68k,286.9558u
,,436.7k,282.6676u
,,436.72k,281.1495u
,,436.74k,279.6936u
,,436.76k,276.5862u
,,436.78k,274.0806u
,,436.8k,275.1496u
,,436.82k,278.8294u
,,436.84k,278.8384u
,,436.86k,273.387u
,,436.88k,269.1321u
,,436.9k,268.554u
,,436.92k,268.3898u
,,436.94k,266.0913u
,,436.96k,261.4523u
,,436.98k,257.3074u
,,437k,255.9207u
,,437.02k,255.0759u
,,437.04k,252.13u
,,437.06k,249.4975u
,,437.08k,248.8052u
,,437.1k,247.6602u
,,437.12k,244.8823u
,,437.14k,242.0449u
,,437.16k,239.8994u
,,437.18k,237.5185u
,,437.2k,235.5298u
,,437.22k,232.7869u
,,437.24k,226.8139u
,,437.26k,223.1249u
,,437.28k,225.6331u
,,437.3k,227.0355u
,,437.32k,224.1513u
,,437.34k,220.9458u
,,437.36k,218.9421u
,,437.38k,218.19u
,,437.4k,216.7728u
,,437.42k,215.0723u
,,437.44k,215.9912u
,,437.46k,216.8882u
,,437.48k,214.0389u
,,437.5k,207.4211u
,,437.52k,201.9075u
,,437.54k,201.368u
,,437.56k,201.3176u
,,437.58k,198.8693u
,,437.6k,195.2132u
,,437.62k,190.5372u
,,437.64k,185.1938u
,,437.66k,181.5567u
,,437.68k,182.3354u
,,437.7k,185.4465u
,,437.72k,186.0034u
,,437.74k,181.3028u
,,437.76k,174.331u
,,437.78k,172.8638u
,,437.8k,175.4815u
,,437.82k,174.2422u
,,437.84k,169.3067u
,,437.86k,164.6618u
,,437.88k,161.4156u
,,437.9k,159.9687u
,,437.92k,160.6585u
,,437.94k,161.1376u
,,437.96k,158.3414u
,,437.98k,150.7198u
,,438k,143.289u
,,438.02k,142.4795u
,,438.04k,144.1437u
,,438.06k,142.1759u
,,438.08k,138.4649u
,,438.1k,136.6042u
,,438.12k,136.0546u
,,438.14k,134.0082u
,,438.16k,130.4193u
,,438.18k,130.6112u
,,438.2k,133.3668u
,,438.22k,131.7639u
,,438.24k,128.5221u
,,438.26k,128.2166u
,,438.28k,126.0281u
,,438.3k,119.6518u
,,438.32k,115.281u
,,438.34k,115.6476u
,,438.36k,116.6984u
,,438.38k,115.52u
,,438.4k,112.9694u
,,438.42k,108.826u
,,438.44k,104.3413u
,,438.46k,102.8044u
,,438.48k,102.9209u
,,438.5k,101.6869u
,,438.52k,100.0337u
,,438.54k,98.39139u
,,438.56k,96.58329u
,,438.58k,95.43422u
,,438.6k,95.01932u
,,438.62k,96.37422u
,,438.64k,97.41733u
,,438.66k,94.67308u
,,438.68k,90.45083u
,,438.7k,89.74776u
,,438.72k,90.49533u
,,438.74k,88.05301u
,,438.76k,84.41427u
,,438.78k,82.41993u
,,438.8k,83.14169u
,,438.82k,85.11241u
,,438.84k,85.03241u
,,438.86k,82.85851u
,,438.88k,83.16979u
,,438.9k,87.07883u
,,438.92k,88.36117u
,,438.94k,83.73246u
,,438.96k,78.02708u
,,438.98k,76.65357u
,,439k,79.44686u
,,439.02k,82.11796u
,,439.04k,82.34619u
,,439.06k,83.15855u
,,439.08k,86.69827u
,,439.1k,89.77179u
,,439.12k,90.15498u
,,439.14k,90.24675u
,,439.16k,91.5134u
,,439.18k,93.06695u
,,439.2k,92.94306u
,,439.22k,90.71274u
,,439.24k,88.95271u
,,439.26k,90.0563u
,,439.28k,92.36846u
,,439.3k,91.55256u
,,439.32k,88.99797u
,,439.34k,89.68462u
,,439.36k,93.48479u
,,439.38k,98.0357u
,,439.4k,101.2229u
,,439.42k,101.0501u
,,439.44k,99.87742u
,,439.46k,99.98647u
,,439.48k,100.1141u
,,439.5k,100.8912u
,,439.52k,101.701u
,,439.54k,101.0107u
,,439.56k,100.2649u
,,439.58k,101.188u
,,439.6k,102.9717u
,,439.62k,104.6158u
,,439.64k,105.4123u
,,439.66k,103.4085u
,,439.68k,100.6744u
,,439.7k,101.4443u
,,439.72k,104.2167u
,,439.74k,105.467u
,,439.76k,104.5117u
,,439.78k,102.1965u
,,439.8k,100.8747u
,,439.82k,102.0245u
,,439.84k,103.6175u
,,439.86k,104.877u
,,439.88k,106.5105u
,,439.9k,107.0378u
,,439.92k,108.2317u
,,439.94k,111.3763u
,,439.96k,112.5943u
,,439.98k,112.3556u
,,440k,113.4617u
,,440.02k,115.0503u
,,440.04k,115.2047u
,,440.06k,113.3872u
,,440.08k,112.9953u
,,440.1k,115.1712u
,,440.12k,115.0185u
,,440.14k,112.0678u
,,440.16k,110.0652u
,,440.18k,111.393u
,,440.2k,114.6794u
,,440.22k,116.8892u
,,440.24k,118.6287u
,,440.26k,121.263u
,,440.28k,121.5108u
,,440.3k,116.8444u
,,440.32k,112.1526u
,,440.34k,113.253u
,,440.36k,116.4972u
,,440.38k,117.3805u
,,440.4k,117.6237u
,,440.42k,117.5713u
,,440.44k,117.4658u
,,440.46k,117.8013u
,,440.48k,117.8344u
,,440.5k,118.1242u
,,440.52k,118.6519u
,,440.54k,120.2019u
,,440.56k,123.4245u
,,440.58k,124.4886u
,,440.6k,121.3549u
,,440.62k,118.4144u
,,440.64k,117.7084u
,,440.66k,118.2469u
,,440.68k,120.6215u
,,440.7k,122.6742u
,,440.72k,122.0218u
,,440.74k,119.3601u
,,440.76k,118.1226u
,,440.78k,119.1783u
,,440.8k,119.8107u
,,440.82k,118.9352u
,,440.84k,117.1235u
,,440.86k,115.5637u
,,440.88k,114.2917u
,,440.9k,115.3281u
,,440.92k,118.4311u
,,440.94k,118.964u
,,440.96k,117.0753u
,,440.98k,115.9465u
,,441k,117.7761u
,,441.02k,121.0982u
,,441.04k,122.1425u
,,441.06k,120.7332u
,,441.08k,118.5331u
,,441.1k,115.7591u
,,441.12k,113.5438u
,,441.14k,113.7246u
,,441.16k,115.8756u
,,441.18k,118.7943u
,,441.2k,121.0758u
,,441.22k,120.6143u
,,441.24k,117.7885u
,,441.26k,115.5482u
,,441.28k,116.7464u
,,441.3k,118.9915u
,,441.32k,118.4404u
,,441.34k,117.196u
,,441.36k,116.8394u
,,441.38k,116.1608u
,,441.4k,115.7556u
,,441.42k,115.4902u
,,441.44k,112.8482u
,,441.46k,110.1799u
,,441.48k,110.3178u
,,441.5k,110.2378u
,,441.52k,110.4271u
,,441.54k,113.5987u
,,441.56k,115.291u
,,441.58k,112.6336u
,,441.6k,109.4201u
,,441.62k,108.2227u
,,441.64k,108.9113u
,,441.66k,109.1287u
,,441.68k,106.6881u
,,441.7k,103.9255u
,,441.72k,102.5111u
,,441.74k,101.0666u
,,441.76k,99.78572u
,,441.78k,99.06178u
,,441.8k,99.79569u
,,441.82k,100.7351u
,,441.84k,99.6689u
,,441.86k,100.7339u
,,441.88k,103.4956u
,,441.9k,102.9165u
,,441.92k,99.18733u
,,441.94k,94.8508u
,,441.96k,93.3565u
,,441.98k,93.23564u
,,442k,92.81766u
,,442.02k,94.4554u
,,442.04k,94.63966u
,,442.06k,90.45932u
,,442.08k,86.58939u
,,442.1k,87.16408u
,,442.12k,90.19498u
,,442.14k,91.66344u
,,442.16k,90.5479u
,,442.18k,87.19151u
,,442.2k,83.4885u
,,442.22k,81.20119u
,,442.24k,80.32214u
,,442.26k,79.02666u
,,442.28k,76.11447u
,,442.3k,74.13723u
,,442.32k,72.69732u
,,442.34k,69.96413u
,,442.36k,66.78004u
,,442.38k,64.56634u
,,442.4k,66.16637u
,,442.42k,68.2145u
,,442.44k,66.63093u
,,442.46k,64.05922u
,,442.48k,61.95363u
,,442.5k,59.87786u
,,442.52k,59.08327u
,,442.54k,60.53462u
,,442.56k,61.99644u
,,442.58k,60.04157u
,,442.6k,55.66406u
,,442.62k,52.93861u
,,442.64k,54.30724u
,,442.66k,57.89063u
,,442.68k,59.1023u
,,442.7k,58.13542u
,,442.72k,57.44227u
,,442.74k,55.2872u
,,442.76k,52.71581u
,,442.78k,51.79158u
,,442.8k,51.99718u
,,442.82k,53.56564u
,,442.84k,53.72409u
,,442.86k,51.98585u
,,442.88k,48.87454u
,,442.9k,45.2044u
,,442.92k,42.83336u
,,442.94k,41.34672u
,,442.96k,41.44143u
,,442.98k,43.16739u
,,443k,43.39425u
,,443.02k,43.51529u
,,443.04k,43.76263u
,,443.06k,40.81395u
,,443.08k,39.10423u
,,443.1k,40.23375u
,,443.12k,39.99291u
,,443.14k,38.83795u
,,443.16k,37.71763u
,,443.18k,34.9054u
,,443.2k,30.94734u
,,443.22k,29.8805u
,,443.24k,32.71673u
,,443.26k,36.1594u
,,443.28k,37.82262u
,,443.3k,39.30844u
,,443.32k,41.4306u
,,443.34k,40.80614u
,,443.36k,38.44744u
,,443.38k,37.4954u
,,443.4k,36.19757u
,,443.42k,35.45095u
,,443.44k,35.75667u
,,443.46k,33.4723u
,,443.48k,29.56974u
,,443.5k,28.96113u
,,443.52k,31.45261u
,,443.54k,32.69345u
,,443.56k,31.65249u
,,443.58k,31.03638u
,,443.6k,33.04099u
,,443.62k,36.20286u
,,443.64k,38.73029u
,,443.66k,38.98646u
,,443.68k,35.94777u
,,443.7k,33.11257u
,,443.72k,34.38365u
,,443.74k,36.09152u
,,443.76k,35.2178u
,,443.78k,32.5102u
,,443.8k,28.87974u
,,443.82k,28.80025u
,,443.84k,32.84837u
,,443.86k,36.8473u
,,443.88k,39.55925u
,,443.9k,41.6244u
,,443.92k,41.86108u
,,443.94k,39.17314u
,,443.96k,35.11755u
,,443.98k,33.24911u
,,444k,33.95915u
,,444.02k,34.76453u
,,444.04k,35.47144u
,,444.06k,35.61608u
,,444.08k,32.92987u
,,444.1k,30.14868u
,,444.12k,32.59489u
,,444.14k,37.76388u
,,444.16k,40.24988u
,,444.18k,40.58229u
,,444.2k,39.76731u
,,444.22k,40.22196u
,,444.24k,42.80583u
,,444.26k,43.13227u
,,444.28k,40.7356u
,,444.3k,39.72935u
,,444.32k,42.20059u
,,444.34k,46.58809u
,,444.36k,47.06286u
,,444.38k,41.28864u
,,444.4k,36.43406u
,,444.42k,39.58671u
,,444.44k,45.7145u
,,444.46k,46.98588u
,,444.48k,45.39728u
,,444.5k,45.24794u
,,444.52k,46.31246u
,,444.54k,47.38852u
,,444.56k,48.22382u
,,444.58k,47.39227u
,,444.6k,46.69209u
,,444.62k,48.21139u
,,444.64k,48.08285u
,,444.66k,47.67392u
,,444.68k,49.79199u
,,444.7k,51.85836u
,,444.72k,51.37447u
,,444.74k,49.29358u
,,444.76k,48.12444u
,,444.78k,47.46689u
,,444.8k,46.42401u
,,444.82k,47.45481u
,,444.84k,48.59702u
,,444.86k,46.65216u
,,444.88k,44.91103u
,,444.9k,46.29433u
,,444.92k,48.31957u
,,444.94k,47.18903u
,,444.96k,43.25586u
,,444.98k,40.33964u
,,445k,40.4491u
,,445.02k,41.95434u
,,445.04k,43.0966u
,,445.06k,44.79788u
,,445.08k,48.7173u
,,445.1k,52.37462u
,,445.12k,53.08201u
,,445.14k,51.72385u
,,445.16k,49.67761u
,,445.18k,48.23699u
,,445.2k,49.02285u
,,445.22k,50.85638u
,,445.24k,49.81586u
,,445.26k,47.08272u
,,445.28k,46.60194u
,,445.3k,48.53562u
,,445.32k,51.36085u
,,445.34k,53.66058u
,,445.36k,53.75287u
,,445.38k,52.29791u
,,445.4k,51.96858u
,,445.42k,52.38039u
,,445.44k,52.98102u
,,445.46k,53.6899u
,,445.48k,51.71139u
,,445.5k,49.20267u
,,445.52k,49.50147u
,,445.54k,49.83157u
,,445.56k,49.45399u
,,445.58k,49.08532u
,,445.6k,48.26624u
,,445.62k,48.18415u
,,445.64k,49.22877u
,,445.66k,49.34211u
,,445.68k,47.08677u
,,445.7k,44.23382u
,,445.72k,42.37097u
,,445.74k,41.95859u
,,445.76k,43.75704u
,,445.78k,45.96506u
,,445.8k,47.47011u
,,445.82k,49.18776u
,,445.84k,51.27311u
,,445.86k,51.99223u
,,445.88k,49.23044u
,,445.9k,45.56761u
,,445.92k,45.19911u
,,445.94k,46.70104u
,,445.96k,47.1981u
,,445.98k,46.97596u
,,446k,47.56222u
,,446.02k,50.66956u
,,446.04k,53.85615u
,,446.06k,54.27863u
,,446.08k,54.74622u
,,446.1k,55.17971u
,,446.12k,51.82212u
,,446.14k,46.94658u
,,446.16k,45.05576u
,,446.18k,45.98031u
,,446.2k,48.996u
,,446.22k,53.10672u
,,446.24k,54.42402u
,,446.26k,50.61834u
,,446.28k,46.4768u
,,446.3k,47.67771u
,,446.32k,51.53293u
,,446.34k,53.42158u
,,446.36k,53.25162u
,,446.38k,52.07048u
,,446.4k,51.08283u
,,446.42k,51.56446u
,,446.44k,53.3099u
,,446.46k,53.59875u
,,446.48k,49.69894u
,,446.5k,45.15994u
,,446.52k,45.25025u
,,446.54k,48.56707u
,,446.56k,50.41161u
,,446.58k,50.97812u
,,446.6k,51.91873u
,,446.62k,52.26867u
,,446.64k,51.60892u
,,446.66k,48.69787u
,,446.68k,45.3354u
,,446.7k,46.40076u
,,446.72k,51.65685u
,,446.74k,54.501u
,,446.76k,51.62715u
,,446.78k,48.35727u
,,446.8k,49.48051u
,,446.82k,53.59421u
,,446.84k,55.23197u
,,446.86k,52.72926u
,,446.88k,51.61024u
,,446.9k,51.59125u
,,446.92k,47.3598u
,,446.94k,43.25244u
,,446.96k,44.03902u
,,446.98k,46.0164u
,,447k,46.79336u
,,447.02k,47.01416u
,,447.04k,48.3394u
,,447.06k,52.18128u
,,447.08k,55.69906u
,,447.1k,55.65856u
,,447.12k,53.45484u
,,447.14k,51.71388u
,,447.16k,51.41861u
,,447.18k,51.87683u
,,447.2k,51.79914u
,,447.22k,51.1185u
,,447.24k,50.1664u
,,447.26k,50.80806u
,,447.28k,54.43179u
,,447.3k,58.02429u
,,447.32k,58.49875u
,,447.34k,58.30614u
,,447.36k,59.15675u
,,447.38k,58.12579u
,,447.4k,55.88617u
,,447.42k,55.3835u
,,447.44k,54.68331u
,,447.46k,54.09219u
,,447.48k,56.57077u
,,447.5k,60.19047u
,,447.52k,61.30544u
,,447.54k,59.05102u
,,447.56k,55.71165u
,,447.58k,54.44045u
,,447.6k,55.28775u
,,447.62k,55.84436u
,,447.64k,54.78451u
,,447.66k,53.66074u
,,447.68k,53.98682u
,,447.7k,54.5591u
,,447.72k,54.60144u
,,447.74k,54.84709u
,,447.76k,56.87232u
,,447.78k,60.36534u
,,447.8k,61.52202u
,,447.82k,59.96979u
,,447.84k,58.00401u
,,447.86k,55.51204u
,,447.88k,54.53806u
,,447.9k,56.58454u
,,447.92k,57.60876u
,,447.94k,55.87162u
,,447.96k,53.67495u
,,447.98k,52.88295u
,,448k,54.67394u
,,448.02k,58.86233u
,,448.04k,62.52085u
,,448.06k,62.72262u
,,448.08k,61.56343u
,,448.1k,61.1728u
,,448.12k,59.71433u
,,448.14k,58.54806u
,,448.16k,60.77882u
,,448.18k,64.1356u
,,448.2k,66.17985u
,,448.22k,68.09223u
,,448.24k,70.62198u
,,448.26k,70.9044u
,,448.28k,66.61046u
,,448.3k,62.37886u
,,448.32k,62.57071u
,,448.34k,64.57797u
,,448.36k,65.55664u
,,448.38k,64.50029u
,,448.4k,62.6269u
,,448.42k,62.63139u
,,448.44k,62.74491u
,,448.46k,61.25905u
,,448.48k,61.2675u
,,448.5k,62.9693u
,,448.52k,63.96461u
,,448.54k,64.33798u
,,448.56k,65.35701u
,,448.58k,66.56273u
,,448.6k,66.96201u
,,448.62k,66.25741u
,,448.64k,65.31745u
,,448.66k,65.19216u
,,448.68k,64.78418u
,,448.7k,63.93521u
,,448.72k,63.78795u
,,448.74k,62.73074u
,,448.76k,60.893u
,,448.78k,60.76568u
,,448.8k,61.96053u
,,448.82k,64.07025u
,,448.84k,67.51934u
,,448.86k,69.98882u
,,448.88k,69.79136u
,,448.9k,66.27677u
,,448.92k,61.02321u
,,448.94k,58.28392u
,,448.96k,59.15451u
,,448.98k,64.04308u
,,449k,68.9492u
,,449.02k,68.36476u
,,449.04k,65.8724u
,,449.06k,65.19442u
,,449.08k,64.73062u
,,449.1k,63.86156u
,,449.12k,62.33106u
,,449.14k,60.07292u
,,449.16k,58.78071u
,,449.18k,58.06492u
,,449.2k,58.40459u
,,449.22k,61.11983u
,,449.24k,62.82518u
,,449.26k,61.70411u
,,449.28k,60.94937u
,,449.3k,62.44699u
,,449.32k,64.94493u
,,449.34k,66.66202u
,,449.36k,66.94323u
,,449.38k,65.8645u
,,449.4k,65.51822u
,,449.42k,66.11526u
,,449.44k,65.95595u
,,449.46k,64.63401u
,,449.48k,62.98789u
,,449.5k,63.51338u
,,449.52k,66.43175u
,,449.54k,68.25815u
,,449.56k,67.76404u
,,449.58k,67.2237u
,,449.6k,66.72898u
,,449.62k,66.02551u
,,449.64k,67.95051u
,,449.66k,71.13041u
,,449.68k,70.35088u
,,449.7k,67.81716u
,,449.72k,67.72934u
,,449.74k,68.75984u
,,449.76k,67.40448u
,,449.78k,64.40343u
,,449.8k,63.35059u
,,449.82k,65.39806u
,,449.84k,68.29182u
,,449.86k,68.29836u
,,449.88k,66.79139u
,,449.9k,68.02316u
,,449.92k,70.63859u
,,449.94k,69.93551u
,,449.96k,67.33985u
,,449.98k,66.44535u
,,450k,65.61787u
,,450.02k,63.02271u
,,450.04k,61.02305u
,,450.06k,61.62305u
,,450.08k,63.57978u
,,450.1k,66.00056u
,,450.12k,68.13897u
,,450.14k,67.62046u
,,450.16k,64.45213u
,,450.18k,62.12045u
,,450.2k,62.56824u
,,450.22k,65.03697u
,,450.24k,66.07501u
,,450.26k,63.45711u
,,450.28k,61.25149u
,,450.3k,63.41238u
,,450.32k,66.48091u
,,450.34k,65.54548u
,,450.36k,60.94228u
,,450.38k,56.51646u
,,450.4k,56.13906u
,,450.42k,60.14644u
,,450.44k,63.82632u
,,450.46k,63.13976u
,,450.48k,59.45223u
,,450.5k,57.46637u
,,450.52k,58.30476u
,,450.54k,59.50492u
,,450.56k,60.86867u
,,450.58k,61.0945u
,,450.6k,59.21728u
,,450.62k,59.97636u
,,450.64k,65.01133u
,,450.66k,68.24093u
,,450.68k,65.01321u
,,450.7k,59.08514u
,,450.72k,55.9014u
,,450.74k,54.52786u
,,450.76k,54.42284u
,,450.78k,55.16633u
,,450.8k,55.02916u
,,450.82k,54.40865u
,,450.84k,53.55751u
,,450.86k,53.39511u
,,450.88k,54.46981u
,,450.9k,54.92938u
,,450.92k,53.82347u
,,450.94k,52.28158u
,,450.96k,50.42274u
,,450.98k,50.21241u
,,451k,51.64311u
,,451.02k,50.94709u
,,451.04k,49.05481u
,,451.06k,47.97121u
,,451.08k,47.98356u
,,451.1k,47.50731u
,,451.12k,45.74507u
,,451.14k,47.04974u
,,451.16k,50.9424u
,,451.18k,51.93472u
,,451.2k,50.55709u
,,451.22k,48.92923u
,,451.24k,47.22884u
,,451.26k,45.66548u
,,451.28k,46.27777u
,,451.3k,48.49284u
,,451.32k,48.87537u
,,451.34k,47.98168u
,,451.36k,45.92225u
,,451.38k,42.05122u
,,451.4k,41.14339u
,,451.42k,44.57607u
,,451.44k,47.47343u
,,451.46k,46.30653u
,,451.48k,43.32374u
,,451.5k,43.03427u
,,451.52k,44.27885u
,,451.54k,41.06911u
,,451.56k,35.06329u
,,451.58k,35.0214u
,,451.6k,38.21883u
,,451.62k,37.30142u
,,451.64k,36.22551u
,,451.66k,39.84884u
,,451.68k,42.6707u
,,451.7k,42.95832u
,,451.72k,43.9009u
,,451.74k,43.90977u
,,451.76k,41.71962u
,,451.78k,40.38492u
,,451.8k,40.05582u
,,451.82k,37.54986u
,,451.84k,34.39472u
,,451.86k,32.78178u
,,451.88k,32.14429u
,,451.9k,33.33029u
,,451.92k,34.0663u
,,451.94k,33.37594u
,,451.96k,33.94615u
,,451.98k,35.80601u
,,452k,35.85511u
,,452.02k,33.19805u
,,452.04k,28.71723u
,,452.06k,24.75444u
,,452.08k,23.71686u
,,452.1k,27.138u
,,452.12k,32.47841u
,,452.14k,36.30856u
,,452.16k,36.48889u
,,452.18k,32.62134u
,,452.2k,29.16961u
,,452.22k,26.83351u
,,452.24k,24.76089u
,,452.26k,27.37032u
,,452.28k,31.62746u
,,452.3k,30.7305u
,,452.32k,28.62437u
,,452.34k,30.88562u
,,452.36k,32.55401u
,,452.38k,31.31396u
,,452.4k,31.6984u
,,452.42k,32.01928u
,,452.44k,29.22154u
,,452.46k,24.70177u
,,452.48k,22.25189u
,,452.5k,22.47319u
,,452.52k,22.46305u
,,452.54k,22.39698u
,,452.56k,24.98151u
,,452.58k,29.05085u
,,452.6k,30.13026u
,,452.62k,29.29653u
,,452.64k,27.32194u
,,452.66k,23.87585u
,,452.68k,22.37805u
,,452.7k,23.366u
,,452.72k,24.4262u
,,452.74k,21.99936u
,,452.76k,19.13796u
,,452.78k,21.85336u
,,452.8k,25.16694u
,,452.82k,26.80337u
,,452.84k,27.69867u
,,452.86k,24.58593u
,,452.88k,20.9286u
,,452.9k,20.73611u
,,452.92k,21.28771u
,,452.94k,21.24905u
,,452.96k,22.2407u
,,452.98k,25.34167u
,,453k,28.18794u
,,453.02k,25.20714u
,,453.04k,19.80292u
,,453.06k,19.70783u
,,453.08k,22.23874u
,,453.1k,21.85284u
,,453.12k,19.04275u
,,453.14k,16.43788u
,,453.16k,16.3254u
,,453.18k,18.51853u
,,453.2k,16.31474u
,,453.22k,13.24034u
,,453.24k,13.39285u
,,453.26k,14.52626u
,,453.28k,18.65538u
,,453.3k,20.95548u
,,453.32k,20.64452u
,,453.34k,18.91318u
,,453.36k,15.38398u
,,453.38k,13.41549u
,,453.4k,13.35193u
,,453.42k,13.48201u
,,453.44k,14.00955u
,,453.46k,15.59015u
,,453.48k,16.48639u
,,453.5k,17.21369u
,,453.52k,18.91748u
,,453.54k,17.65162u
,,453.56k,14.52708u
,,453.58k,15.17561u
,,453.6k,16.31662u
,,453.62k,15.15757u
,,453.64k,14.41094u
,,453.66k,12.65003u
,,453.68k,10.29877u
,,453.7k,10.15874u
,,453.72k,12.19838u
,,453.74k,14.24416u
,,453.76k,12.80067u
,,453.78k,14.68612u
,,453.8k,17.20007u
,,453.82k,15.00245u
,,453.84k,10.32u
,,453.86k,7.184616u
,,453.88k,7.826027u
,,453.9k,13.99494u
,,453.92k,19.51842u
,,453.94k,19.32326u
,,453.96k,17.21596u
,,453.98k,14.94442u
,,454k,12.57954u
,,454.02k,12.07613u
,,454.04k,14.60702u
,,454.06k,14.31201u
,,454.08k,11.12314u
,,454.1k,8.756226u
,,454.12k,8.040713u
,,454.14k,9.647101u
,,454.16k,13.03828u
,,454.18k,14.97061u
,,454.2k,15.52845u
,,454.22k,13.22675u
,,454.24k,10.31281u
,,454.26k,11.19579u
,,454.28k,14.84362u
,,454.3k,16.01048u
,,454.32k,11.7648u
,,454.34k,8.283695u
,,454.36k,10.36694u
,,454.38k,14.85348u
,,454.4k,17.28137u
,,454.42k,16.59148u
,,454.44k,16.21088u
,,454.46k,17.92449u
,,454.48k,17.92363u
,,454.5k,15.68187u
,,454.52k,12.16614u
,,454.54k,8.949346u
,,454.56k,9.948047u
,,454.58k,14.39981u
,,454.6k,19.78484u
,,454.62k,21.51574u
,,454.64k,17.74728u
,,454.66k,13.43176u
,,454.68k,13.53891u
,,454.7k,15.53161u
,,454.72k,15.61399u
,,454.74k,12.76576u
,,454.76k,10.56725u
,,454.78k,10.60925u
,,454.8k,10.99301u
,,454.82k,13.38246u
,,454.84k,16.74242u
,,454.86k,17.41307u
,,454.88k,16.34363u
,,454.9k,15.80267u
,,454.92k,15.45855u
,,454.94k,15.15149u
,,454.96k,16.5365u
,,454.98k,18.03471u
,,455k,19.02142u
,,455.02k,21.31229u
,,455.04k,22.38057u
,,455.06k,21.894u
,,455.08k,21.97979u
,,455.1k,23.71456u
,,455.12k,26.47247u
,,455.14k,28.35665u
,,455.16k,28.53282u
,,455.18k,27.80428u
,,455.2k,26.28169u
,,455.22k,25.47775u
,,455.24k,25.77966u
,,455.26k,27.11611u
,,455.28k,28.17111u
,,455.3k,26.10998u
,,455.32k,23.84875u
,,455.34k,25.4747u
,,455.36k,28.00574u
,,455.38k,27.76973u
,,455.4k,26.50672u
,,455.42k,29.6194u
,,455.44k,33.01737u
,,455.46k,29.63875u
,,455.48k,27.90217u
,,455.5k,31.23394u
,,455.52k,29.69468u
,,455.54k,22.91444u
,,455.56k,19.41273u
,,455.58k,22.97745u
,,455.6k,27.06426u
,,455.62k,26.72404u
,,455.64k,25.99987u
,,455.66k,25.35305u
,,455.68k,24.57761u
,,455.7k,24.14975u
,,455.72k,23.94348u
,,455.74k,24.66193u
,,455.76k,26.90897u
,,455.78k,30.74781u
,,455.8k,31.80399u
,,455.82k,31.18955u
,,455.84k,30.46961u
,,455.86k,29.11667u
,,455.88k,29.71928u
,,455.9k,31.11044u
,,455.92k,30.54275u
,,455.94k,29.7978u
,,455.96k,30.01169u
,,455.98k,30.47531u
,,456k,30.4443u
,,456.02k,29.99064u
,,456.04k,30.23601u
,,456.06k,30.57774u
,,456.08k,31.48912u
,,456.1k,32.62477u
,,456.12k,32.08235u
,,456.14k,32.34196u
,,456.16k,33.53854u
,,456.18k,33.44778u
,,456.2k,34.41949u
,,456.22k,35.46674u
,,456.24k,34.76901u
,,456.26k,33.80401u
,,456.28k,34.78113u
,,456.3k,39.30291u
,,456.32k,43.64418u
,,456.34k,44.00789u
,,456.36k,40.99907u
,,456.38k,37.47552u
,,456.4k,35.28227u
,,456.42k,34.33935u
,,456.44k,35.27316u
,,456.46k,37.63601u
,,456.48k,39.68376u
,,456.5k,41.23402u
,,456.52k,41.39595u
,,456.54k,40.2549u
,,456.56k,37.46333u
,,456.58k,35.03413u
,,456.6k,36.24397u
,,456.62k,40.37866u
,,456.64k,44.40408u
,,456.66k,46.20141u
,,456.68k,45.18213u
,,456.7k,42.75735u
,,456.72k,41.22802u
,,456.74k,39.8386u
,,456.76k,37.06847u
,,456.78k,34.8382u
,,456.8k,35.35411u
,,456.82k,37.11789u
,,456.84k,38.08456u
,,456.86k,39.45263u
,,456.88k,41.40932u
,,456.9k,38.84712u
,,456.92k,34.05866u
,,456.94k,35.27019u
,,456.96k,39.43248u
,,456.98k,41.02289u
,,457k,40.00358u
,,457.02k,37.0368u
,,457.04k,36.36538u
,,457.06k,38.99186u
,,457.08k,41.4398u
,,457.1k,39.98174u
,,457.12k,36.60154u
,,457.14k,37.06088u
,,457.16k,37.41574u
,,457.18k,35.68797u
,,457.2k,37.1177u
,,457.22k,40.17154u
,,457.24k,40.26837u
,,457.26k,38.51502u
,,457.28k,37.73432u
,,457.3k,36.5875u
,,457.32k,34.60909u
,,457.34k,35.03266u
,,457.36k,38.49123u
,,457.38k,41.97815u
,,457.4k,43.70341u
,,457.42k,43.26458u
,,457.44k,40.92568u
,,457.46k,37.47614u
,,457.48k,37.46806u
,,457.5k,42.09236u
,,457.52k,43.31209u
,,457.54k,39.82585u
,,457.56k,38.63586u
,,457.58k,38.47196u
,,457.6k,35.59633u
,,457.62k,32.74199u
,,457.64k,32.08625u
,,457.66k,33.32127u
,,457.68k,35.859u
,,457.7k,37.86995u
,,457.72k,38.75119u
,,457.74k,38.70217u
,,457.76k,39.4995u
,,457.78k,40.74846u
,,457.8k,38.33483u
,,457.82k,32.23244u
,,457.84k,27.85304u
,,457.86k,27.36027u
,,457.88k,29.30014u
,,457.9k,33.16382u
,,457.92k,37.54355u
,,457.94k,37.99104u
,,457.96k,32.40198u
,,457.98k,24.64707u
,,458k,21.23279u
,,458.02k,25.11735u
,,458.04k,31.08972u
,,458.06k,35.10614u
,,458.08k,36.58345u
,,458.1k,34.56774u
,,458.12k,30.38853u
,,458.14k,27.15121u
,,458.16k,26.21834u
,,458.18k,26.02498u
,,458.2k,24.01523u
,,458.22k,22.2661u
,,458.24k,24.92544u
,,458.26k,29.17336u
,,458.28k,29.75422u
,,458.3k,29.08537u
,,458.32k,29.9858u
,,458.34k,29.23677u
,,458.36k,24.92739u
,,458.38k,21.41298u
,,458.4k,24.26626u
,,458.42k,28.74616u
,,458.44k,27.86074u
,,458.46k,24.17607u
,,458.48k,22.00113u
,,458.5k,22.13878u
,,458.52k,22.38362u
,,458.54k,21.81197u
,,458.56k,22.43701u
,,458.58k,25.51872u
,,458.6k,28.83162u
,,458.62k,26.98638u
,,458.64k,24.724u
,,458.66k,26.95588u
,,458.68k,27.82014u
,,458.7k,24.8544u
,,458.72k,21.66179u
,,458.74k,20.74312u
,,458.76k,21.73906u
,,458.78k,21.06476u
,,458.8k,21.64171u
,,458.82k,24.89052u
,,458.84k,25.92669u
,,458.86k,22.81081u
,,458.88k,18.68184u
,,458.9k,18.01172u
,,458.92k,21.58029u
,,458.94k,25.71274u
,,458.96k,27.18683u
,,458.98k,29.28784u
,,459k,32.3635u
,,459.02k,30.82311u
,,459.04k,27.31733u
,,459.06k,27.64367u
,,459.08k,28.4538u
,,459.1k,27.24146u
,,459.12k,25.30291u
,,459.14k,23.51791u
,,459.16k,23.46479u
,,459.18k,24.75413u
,,459.2k,24.68953u
,,459.22k,22.73247u
,,459.24k,21.04547u
,,459.26k,19.84623u
,,459.28k,17.38026u
,,459.3k,17.58745u
,,459.32k,20.33554u
,,459.34k,20.89421u
,,459.36k,17.3619u
,,459.38k,12.87868u
,,459.4k,13.00546u
,,459.42k,18.51913u
,,459.44k,21.96772u
,,459.46k,20.19851u
,,459.48k,20.48321u
,,459.5k,22.79656u
,,459.52k,22.16544u
,,459.54k,20.4731u
,,459.56k,21.24863u
,,459.58k,24.00914u
,,459.6k,25.91678u
,,459.62k,24.52559u
,,459.64k,21.89939u
,,459.66k,21.14779u
,,459.68k,21.88424u
,,459.7k,22.67176u
,,459.72k,21.88102u
,,459.74k,18.50161u
,,459.76k,17.1043u
,,459.78k,17.88692u
,,459.8k,20.75999u
,,459.82k,26.88414u
,,459.84k,29.71069u
,,459.86k,26.9968u
,,459.88k,25.58747u
,,459.9k,27.25618u
,,459.92k,28.39451u
,,459.94k,25.65459u
,,459.96k,19.52156u
,,459.98k,15.98513u
,,460k,17.98534u
,,460.02k,22.75218u
,,460.04k,23.17302u
,,460.06k,20.05126u
,,460.08k,21.31287u
,,460.1k,24.24567u
,,460.12k,23.71929u
,,460.14k,23.49332u
,,460.16k,25.22904u
,,460.18k,25.96172u
,,460.2k,24.01197u
,,460.22k,21.27249u
,,460.24k,19.55248u
,,460.26k,18.94156u
,,460.28k,19.81041u
,,460.3k,22.52399u
,,460.32k,25.82908u
,,460.34k,25.31463u
,,460.36k,22.51692u
,,460.38k,23.52862u
,,460.4k,26.74639u
,,460.42k,28.26485u
,,460.44k,28.94572u
,,460.46k,28.17314u
,,460.48k,26.24126u
,,460.5k,26.41314u
,,460.52k,29.38401u
,,460.54k,30.95135u
,,460.56k,29.05906u
,,460.58k,28.57033u
,,460.6k,31.00177u
,,460.62k,32.63372u
,,460.64k,32.68181u
,,460.66k,31.24829u
,,460.68k,28.65388u
,,460.7k,25.68091u
,,460.72k,23.95431u
,,460.74k,24.61876u
,,460.76k,26.55426u
,,460.78k,27.60812u
,,460.8k,25.27781u
,,460.82k,22.33032u
,,460.84k,22.64391u
,,460.86k,23.45952u
,,460.88k,22.79622u
,,460.9k,24.07506u
,,460.92k,28.284u
,,460.94k,29.74967u
,,460.96k,25.86682u
,,460.98k,23.53287u
,,461k,24.51311u
,,461.02k,26.73032u
,,461.04k,31.09844u
,,461.06k,32.60823u
,,461.08k,29.52239u
,,461.1k,26.48983u
,,461.12k,25.60128u
,,461.14k,25.68344u
,,461.16k,24.89646u
,,461.18k,23.79891u
,,461.2k,24.49786u
,,461.22k,26.19663u
,,461.24k,27.31614u
,,461.26k,29.12938u
,,461.28k,31.37133u
,,461.3k,31.72492u
,,461.32k,31.17u
,,461.34k,30.90196u
,,461.36k,31.08637u
,,461.38k,29.96485u
,,461.4k,27.7718u
,,461.42k,27.18321u
,,461.44k,26.93258u
,,461.46k,25.81159u
,,461.48k,25.39631u
,,461.5k,26.01433u
,,461.52k,25.36636u
,,461.54k,25.07741u
,,461.56k,28.31268u
,,461.58k,29.74121u
,,461.6k,25.96601u
,,461.62k,22.28803u
,,461.64k,21.98415u
,,461.66k,24.0901u
,,461.68k,26.65632u
,,461.7k,26.78674u
,,461.72k,25.8051u
,,461.74k,26.72966u
,,461.76k,30.17408u
,,461.78k,35.29682u
,,461.8k,36.93822u
,,461.82k,34.03481u
,,461.84k,33.02559u
,,461.86k,34.56108u
,,461.88k,35.66107u
,,461.9k,38.10121u
,,461.92k,40.1224u
,,461.94k,37.22394u
,,461.96k,34.35231u
,,461.98k,36.6511u
,,462k,38.95927u
,,462.02k,39.92899u
,,462.04k,41.59824u
,,462.06k,40.42196u
,,462.08k,35.61516u
,,462.1k,32.49691u
,,462.12k,34.87966u
,,462.14k,37.2185u
,,462.16k,35.17527u
,,462.18k,33.37735u
,,462.2k,33.84706u
,,462.22k,35.54093u
,,462.24k,38.63701u
,,462.26k,41.16142u
,,462.28k,40.2613u
,,462.3k,39.47379u
,,462.32k,41.29364u
,,462.34k,43.66018u
,,462.36k,42.29107u
,,462.38k,38.29838u
,,462.4k,36.46905u
,,462.42k,35.90496u
,,462.44k,34.18103u
,,462.46k,32.89272u
,,462.48k,33.35501u
,,462.5k,37.49628u
,,462.52k,42.7618u
,,462.54k,44.56128u
,,462.56k,44.08202u
,,462.58k,43.91122u
,,462.6k,43.02062u
,,462.62k,41.59902u
,,462.64k,39.27332u
,,462.66k,39.17168u
,,462.68k,43.02398u
,,462.7k,45.85794u
,,462.72k,44.76979u
,,462.74k,42.13627u
,,462.76k,42.20789u
,,462.78k,44.23063u
,,462.8k,42.66598u
,,462.82k,39.71004u
,,462.84k,41.82842u
,,462.86k,46.18913u
,,462.88k,47.7199u
,,462.9k,47.296u
,,462.92k,46.42221u
,,462.94k,43.59759u
,,462.96k,40.37368u
,,462.98k,38.06464u
,,463k,35.02369u
,,463.02k,33.30658u
,,463.04k,35.05535u
,,463.06k,39.91803u
,,463.08k,43.43307u
,,463.1k,42.84631u
,,463.12k,41.65835u
,,463.14k,42.84162u
,,463.16k,44.65343u
,,463.18k,43.48403u
,,463.2k,41.56102u
,,463.22k,44.03405u
,,463.24k,48.97747u
,,463.26k,49.54557u
,,463.28k,46.12967u
,,463.3k,45.98837u
,,463.32k,49.51093u
,,463.34k,49.69164u
,,463.36k,45.87167u
,,463.38k,43.96808u
,,463.4k,45.7629u
,,463.42k,46.3718u
,,463.44k,42.85221u
,,463.46k,40.85201u
,,463.48k,43.27449u
,,463.5k,45.25485u
,,463.52k,45.06607u
,,463.54k,45.47444u
,,463.56k,47.23533u
,,463.58k,48.66027u
,,463.6k,48.17925u
,,463.62k,46.24643u
,,463.64k,44.48015u
,,463.66k,43.99212u
,,463.68k,44.67922u
,,463.7k,47.16673u
,,463.72k,49.72381u
,,463.74k,49.461u
,,463.76k,47.73995u
,,463.78k,47.13502u
,,463.8k,48.15266u
,,463.82k,48.01403u
,,463.84k,46.78182u
,,463.86k,47.57159u
,,463.88k,49.95971u
,,463.9k,53.30682u
,,463.92k,55.73145u
,,463.94k,54.3292u
,,463.96k,52.79532u
,,463.98k,53.68599u
,,464k,53.96489u
,,464.02k,53.23113u
,,464.04k,52.8002u
,,464.06k,51.2747u
,,464.08k,47.93416u
,,464.1k,47.95542u
,,464.12k,53.1095u
,,464.14k,58.55419u
,,464.16k,61.96758u
,,464.18k,62.33991u
,,464.2k,61.41488u
,,464.22k,61.33585u
,,464.24k,59.62255u
,,464.26k,57.17592u
,,464.28k,56.12592u
,,464.3k,55.30138u
,,464.32k,54.39016u
,,464.34k,54.24055u
,,464.36k,55.59471u
,,464.38k,56.7148u
,,464.4k,56.63381u
,,464.42k,58.047u
,,464.44k,61.43508u
,,464.46k,62.90396u
,,464.48k,59.84707u
,,464.5k,56.58691u
,,464.52k,57.36386u
,,464.54k,59.89706u
,,464.56k,61.75321u
,,464.58k,61.65099u
,,464.6k,58.89362u
,,464.62k,57.33796u
,,464.64k,58.95277u
,,464.66k,58.51349u
,,464.68k,54.97952u
,,464.7k,53.69971u
,,464.72k,56.11596u
,,464.74k,58.98963u
,,464.76k,59.81423u
,,464.78k,59.85978u
,,464.8k,60.37593u
,,464.82k,58.13559u
,,464.84k,55.16401u
,,464.86k,57.96258u
,,464.88k,61.87732u
,,464.9k,59.14813u
,,464.92k,54.67696u
,,464.94k,53.92514u
,,464.96k,54.80029u
,,464.98k,55.47782u
,,465k,57.17025u
,,465.02k,59.60485u
,,465.04k,60.2554u
,,465.06k,58.92468u
,,465.08k,57.09822u
,,465.1k,55.62722u
,,465.12k,53.4327u
,,465.14k,49.7975u
,,465.16k,47.48645u
,,465.18k,46.85935u
,,465.2k,46.25083u
,,465.22k,45.84353u
,,465.24k,50.09126u
,,465.26k,55.51514u
,,465.28k,54.04942u
,,465.3k,51.46747u
,,465.32k,52.02186u
,,465.34k,53.04544u
,,465.36k,54.21857u
,,465.38k,54.5671u
,,465.4k,53.92697u
,,465.42k,53.57851u
,,465.44k,54.09492u
,,465.46k,53.66579u
,,465.48k,51.21404u
,,465.5k,50.52004u
,,465.52k,51.58873u
,,465.54k,51.84089u
,,465.56k,51.96835u
,,465.58k,52.2947u
,,465.6k,52.73901u
,,465.62k,52.39138u
,,465.64k,51.15794u
,,465.66k,50.19624u
,,465.68k,47.18358u
,,465.7k,44.59923u
,,465.72k,48.46806u
,,465.74k,55.30566u
,,465.76k,55.47857u
,,465.78k,52.44855u
,,465.8k,53.81517u
,,465.82k,55.38293u
,,465.84k,55.72461u
,,465.86k,56.85126u
,,465.88k,56.51588u
,,465.9k,52.8399u
,,465.92k,48.10697u
,,465.94k,44.85006u
,,465.96k,43.98014u
,,465.98k,46.94205u
,,466k,53.25532u
,,466.02k,56.22208u
,,466.04k,52.65457u
,,466.06k,48.9831u
,,466.08k,49.21283u
,,466.1k,49.95035u
,,466.12k,49.43616u
,,466.14k,49.238u
,,466.16k,50.59508u
,,466.18k,53.37022u
,,466.2k,55.55714u
,,466.22k,54.69657u
,,466.24k,49.94358u
,,466.26k,46.20423u
,,466.28k,46.6598u
,,466.3k,48.22836u
,,466.32k,49.55823u
,,466.34k,52.51125u
,,466.36k,55.00195u
,,466.38k,52.29672u
,,466.4k,48.85999u
,,466.42k,49.22917u
,,466.44k,49.7452u
,,466.46k,48.50443u
,,466.48k,46.2855u
,,466.5k,46.4973u
,,466.52k,49.41409u
,,466.54k,49.57503u
,,466.56k,46.69402u
,,466.58k,44.28538u
,,466.6k,45.35923u
,,466.62k,48.46542u
,,466.64k,48.63162u
,,466.66k,45.88949u
,,466.68k,45.02998u
,,466.7k,49.08929u
,,466.72k,54.55381u
,,466.74k,56.715u
,,466.76k,57.41035u
,,466.78k,56.99855u
,,466.8k,53.84104u
,,466.82k,50.93975u
,,466.84k,47.94024u
,,466.86k,44.91661u
,,466.88k,43.9607u
,,466.9k,44.34469u
,,466.92k,45.35339u
,,466.94k,46.75079u
,,466.96k,49.458u
,,466.98k,50.70277u
,,467k,47.86718u
,,467.02k,44.22746u
,,467.04k,41.78596u
,,467.06k,40.95033u
,,467.08k,41.48735u
,,467.1k,43.23353u
,,467.12k,46.86689u
,,467.14k,49.1949u
,,467.16k,47.22174u
,,467.18k,43.93819u
,,467.2k,43.61407u
,,467.22k,45.78052u
,,467.24k,48.27779u
,,467.26k,49.82882u
,,467.28k,47.35393u
,,467.3k,43.85232u
,,467.32k,43.49131u
,,467.34k,44.32136u
,,467.36k,42.30796u
,,467.38k,39.64554u
,,467.4k,42.397u
,,467.42k,48.95514u
,,467.44k,53.69153u
,,467.46k,54.62852u
,,467.48k,52.13358u
,,467.5k,48.84666u
,,467.52k,48.15409u
,,467.54k,50.53655u
,,467.56k,53.3292u
,,467.58k,52.067u
,,467.6k,47.10902u
,,467.62k,42.14853u
,,467.64k,39.02717u
,,467.66k,40.37575u
,,467.68k,43.81142u
,,467.7k,45.15575u
,,467.72k,43.77648u
,,467.74k,42.914u
,,467.76k,47.33439u
,,467.78k,53.15496u
,,467.8k,53.25171u
,,467.82k,50.08828u
,,467.84k,48.76377u
,,467.86k,48.75468u
,,467.88k,48.52213u
,,467.9k,47.43013u
,,467.92k,46.8494u
,,467.94k,46.9837u
,,467.96k,47.80136u
,,467.98k,50.0583u
,,468k,50.93904u
,,468.02k,47.24107u
,,468.04k,42.17036u
,,468.06k,40.8956u
,,468.08k,43.33596u
,,468.1k,46.18577u
,,468.12k,46.18388u
,,468.14k,42.70639u
,,468.16k,40.92851u
,,468.18k,42.41692u
,,468.2k,43.65048u
,,468.22k,46.41913u
,,468.24k,49.6401u
,,468.26k,46.76317u
,,468.28k,41.55827u
,,468.3k,41.46142u
,,468.32k,44.6679u
,,468.34k,46.73086u
,,468.36k,46.34901u
,,468.38k,45.44685u
,,468.4k,47.8271u
,,468.42k,48.53115u
,,468.44k,45.33506u
,,468.46k,43.01381u
,,468.48k,43.31987u
,,468.5k,42.92652u
,,468.52k,40.7154u
,,468.54k,40.02613u
,,468.56k,42.74039u
,,468.58k,47.26381u
,,468.6k,49.64721u
,,468.62k,47.98878u
,,468.64k,45.1284u
,,468.66k,43.46582u
,,468.68k,42.25946u
,,468.7k,42.19337u
,,468.72k,44.04731u
,,468.74k,45.80627u
,,468.76k,46.75319u
,,468.78k,46.11669u
,,468.8k,44.11046u
,,468.82k,44.20692u
,,468.84k,46.99525u
,,468.86k,49.86703u
,,468.88k,51.42984u
,,468.9k,51.66478u
,,468.92k,50.17516u
,,468.94k,46.53156u
,,468.96k,43.54201u
,,468.98k,45.06147u
,,469k,46.26251u
,,469.02k,45.62146u
,,469.04k,45.31775u
,,469.06k,44.49187u
,,469.08k,44.61829u
,,469.1k,47.23407u
,,469.12k,50.58282u
,,469.14k,50.44736u
,,469.16k,44.86183u
,,469.18k,39.23061u
,,469.2k,39.05122u
,,469.22k,44.09676u
,,469.24k,49.74588u
,,469.26k,50.27687u
,,469.28k,46.28946u
,,469.3k,44.83009u
,,469.32k,46.34009u
,,469.34k,46.77999u
,,469.36k,44.46483u
,,469.38k,42.02867u
,,469.4k,43.05391u
,,469.42k,47.2039u
,,469.44k,49.00811u
,,469.46k,48.91478u
,,469.48k,51.65301u
,,469.5k,55.63644u
,,469.52k,55.33689u
,,469.54k,50.62202u
,,469.56k,46.73301u
,,469.58k,44.82497u
,,469.6k,45.72405u
,,469.62k,47.65075u
,,469.64k,48.19924u
,,469.66k,49.86487u
,,469.68k,51.20964u
,,469.7k,50.08784u
,,469.72k,48.00523u
,,469.74k,44.50472u
,,469.76k,41.60558u
,,469.78k,43.2374u
,,469.8k,47.0987u
,,469.82k,49.26157u
,,469.84k,49.08646u
,,469.86k,48.94816u
,,469.88k,49.81488u
,,469.9k,48.42392u
,,469.92k,48.26645u
,,469.94k,51.84207u
,,469.96k,51.41953u
,,469.98k,46.21041u
,,470k,43.26872u
,,470.02k,44.45294u
,,470.04k,46.67388u
,,470.06k,47.63523u
,,470.08k,46.7152u
,,470.1k,44.09357u
,,470.12k,40.95841u
,,470.14k,40.46932u
,,470.16k,41.93517u
,,470.18k,43.08148u
,,470.2k,44.36389u
,,470.22k,46.02689u
,,470.24k,48.17413u
,,470.26k,50.26804u
,,470.28k,51.33789u
,,470.3k,50.56183u
,,470.32k,48.54056u
,,470.34k,47.45243u
,,470.36k,48.11123u
,,470.38k,49.49396u
,,470.4k,48.90675u
,,470.42k,44.31129u
,,470.44k,38.8243u
,,470.46k,36.84098u
,,470.48k,37.27873u
,,470.5k,38.60714u
,,470.52k,41.85373u
,,470.54k,44.08684u
,,470.56k,43.82216u
,,470.58k,44.50619u
,,470.6k,45.68695u
,,470.62k,43.85864u
,,470.64k,39.915u
,,470.66k,38.05993u
,,470.68k,39.82787u
,,470.7k,44.56933u
,,470.72k,48.44873u
,,470.74k,45.63433u
,,470.76k,40.5502u
,,470.78k,39.40822u
,,470.8k,40.33683u
,,470.82k,40.5805u
,,470.84k,40.49241u
,,470.86k,41.40888u
,,470.88k,42.6285u
,,470.9k,41.72421u
,,470.92k,38.57109u
,,470.94k,35.21362u
,,470.96k,34.76603u
,,470.98k,36.84539u
,,471k,36.88187u
,,471.02k,34.82396u
,,471.04k,31.40608u
,,471.06k,27.74525u
,,471.08k,27.06189u
,,471.1k,28.76234u
,,471.12k,30.35835u
,,471.14k,31.58213u
,,471.16k,31.72871u
,,471.18k,30.53903u
,,471.2k,30.76902u
,,471.22k,32.82641u
,,471.24k,33.48569u
,,471.26k,30.93263u
,,471.28k,29.50688u
,,471.3k,30.1122u
,,471.32k,29.98979u
,,471.34k,28.83224u
,,471.36k,28.29075u
,,471.38k,30.40752u
,,471.4k,33.13729u
,,471.42k,31.00784u
,,471.44k,26.76806u
,,471.46k,24.53604u
,,471.48k,24.45745u
,,471.5k,25.1115u
,,471.52k,25.24114u
,,471.54k,25.31707u
,,471.56k,25.08507u
,,471.58k,24.04299u
,,471.6k,21.7254u
,,471.62k,20.97249u
,,471.64k,22.91615u
,,471.66k,23.88902u
,,471.68k,23.33246u
,,471.7k,22.76956u
,,471.72k,25.22877u
,,471.74k,28.86064u
,,471.76k,28.95259u
,,471.78k,26.66298u
,,471.8k,24.53237u
,,471.82k,23.8149u
,,471.84k,26.14667u
,,471.86k,30.18364u
,,471.88k,30.01365u
,,471.9k,25.95191u
,,471.92k,21.67317u
,,471.94k,16.77618u
,,471.96k,15.05734u
,,471.98k,18.27039u
,,472k,21.67813u
,,472.02k,24.4624u
,,472.04k,25.97413u
,,472.06k,25.92317u
,,472.08k,23.4229u
,,472.1k,20.14803u
,,472.12k,18.30425u
,,472.14k,18.23447u
,,472.16k,18.59831u
,,472.18k,17.53464u
,,472.2k,15.89223u
,,472.22k,17.90994u
,,472.24k,23.09883u
,,472.26k,26.11453u
,,472.28k,25.69978u
,,472.3k,23.78118u
,,472.32k,22.96514u
,,472.34k,21.04932u
,,472.36k,16.77718u
,,472.38k,15.57199u
,,472.4k,17.39327u
,,472.42k,17.56199u
,,472.44k,16.45426u
,,472.46k,18.29122u
,,472.48k,20.31008u
,,472.5k,18.12271u
,,472.52k,16.23942u
,,472.54k,17.7276u
,,472.56k,18.72305u
,,472.58k,16.79899u
,,472.6k,16.52726u
,,472.62k,22.14656u
,,472.64k,27.41619u
,,472.66k,26.34458u
,,472.68k,21.61436u
,,472.7k,18.3216u
,,472.72k,17.12131u
,,472.74k,19.29942u
,,472.76k,20.61269u
,,472.78k,18.79534u
,,472.8k,16.42956u
,,472.82k,14.83229u
,,472.84k,14.83411u
,,472.86k,15.44346u
,,472.88k,16.39817u
,,472.9k,18.2163u
,,472.92k,20.522u
,,472.94k,20.39668u
,,472.96k,17.13484u
,,472.98k,17.07674u
,,473k,19.37781u
,,473.02k,18.27759u
,,473.04k,16.39958u
,,473.06k,14.97623u
,,473.08k,13.3057u
,,473.1k,15.23486u
,,473.12k,17.0051u
,,473.14k,16.42738u
,,473.16k,17.71018u
,,473.18k,20.10314u
,,473.2k,21.69225u
,,473.22k,22.29223u
,,473.24k,23.06472u
,,473.26k,23.5038u
,,473.28k,21.19821u
,,473.3k,16.47958u
,,473.32k,14.11376u
,,473.34k,14.93415u
,,473.36k,15.35143u
,,473.38k,17.2039u
,,473.4k,22.09433u
,,473.42k,23.67481u
,,473.44k,19.38089u
,,473.46k,14.74409u
,,473.48k,12.25868u
,,473.5k,12.33921u
,,473.52k,14.65367u
,,473.54k,17.7109u
,,473.56k,19.23298u
,,473.58k,17.85208u
,,473.6k,14.16563u
,,473.62k,15.01156u
,,473.64k,21.96109u
,,473.66k,23.14197u
,,473.68k,18.45226u
,,473.7k,15.72845u
,,473.72k,13.87119u
,,473.74k,13.29966u
,,473.76k,15.44957u
,,473.78k,17.71881u
,,473.8k,21.39116u
,,473.82k,22.73537u
,,473.84k,18.30318u
,,473.86k,14.12127u
,,473.88k,16.68969u
,,473.9k,21.11113u
,,473.92k,22.75011u
,,473.94k,21.54498u
,,473.96k,22.12062u
,,473.98k,24.46262u
,,474k,25.58768u
,,474.02k,26.2031u
,,474.04k,26.03573u
,,474.06k,24.82028u
,,474.08k,24.69744u
,,474.1k,25.50541u
,,474.12k,23.35994u
,,474.14k,19.27378u
,,474.16k,18.22729u
,,474.18k,21.51842u
,,474.2k,23.94601u
,,474.22k,20.46389u
,,474.24k,16.91877u
,,474.26k,17.09555u
,,474.28k,17.1984u
,,474.3k,16.89863u
,,474.32k,16.37482u
,,474.34k,17.94491u
,,474.36k,19.05919u
,,474.38k,17.85575u
,,474.4k,18.37464u
,,474.42k,20.18024u
,,474.44k,22.57892u
,,474.46k,26.60527u
,,474.48k,26.51902u
,,474.5k,20.3266u
,,474.52k,18.00053u
,,474.54k,22.3471u
,,474.56k,25.69147u
,,474.58k,25.12232u
,,474.6k,22.14531u
,,474.62k,18.94248u
,,474.64k,19.26579u
,,474.66k,22.50133u
,,474.68k,23.83661u
,,474.7k,23.56145u
,,474.72k,24.43372u
,,474.74k,26.48708u
,,474.76k,27.86804u
,,474.78k,26.96364u
,,474.8k,23.20711u
,,474.82k,21.10419u
,,474.84k,21.87433u
,,474.86k,21.5768u
,,474.88k,21.52719u
,,474.9k,22.17106u
,,474.92k,24.28735u
,,474.94k,27.49648u
,,474.96k,28.05193u
,,474.98k,25.53271u
,,475k,22.55083u
,,475.02k,21.43692u
,,475.04k,21.31405u
,,475.06k,20.57634u
,,475.08k,18.99558u
,,475.1k,18.34936u
,,475.12k,17.42882u
,,475.14k,17.00363u
,,475.16k,17.47739u
,,475.18k,15.69633u
,,475.2k,14.86137u
,,475.22k,18.96045u
,,475.24k,24.33662u
,,475.26k,27.02621u
,,475.28k,26.30079u
,,475.3k,24.62308u
,,475.32k,22.58818u
,,475.34k,20.02658u
,,475.36k,19.44888u
,,475.38k,21.00495u
,,475.4k,23.51419u
,,475.42k,24.06797u
,,475.44k,24.94898u
,,475.46k,28.95703u
,,475.48k,31.94903u
,,475.5k,30.04625u
,,475.52k,26.88885u
,,475.54k,24.95548u
,,475.56k,23.10077u
,,475.58k,21.5871u
,,475.6k,20.92193u
,,475.62k,23.10576u
,,475.64k,25.8423u
,,475.66k,25.09995u
,,475.68k,23.68836u
,,475.7k,24.80981u
,,475.72k,26.24872u
,,475.74k,26.43122u
,,475.76k,27.35484u
,,475.78k,28.37729u
,,475.8k,28.49231u
,,475.82k,28.98454u
,,475.84k,32.07341u
,,475.86k,32.99492u
,,475.88k,28.94627u
,,475.9k,25.45185u
,,475.92k,24.57424u
,,475.94k,24.8496u
,,475.96k,27.1521u
,,475.98k,28.89765u
,,476k,26.48316u
,,476.02k,23.40577u
,,476.04k,24.19245u
,,476.06k,27.76868u
,,476.08k,31.4388u
,,476.1k,33.55322u
,,476.12k,33.72763u
,,476.14k,32.04349u
,,476.16k,28.14517u
,,476.18k,24.3529u
,,476.2k,24.64682u
,,476.22k,28.95204u
,,476.24k,31.98348u
,,476.26k,30.8191u
,,476.28k,29.62012u
,,476.3k,29.89192u
,,476.32k,29.46096u
,,476.34k,29.28579u
,,476.36k,31.81417u
,,476.38k,32.75788u
,,476.4k,30.5289u
,,476.42k,29.36452u
,,476.44k,30.05314u
,,476.46k,31.06354u
,,476.48k,30.90864u
,,476.5k,28.09386u
,,476.52k,25.49903u
,,476.54k,25.63372u
,,476.56k,27.03639u
,,476.58k,29.35565u
,,476.6k,32.63171u
,,476.62k,35.76613u
,,476.64k,37.44681u
,,476.66k,38.17276u
,,476.68k,40.15864u
,,476.7k,41.66648u
,,476.72k,38.50698u
,,476.74k,34.35544u
,,476.76k,35.28881u
,,476.78k,35.49124u
,,476.8k,31.30507u
,,476.82k,28.68619u
,,476.84k,28.49656u
,,476.86k,29.75998u
,,476.88k,33.01536u
,,476.9k,35.93327u
,,476.92k,34.54876u
,,476.94k,32.96851u
,,476.96k,35.14712u
,,476.98k,36.50781u
,,477k,37.0691u
,,477.02k,40.15472u
,,477.04k,41.06583u
,,477.06k,37.48231u
,,477.08k,36.90112u
,,477.1k,39.26462u
,,477.12k,37.67978u
,,477.14k,35.90588u
,,477.16k,36.82734u
,,477.18k,35.39735u
,,477.2k,33.37383u
,,477.22k,37.21859u
,,477.24k,43.67727u
,,477.26k,45.15621u
,,477.28k,42.88052u
,,477.3k,40.07609u
,,477.32k,36.16144u
,,477.34k,33.02969u
,,477.36k,35.1441u
,,477.38k,37.35462u
,,477.4k,33.79865u
,,477.42k,30.38404u
,,477.44k,33.29227u
,,477.46k,39.64315u
,,477.48k,43.50933u
,,477.5k,44.153u
,,477.52k,44.52188u
,,477.54k,41.23737u
,,477.56k,36.44237u
,,477.58k,35.01828u
,,477.6k,36.60181u
,,477.62k,37.957u
,,477.64k,38.72527u
,,477.66k,39.86675u
,,477.68k,41.13718u
,,477.7k,43.79232u
,,477.72k,45.07294u
,,477.74k,42.0839u
,,477.76k,40.21127u
,,477.78k,42.34307u
,,477.8k,43.82081u
,,477.82k,42.80724u
,,477.84k,41.41855u
,,477.86k,38.14466u
,,477.88k,31.10093u
,,477.9k,25.17995u
,,477.92k,25.78391u
,,477.94k,32.45741u
,,477.96k,41.75063u
,,477.98k,48.56851u
,,478k,51.71786u
,,478.02k,49.60843u
,,478.04k,43.88735u
,,478.06k,40.52832u
,,478.08k,40.65642u
,,478.1k,42.66739u
,,478.12k,44.55006u
,,478.14k,42.51846u
,,478.16k,39.58993u
,,478.18k,39.07527u
,,478.2k,39.3537u
,,478.22k,38.90608u
,,478.24k,38.6078u
,,478.26k,39.99468u
,,478.28k,42.09569u
,,478.3k,42.43415u
,,478.32k,40.18022u
,,478.34k,37.72393u
,,478.36k,39.123u
,,478.38k,42.30776u
,,478.4k,43.93288u
,,478.42k,44.30632u
,,478.44k,43.96398u
,,478.46k,43.1811u
,,478.48k,42.90223u
,,478.5k,42.41586u
,,478.52k,41.10952u
,,478.54k,41.67736u
,,478.56k,40.62477u
,,478.58k,37.99729u
,,478.6k,38.20819u
,,478.62k,39.68921u
,,478.64k,41.2265u
,,478.66k,41.42907u
,,478.68k,38.04779u
,,478.7k,36.74658u
,,478.72k,38.87004u
,,478.74k,40.91909u
,,478.76k,42.93384u
,,478.78k,43.43079u
,,478.8k,43.9986u
,,478.82k,46.96665u
,,478.84k,50.65328u
,,478.86k,52.55492u
,,478.88k,51.67459u
,,478.9k,49.74175u
,,478.92k,47.08598u
,,478.94k,44.88414u
,,478.96k,45.30161u
,,478.98k,47.01733u
,,479k,47.92492u
,,479.02k,48.87576u
,,479.04k,49.26741u
,,479.06k,48.37304u
,,479.08k,48.85647u
,,479.1k,52.03065u
,,479.12k,54.23423u
,,479.14k,53.23331u
,,479.16k,52.4952u
,,479.18k,51.70957u
,,479.2k,48.57583u
,,479.22k,45.50233u
,,479.24k,44.97975u
,,479.26k,47.02347u
,,479.28k,49.39382u
,,479.3k,50.11258u
,,479.32k,50.42598u
,,479.34k,51.04649u
,,479.36k,51.24478u
,,479.38k,51.63314u
,,479.4k,54.81474u
,,479.42k,58.43944u
,,479.44k,57.29134u
,,479.46k,55.24194u
,,479.48k,56.28487u
,,479.5k,56.88364u
,,479.52k,54.80979u
,,479.54k,52.03331u
,,479.56k,51.09208u
,,479.58k,51.99497u
,,479.6k,51.9723u
,,479.62k,49.73946u
,,479.64k,48.4988u
,,479.66k,49.21097u
,,479.68k,48.11338u
,,479.7k,45.01866u
,,479.72k,46.67029u
,,479.74k,51.01054u
,,479.76k,50.22359u
,,479.78k,47.26294u
,,479.8k,46.29772u
,,479.82k,46.60748u
,,479.84k,45.86624u
,,479.86k,44.18115u
,,479.88k,44.33739u
,,479.9k,48.43739u
,,479.92k,54.18511u
,,479.94k,56.98935u
,,479.96k,56.48047u
,,479.98k,55.57351u
,,480k,54.0851u
,,480.02k,53.12975u
,,480.04k,52.59813u
,,480.06k,50.51801u
,,480.08k,52.00249u
,,480.1k,56.78692u
,,480.12k,59.69764u
,,480.14k,60.68082u
,,480.16k,59.70677u
,,480.18k,56.01779u
,,480.2k,51.75726u
,,480.22k,51.53388u
,,480.24k,53.2124u
,,480.26k,51.45301u
,,480.28k,47.35604u
,,480.3k,45.60838u
,,480.32k,45.04348u
,,480.34k,42.84402u
,,480.36k,43.10845u
,,480.38k,45.41438u
,,480.4k,45.17596u
,,480.42k,46.03482u
,,480.44k,47.72501u
,,480.46k,47.03157u
,,480.48k,46.92171u
,,480.5k,48.26832u
,,480.52k,50.33786u
,,480.54k,52.50528u
,,480.56k,52.01372u
,,480.58k,49.82482u
,,480.6k,48.88526u
,,480.62k,47.75036u
,,480.64k,45.6649u
,,480.66k,45.64955u
,,480.68k,48.67116u
,,480.7k,50.94117u
,,480.72k,51.54553u
,,480.74k,53.0934u
,,480.76k,54.38754u
,,480.78k,54.33514u
,,480.8k,53.13024u
,,480.82k,51.02074u
,,480.84k,49.92745u
,,480.86k,50.4502u
,,480.88k,51.63956u
,,480.9k,52.90498u
,,480.92k,52.19883u
,,480.94k,48.90754u
,,480.96k,44.83395u
,,480.98k,42.70088u
,,481k,42.18443u
,,481.02k,40.3412u
,,481.04k,38.46196u
,,481.06k,41.04055u
,,481.08k,43.32339u
,,481.1k,40.51002u
,,481.12k,38.52127u
,,481.14k,40.2383u
,,481.16k,41.70238u
,,481.18k,40.93328u
,,481.2k,41.0327u
,,481.22k,42.75883u
,,481.24k,44.50846u
,,481.26k,46.2997u
,,481.28k,45.40229u
,,481.3k,39.72442u
,,481.32k,32.8077u
,,481.34k,32.54041u
,,481.36k,38.52032u
,,481.38k,41.39053u
,,481.4k,41.53279u
,,481.42k,42.7004u
,,481.44k,41.81323u
,,481.46k,40.94291u
,,481.48k,43.12897u
,,481.5k,44.18329u
,,481.52k,43.59855u
,,481.54k,44.12595u
,,481.56k,42.28948u
,,481.58k,39.15007u
,,481.6k,39.02574u
,,481.62k,37.59089u
,,481.64k,33.52228u
,,481.66k,31.92192u
,,481.68k,31.79269u
,,481.7k,30.26575u
,,481.72k,31.92147u
,,481.74k,37.49649u
,,481.76k,38.19056u
,,481.78k,32.475u
,,481.8k,31.16918u
,,481.82k,35.76559u
,,481.84k,36.80908u
,,481.86k,36.17556u
,,481.88k,36.8164u
,,481.9k,36.04241u
,,481.92k,36.68774u
,,481.94k,39.02251u
,,481.96k,39.05859u
,,481.98k,40.42249u
,,482k,41.22702u
,,482.02k,36.61404u
,,482.04k,31.42829u
,,482.06k,31.41534u
,,482.08k,36.99647u
,,482.1k,42.65851u
,,482.12k,42.54928u
,,482.14k,39.19317u
,,482.16k,35.48265u
,,482.18k,33.45624u
,,482.2k,34.16556u
,,482.22k,35.10518u
,,482.24k,34.33786u
,,482.26k,30.52999u
,,482.28k,27.60217u
,,482.3k,28.60713u
,,482.32k,30.65237u
,,482.34k,32.47494u
,,482.36k,34.06015u
,,482.38k,34.89478u
,,482.4k,35.1749u
,,482.42k,34.56158u
,,482.44k,34.87943u
,,482.46k,36.83196u
,,482.48k,37.57812u
,,482.5k,35.55296u
,,482.52k,32.31521u
,,482.54k,29.80554u
,,482.56k,29.16407u
,,482.58k,29.17267u
,,482.6k,28.16174u
,,482.62k,28.36976u
,,482.64k,29.57604u
,,482.66k,30.26806u
,,482.68k,31.86963u
,,482.7k,32.84913u
,,482.72k,32.05125u
,,482.74k,31.98765u
,,482.76k,30.38057u
,,482.78k,29.61231u
,,482.8k,33.45582u
,,482.82k,35.72812u
,,482.84k,33.5357u
,,482.86k,32.11505u
,,482.88k,31.6728u
,,482.9k,34.00794u
,,482.92k,40.44864u
,,482.94k,41.19766u
,,482.96k,35.5707u
,,482.98k,33.52429u
,,483k,35.67232u
,,483.02k,37.0702u
,,483.04k,36.12698u
,,483.06k,33.10756u
,,483.08k,32.23452u
,,483.1k,32.11755u
,,483.12k,28.97953u
,,483.14k,30.33793u
,,483.16k,35.03641u
,,483.18k,36.40294u
,,483.2k,35.87829u
,,483.22k,34.55295u
,,483.24k,33.48521u
,,483.26k,34.68415u
,,483.28k,35.25688u
,,483.3k,35.40892u
,,483.32k,36.24916u
,,483.34k,35.49981u
,,483.36k,34.18656u
,,483.38k,32.43081u
,,483.4k,30.78476u
,,483.42k,32.02214u
,,483.44k,32.6964u
,,483.46k,29.07965u
,,483.48k,25.92764u
,,483.5k,26.93079u
,,483.52k,28.03707u
,,483.54k,27.20107u
,,483.56k,27.30571u
,,483.58k,27.74509u
,,483.6k,30.06065u
,,483.62k,36.47175u
,,483.64k,40.16163u
,,483.66k,39.99529u
,,483.68k,39.85349u
,,483.7k,37.89715u
,,483.72k,33.5967u
,,483.74k,31.56576u
,,483.76k,33.14236u
,,483.78k,35.3098u
,,483.8k,34.07765u
,,483.82k,32.4212u
,,483.84k,32.08825u
,,483.86k,31.18561u
,,483.88k,30.27268u
,,483.9k,29.73476u
,,483.92k,29.42776u
,,483.94k,28.68293u
,,483.96k,28.47576u
,,483.98k,30.02456u
,,484k,31.75685u
,,484.02k,32.66921u
,,484.04k,36.15384u
,,484.06k,40.82213u
,,484.08k,41.94027u
,,484.1k,40.68516u
,,484.12k,38.97805u
,,484.14k,36.86789u
,,484.16k,34.40909u
,,484.18k,31.13784u
,,484.2k,28.55427u
,,484.22k,28.88453u
,,484.24k,33.1641u
,,484.26k,37.79945u
,,484.28k,36.88757u
,,484.3k,34.08989u
,,484.32k,34.98717u
,,484.34k,36.29482u
,,484.36k,33.59614u
,,484.38k,29.74936u
,,484.4k,31.42723u
,,484.42k,39.25528u
,,484.44k,43.28456u
,,484.46k,41.45786u
,,484.48k,38.67489u
,,484.5k,37.82043u
,,484.52k,40.33487u
,,484.54k,42.27582u
,,484.56k,40.6577u
,,484.58k,38.17288u
,,484.6k,34.9051u
,,484.62k,31.78248u
,,484.64k,31.88972u
,,484.66k,34.3611u
,,484.68k,37.51332u
,,484.7k,39.1651u
,,484.72k,37.80761u
,,484.74k,34.29231u
,,484.76k,31.46828u
,,484.78k,32.20927u
,,484.8k,36.91232u
,,484.82k,41.68435u
,,484.84k,40.93923u
,,484.86k,37.514u
,,484.88k,37.97775u
,,484.9k,38.65979u
,,484.92k,32.99278u
,,484.94k,25.39167u
,,484.96k,24.06173u
,,484.98k,27.36244u
,,485k,30.89211u
,,485.02k,34.09019u
,,485.04k,37.35679u
,,485.06k,40.62191u
,,485.08k,42.97002u
,,485.1k,46.24171u
,,485.12k,48.87822u
,,485.14k,47.45289u
,,485.16k,43.36432u
,,485.18k,39.46728u
,,485.2k,38.18607u
,,485.22k,38.89365u
,,485.24k,37.42515u
,,485.26k,35.4722u
,,485.28k,36.30162u
,,485.3k,38.70592u
,,485.32k,41.4663u
,,485.34k,45.47545u
,,485.36k,49.12689u
,,485.38k,48.94992u
,,485.4k,45.10985u
,,485.42k,39.90771u
,,485.44k,36.76292u
,,485.46k,37.35925u
,,485.48k,40.41911u
,,485.5k,46.1158u
,,485.52k,52.09696u
,,485.54k,53.46522u
,,485.56k,49.44533u
,,485.58k,45.48869u
,,485.6k,45.28026u
,,485.62k,48.09514u
,,485.64k,51.71316u
,,485.66k,53.91962u
,,485.68k,54.24893u
,,485.7k,52.91468u
,,485.72k,50.72165u
,,485.74k,49.61531u
,,485.76k,49.26086u
,,485.78k,47.7553u
,,485.8k,47.9866u
,,485.82k,52.27119u
,,485.84k,55.05111u
,,485.86k,52.48294u
,,485.88k,48.77006u
,,485.9k,49.98559u
,,485.92k,54.23351u
,,485.94k,56.72125u
,,485.96k,58.96928u
,,485.98k,60.91531u
,,486k,59.71968u
,,486.02k,56.53546u
,,486.04k,54.14928u
,,486.06k,51.11149u
,,486.08k,50.4688u
,,486.1k,55.38091u
,,486.12k,59.82806u
,,486.14k,62.27189u
,,486.16k,62.74778u
,,486.18k,63.38616u
,,486.2k,67.47915u
,,486.22k,69.45442u
,,486.24k,69.1758u
,,486.26k,68.18979u
,,486.28k,64.07918u
,,486.3k,60.60615u
,,486.32k,61.12062u
,,486.34k,61.55401u
,,486.36k,61.85352u
,,486.38k,63.48027u
,,486.4k,64.82507u
,,486.42k,66.68708u
,,486.44k,66.58073u
,,486.46k,65.41104u
,,486.48k,64.35008u
,,486.5k,60.91368u
,,486.52k,57.12767u
,,486.54k,56.31253u
,,486.56k,59.66871u
,,486.58k,65.74635u
,,486.6k,70.13575u
,,486.62k,69.67239u
,,486.64k,66.82992u
,,486.66k,65.93776u
,,486.68k,67.28822u
,,486.7k,67.6065u
,,486.72k,66.07434u
,,486.74k,63.87735u
,,486.76k,63.54153u
,,486.78k,66.29648u
,,486.8k,69.56565u
,,486.82k,72.06699u
,,486.84k,73.83907u
,,486.86k,74.34617u
,,486.88k,73.30694u
,,486.9k,69.06543u
,,486.92k,65.30254u
,,486.94k,65.55977u
,,486.96k,65.97188u
,,486.98k,66.31216u
,,487k,66.12897u
,,487.02k,64.98859u
,,487.04k,66.08077u
,,487.06k,66.51644u
,,487.08k,64.23102u
,,487.1k,64.9332u
,,487.12k,68.46066u
,,487.14k,69.64191u
,,487.16k,68.59714u
,,487.18k,66.91159u
,,487.2k,64.48672u
,,487.22k,62.05196u
,,487.24k,62.007u
,,487.26k,64.995u
,,487.28k,66.93443u
,,487.3k,65.74205u
,,487.32k,65.77911u
,,487.34k,66.68668u
,,487.36k,63.87644u
,,487.38k,59.50322u
,,487.4k,57.52261u
,,487.42k,58.65722u
,,487.44k,61.10243u
,,487.46k,61.13554u
,,487.48k,57.81184u
,,487.5k,52.7139u
,,487.52k,49.97834u
,,487.54k,53.27546u
,,487.56k,57.85129u
,,487.58k,59.21367u
,,487.6k,60.58781u
,,487.62k,64.86544u
,,487.64k,69.77324u
,,487.66k,70.25099u
,,487.68k,66.20826u
,,487.7k,63.25356u
,,487.72k,62.02448u
,,487.74k,59.22702u
,,487.76k,56.6548u
,,487.78k,57.93427u
,,487.8k,60.35615u
,,487.82k,59.68574u
,,487.84k,57.19124u
,,487.86k,55.71552u
,,487.88k,56.83735u
,,487.9k,57.35945u
,,487.92k,54.49364u
,,487.94k,52.00173u
,,487.96k,53.57922u
,,487.98k,54.37277u
,,488k,50.24744u
,,488.02k,48.67012u
,,488.04k,51.06286u
,,488.06k,50.96401u
,,488.08k,49.02561u
,,488.1k,47.99204u
,,488.12k,49.96692u
,,488.14k,52.01873u
,,488.16k,51.43827u
,,488.18k,52.9022u
,,488.2k,54.09623u
,,488.22k,49.53388u
,,488.24k,45.62779u
,,488.26k,48.99811u
,,488.28k,54.44126u
,,488.3k,56.47753u
,,488.32k,56.62792u
,,488.34k,54.16843u
,,488.36k,49.94143u
,,488.38k,46.84314u
,,488.4k,45.43365u
,,488.42k,45.65036u
,,488.44k,45.50509u
,,488.46k,45.78578u
,,488.48k,46.08332u
,,488.5k,45.65404u
,,488.52k,45.66014u
,,488.54k,46.62748u
,,488.56k,47.37579u
,,488.58k,46.89781u
,,488.6k,48.12988u
,,488.62k,50.20245u
,,488.64k,48.9076u
,,488.66k,44.99081u
,,488.68k,42.66717u
,,488.7k,43.003u
,,488.72k,42.50657u
,,488.74k,39.36739u
,,488.76k,38.48001u
,,488.78k,40.38785u
,,488.8k,36.37979u
,,488.82k,30.63495u
,,488.84k,36.82179u
,,488.86k,47.74691u
,,488.88k,51.58174u
,,488.9k,50.39856u
,,488.92k,48.87169u
,,488.94k,48.6877u
,,488.96k,48.44841u
,,488.98k,46.00545u
,,489k,42.43476u
,,489.02k,40.9545u
,,489.04k,42.32073u
,,489.06k,42.88018u
,,489.08k,42.87652u
,,489.1k,45.83288u
,,489.12k,49.86835u
,,489.14k,51.53907u
,,489.16k,51.1686u
,,489.18k,50.17512u
,,489.2k,46.86624u
,,489.22k,40.53759u
,,489.24k,35.60195u
,,489.26k,37.85619u
,,489.28k,43.59386u
,,489.3k,45.2916u
,,489.32k,43.05596u
,,489.34k,41.74449u
,,489.36k,43.0709u
,,489.38k,43.20323u
,,489.4k,40.47807u
,,489.42k,41.70374u
,,489.44k,48.71004u
,,489.46k,51.76622u
,,489.48k,50.71262u
,,489.5k,50.0859u
,,489.52k,49.02304u
,,489.54k,48.38785u
,,489.56k,50.54337u
,,489.58k,54.85454u
,,489.6k,57.08769u
,,489.62k,57.37025u
,,489.64k,56.86758u
,,489.66k,53.64699u
,,489.68k,51.11357u
,,489.7k,52.38551u
,,489.72k,52.45051u
,,489.74k,49.06129u
,,489.76k,45.48425u
,,489.78k,44.99754u
,,489.8k,46.39214u
,,489.82k,46.32053u
,,489.84k,47.55992u
,,489.86k,49.93346u
,,489.88k,50.30779u
,,489.9k,49.61571u
,,489.92k,49.59223u
,,489.94k,51.32192u
,,489.96k,52.89258u
,,489.98k,54.07184u
,,490k,57.19654u
,,490.02k,59.35843u
,,490.04k,56.96888u
,,490.06k,55.01672u
,,490.08k,56.98678u
,,490.1k,59.6769u
,,490.12k,62.33863u
,,490.14k,63.88072u
,,490.16k,63.57594u
,,490.18k,62.74851u
,,490.2k,61.8731u
,,490.22k,62.93539u
,,490.24k,65.43735u
,,490.26k,66.56302u
,,490.28k,66.4954u
,,490.3k,65.73799u
,,490.32k,63.65433u
,,490.34k,60.86332u
,,490.36k,58.00226u
,,490.38k,56.76609u
,,490.4k,59.95105u
,,490.42k,62.95159u
,,490.44k,62.2u
,,490.46k,62.61968u
,,490.48k,63.71475u
,,490.5k,66.89521u
,,490.52k,74.52698u
,,490.54k,78.91182u
,,490.56k,77.32232u
,,490.58k,73.8489u
,,490.6k,68.91825u
,,490.62k,67.05284u
,,490.64k,71.06873u
,,490.66k,74.2983u
,,490.68k,74.60134u
,,490.7k,74.8925u
,,490.72k,73.54812u
,,490.74k,72.54423u
,,490.76k,75.77151u
,,490.78k,79.58189u
,,490.8k,80.93221u
,,490.82k,78.2244u
,,490.84k,74.68184u
,,490.86k,75.14161u
,,490.88k,75.48034u
,,490.9k,74.61012u
,,490.92k,76.58682u
,,490.94k,80.50491u
,,490.96k,82.42859u
,,490.98k,79.79771u
,,491k,78.93753u
,,491.02k,82.99983u
,,491.04k,83.14975u
,,491.06k,77.12149u
,,491.08k,72.38089u
,,491.1k,73.86842u
,,491.12k,78.39578u
,,491.14k,81.43309u
,,491.16k,81.04454u
,,491.18k,79.18838u
,,491.2k,78.65862u
,,491.22k,78.90604u
,,491.24k,79.86464u
,,491.26k,80.55382u
,,491.28k,80.29384u
,,491.3k,81.06283u
,,491.32k,82.29975u
,,491.34k,80.42302u
,,491.36k,77.44147u
,,491.38k,78.83899u
,,491.4k,84.08049u
,,491.42k,87.55661u
,,491.44k,86.77339u
,,491.46k,86.74356u
,,491.48k,87.88213u
,,491.5k,85.76448u
,,491.52k,84.57254u
,,491.54k,85.74225u
,,491.56k,84.46116u
,,491.58k,83.78368u
,,491.6k,84.52806u
,,491.62k,81.51233u
,,491.64k,77.10272u
,,491.66k,76.75964u
,,491.68k,79.33551u
,,491.7k,80.57211u
,,491.72k,79.49156u
,,491.74k,78.03273u
,,491.76k,77.99216u
,,491.78k,79.36101u
,,491.8k,83.47068u
,,491.82k,90.35754u
,,491.84k,91.51135u
,,491.86k,82.97252u
,,491.88k,75.16908u
,,491.9k,74.90542u
,,491.92k,76.90957u
,,491.94k,77.76619u
,,491.96k,81.47892u
,,491.98k,84.45045u
,,492k,80.95394u
,,492.02k,77.84186u
,,492.04k,79.68616u
,,492.06k,81.44664u
,,492.08k,79.95657u
,,492.1k,79.21574u
,,492.12k,83.12688u
,,492.14k,86.00342u
,,492.16k,84.52416u
,,492.18k,84.38486u
,,492.2k,87.78388u
,,492.22k,89.449u
,,492.24k,86.49261u
,,492.26k,82.38792u
,,492.28k,81.94387u
,,492.3k,84.41967u
,,492.32k,83.95883u
,,492.34k,80.64598u
,,492.36k,80.05027u
,,492.38k,82.74264u
,,492.4k,84.83175u
,,492.42k,84.04585u
,,492.44k,80.37913u
,,492.46k,77.75652u
,,492.48k,79.57444u
,,492.5k,83.45778u
,,492.52k,85.73114u
,,492.54k,85.92602u
,,492.56k,85.09215u
,,492.58k,83.3302u
,,492.6k,80.71214u
,,492.62k,78.51097u
,,492.64k,76.80074u
,,492.66k,78.0656u
,,492.68k,80.6864u
,,492.7k,81.08286u
,,492.72k,80.35847u
,,492.74k,78.7187u
,,492.76k,79.73439u
,,492.78k,84.33372u
,,492.8k,86.44877u
,,492.82k,84.63903u
,,492.84k,81.69628u
,,492.86k,80.3755u
,,492.88k,81.18886u
,,492.9k,81.63983u
,,492.92k,80.4803u
,,492.94k,79.93187u
,,492.96k,80.70948u
,,492.98k,79.92566u
,,493k,78.8581u
,,493.02k,81.01821u
,,493.04k,83.03503u
,,493.06k,80.25302u
,,493.08k,73.9279u
,,493.1k,70.53689u
,,493.12k,70.20609u
,,493.14k,66.52664u
,,493.16k,63.7039u
,,493.18k,67.7603u
,,493.2k,73.64065u
,,493.22k,76.12241u
,,493.24k,75.92614u
,,493.26k,74.12312u
,,493.28k,71.93951u
,,493.3k,69.78925u
,,493.32k,68.23827u
,,493.34k,69.75433u
,,493.36k,72.4168u
,,493.38k,75.10552u
,,493.4k,78.25577u
,,493.42k,80.6604u
,,493.44k,81.60606u
,,493.46k,79.67313u
,,493.48k,76.70251u
,,493.5k,76.50273u
,,493.52k,76.66093u
,,493.54k,74.14184u
,,493.56k,73.04309u
,,493.58k,74.10736u
,,493.6k,71.93673u
,,493.62k,70.96135u
,,493.64k,73.70352u
,,493.66k,73.96528u
,,493.68k,70.5905u
,,493.7k,66.99151u
,,493.72k,66.94342u
,,493.74k,70.03991u
,,493.76k,71.92169u
,,493.78k,72.55979u
,,493.8k,75.27005u
,,493.82k,77.26285u
,,493.84k,74.24788u
,,493.86k,70.82625u
,,493.88k,72.19534u
,,493.9k,74.64372u
,,493.92k,75.12899u
,,493.94k,74.84525u
,,493.96k,73.57919u
,,493.98k,73.65152u
,,494k,76.37132u
,,494.02k,76.65208u
,,494.04k,72.47672u
,,494.06k,71.05459u
,,494.08k,75.5705u
,,494.1k,77.16444u
,,494.12k,74.43174u
,,494.14k,73.32638u
,,494.16k,73.42237u
,,494.18k,73.72622u
,,494.2k,72.05332u
,,494.22k,68.13442u
,,494.24k,66.43753u
,,494.26k,66.27827u
,,494.28k,66.18515u
,,494.3k,67.19241u
,,494.32k,68.78751u
,,494.34k,71.5179u
,,494.36k,72.95266u
,,494.38k,72.31901u
,,494.4k,72.77134u
,,494.42k,73.70627u
,,494.44k,76.02103u
,,494.46k,79.10577u
,,494.48k,79.78133u
,,494.5k,78.7u
,,494.52k,76.1271u
,,494.54k,71.93067u
,,494.56k,69.02382u
,,494.58k,69.32544u
,,494.6k,72.09656u
,,494.62k,75.2873u
,,494.64k,77.30512u
,,494.66k,76.05097u
,,494.68k,72.02973u
,,494.7k,71.76147u
,,494.72k,76.52085u
,,494.74k,80.61708u
,,494.76k,82.40434u
,,494.78k,81.41823u
,,494.8k,77.56233u
,,494.82k,74.89095u
,,494.84k,74.858u
,,494.86k,76.54686u
,,494.88k,78.90389u
,,494.9k,80.52014u
,,494.92k,82.18442u
,,494.94k,84.62913u
,,494.96k,84.53598u
,,494.98k,82.96927u
,,495k,83.20581u
,,495.02k,83.24518u
,,495.04k,78.32015u
,,495.06k,72.1414u
,,495.08k,74.28459u
,,495.1k,78.07155u
,,495.12k,78.44961u
,,495.14k,81.37884u
,,495.16k,84.23523u
,,495.18k,85.566u
,,495.2k,86.06418u
,,495.22k,82.89113u
,,495.24k,80.43766u
,,495.26k,81.85359u
,,495.28k,84.69663u
,,495.3k,88.13272u
,,495.32k,91.50509u
,,495.34k,89.59014u
,,495.36k,81.18664u
,,495.38k,76.91198u
,,495.4k,79.97507u
,,495.42k,83.79775u
,,495.44k,84.46896u
,,495.46k,82.04867u
,,495.48k,81.36196u
,,495.5k,84.5971u
,,495.52k,86.79896u
,,495.54k,86.16369u
,,495.56k,86.4328u
,,495.58k,86.84464u
,,495.6k,87.2862u
,,495.62k,87.10985u
,,495.64k,86.09463u
,,495.66k,87.55278u
,,495.68k,89.35439u
,,495.7k,88.28935u
,,495.72k,86.02583u
,,495.74k,85.17317u
,,495.76k,89.18704u
,,495.78k,95.0288u
,,495.8k,95.8831u
,,495.82k,91.92179u
,,495.84k,86.10994u
,,495.86k,83.01738u
,,495.88k,83.97897u
,,495.9k,84.64309u
,,495.92k,85.19715u
,,495.94k,88.85545u
,,495.96k,89.76916u
,,495.98k,86.53997u
,,496k,86.68069u
,,496.02k,91.0385u
,,496.04k,96.89573u
,,496.06k,101.3189u
,,496.08k,101.8438u
,,496.1k,100.0249u
,,496.12k,97.07369u
,,496.14k,94.17891u
,,496.16k,95.082u
,,496.18k,97.96434u
,,496.2k,98.97472u
,,496.22k,97.74303u
,,496.24k,96.06502u
,,496.26k,95.48994u
,,496.28k,95.23561u
,,496.3k,96.10324u
,,496.32k,97.11987u
,,496.34k,98.2976u
,,496.36k,98.3394u
,,496.38k,96.80752u
,,496.4k,99.00381u
,,496.42k,101.0699u
,,496.44k,97.87496u
,,496.46k,94.21755u
,,496.48k,93.44919u
,,496.5k,95.09876u
,,496.52k,95.7811u
,,496.54k,93.99369u
,,496.56k,95.44853u
,,496.58k,100.3967u
,,496.6k,103.0511u
,,496.62k,103.1681u
,,496.64k,103.8277u
,,496.66k,105.1379u
,,496.68k,104.4713u
,,496.7k,104.3761u
,,496.72k,106.8718u
,,496.74k,108.5677u
,,496.76k,108.5561u
,,496.78k,108.7338u
,,496.8k,107.9553u
,,496.82k,102.691u
,,496.84k,99.50755u
,,496.86k,103.0191u
,,496.88k,104.7576u
,,496.9k,103.9034u
,,496.92k,103.076u
,,496.94k,100.2175u
,,496.96k,98.67666u
,,496.98k,99.69414u
,,497k,100.2044u
,,497.02k,101.7066u
,,497.04k,105.1869u
,,497.06k,106.1144u
,,497.08k,103.1028u
,,497.1k,100.6637u
,,497.12k,98.97705u
,,497.14k,97.25603u
,,497.16k,97.36501u
,,497.18k,98.20831u
,,497.2k,98.04725u
,,497.22k,97.08126u
,,497.24k,94.33602u
,,497.26k,91.85674u
,,497.28k,94.06348u
,,497.3k,99.16885u
,,497.32k,101.2068u
,,497.34k,97.61026u
,,497.36k,92.62394u
,,497.38k,90.69398u
,,497.4k,90.8741u
,,497.42k,90.5547u
,,497.44k,88.7973u
,,497.46k,88.95985u
,,497.48k,94.63202u
,,497.5k,99.71421u
,,497.52k,100.2077u
,,497.54k,101.1355u
,,497.56k,105.3479u
,,497.58k,109.551u
,,497.6k,109.3963u
,,497.62k,106.042u
,,497.64k,99.78058u
,,497.66k,91.17488u
,,497.68k,87.6285u
,,497.7k,90.26832u
,,497.72k,93.65029u
,,497.74k,94.85148u
,,497.76k,93.88933u
,,497.78k,94.82552u
,,497.8k,98.97718u
,,497.82k,100.8346u
,,497.84k,97.10036u
,,497.86k,91.57275u
,,497.88k,89.79861u
,,497.9k,92.98124u
,,497.92k,95.77433u
,,497.94k,94.96981u
,,497.96k,94.94201u
,,497.98k,95.52257u
,,498k,94.23816u
,,498.02k,92.32148u
,,498.04k,88.5493u
,,498.06k,85.33203u
,,498.08k,87.55763u
,,498.1k,92.4024u
,,498.12k,92.42675u
,,498.14k,89.45747u
,,498.16k,88.00084u
,,498.18k,88.5519u
,,498.2k,90.24043u
,,498.22k,92.50109u
,,498.24k,96.91454u
,,498.26k,100.6421u
,,498.28k,98.89891u
,,498.3k,92.80734u
,,498.32k,88.26011u
,,498.34k,85.65864u
,,498.36k,83.22362u
,,498.38k,83.55091u
,,498.4k,85.67608u
,,498.42k,86.92541u
,,498.44k,87.2196u
,,498.46k,85.19966u
,,498.48k,81.63729u
,,498.5k,79.99007u
,,498.52k,78.15003u
,,498.54k,75.50729u
,,498.56k,75.2857u
,,498.58k,76.05496u
,,498.6k,76.41124u
,,498.62k,79.1831u
,,498.64k,84.62016u
,,498.66k,88.70963u
,,498.68k,90.21982u
,,498.7k,88.23388u
,,498.72k,82.47016u
,,498.74k,77.91134u
,,498.76k,79.07105u
,,498.78k,82.40332u
,,498.8k,83.71936u
,,498.82k,85.03738u
,,498.84k,86.74215u
,,498.86k,86.92359u
,,498.88k,86.19307u
,,498.9k,84.93528u
,,498.92k,81.08877u
,,498.94k,75.2479u
,,498.96k,73.86086u
,,498.98k,78.70807u
,,499k,83.52802u
,,499.02k,84.16769u
,,499.04k,84.61228u
,,499.06k,85.93146u
,,499.08k,84.08406u
,,499.1k,80.89043u
,,499.12k,80.18455u
,,499.14k,81.03993u
,,499.16k,80.12321u
,,499.18k,77.70087u
,,499.2k,77.57807u
,,499.22k,78.56462u
,,499.24k,78.59915u
,,499.26k,79.70278u
,,499.28k,81.89617u
,,499.3k,83.11724u
,,499.32k,82.87401u
,,499.34k,79.7828u
,,499.36k,76.5998u
,,499.38k,76.96345u
,,499.4k,76.80788u
,,499.42k,74.62096u
,,499.44k,72.39457u
,,499.46k,71.5083u
,,499.48k,73.30724u
,,499.5k,75.1548u
,,499.52k,74.07096u
,,499.54k,72.45085u
,,499.56k,72.27819u
,,499.58k,71.37605u
,,499.6k,70.24718u
,,499.62k,70.09316u
,,499.64k,68.93295u
,,499.66k,68.09072u
,,499.68k,69.9949u
,,499.7k,70.02347u
,,499.72k,66.13484u
,,499.74k,64.71435u
,,499.76k,68.74086u
,,499.78k,72.9171u
,,499.8k,72.82134u
,,499.82k,69.89037u
,,499.84k,69.38444u
,,499.86k,72.24384u
,,499.88k,72.98666u
,,499.9k,70.60786u
,,499.92k,67.91236u
,,499.94k,67.97363u
,,499.96k,69.50907u
,,499.98k,66.18905u
,,500k,60.85041u
,,500.02k,59.87194u
,,500.04k,62.0984u
,,500.06k,64.44171u
,,500.08k,66.21742u
,,500.1k,68.53519u
,,500.12k,71.27781u
,,500.14k,72.0796u
,,500.16k,70.17534u
,,500.18k,67.13102u
,,500.2k,63.78129u
,,500.22k,61.73565u
,,500.24k,63.59706u
,,500.26k,68.09079u
,,500.28k,71.56624u
,,500.3k,70.87518u
,,500.32k,66.40068u
,,500.34k,62.28541u
,,500.36k,60.79574u
,,500.38k,61.53986u
,,500.4k,62.57505u
,,500.42k,62.1703u
,,500.44k,61.59411u
,,500.46k,60.49887u
,,500.48k,57.93632u
,,500.5k,56.45926u
,,500.52k,57.56492u
,,500.54k,60.95081u
,,500.56k,63.76428u
,,500.58k,62.49547u
,,500.6k,61.5076u
,,500.62k,62.55258u
,,500.64k,61.21896u
,,500.66k,59.1381u
,,500.68k,60.28804u
,,500.7k,61.36003u
,,500.72k,60.64591u
,,500.74k,59.53622u
,,500.76k,56.31341u
,,500.78k,53.69748u
,,500.8k,56.14845u
,,500.82k,60.84413u
,,500.84k,61.77155u
,,500.86k,60.57285u
,,500.88k,62.21923u
,,500.9k,63.82415u
,,500.92k,62.65432u
,,500.94k,60.16496u
,,500.96k,58.63576u
,,500.98k,58.59746u
,,501k,60.80997u
,,501.02k,62.86692u
,,501.04k,62.16766u
,,501.06k,62.52075u
,,501.08k,63.88654u
,,501.1k,61.91833u
,,501.12k,57.09494u
,,501.14k,52.84395u
,,501.16k,51.24587u
,,501.18k,51.73584u
,,501.2k,54.30547u
,,501.22k,59.61926u
,,501.24k,63.21624u
,,501.26k,62.89671u
,,501.28k,61.40847u
,,501.3k,59.4472u
,,501.32k,58.54024u
,,501.34k,59.95853u
,,501.36k,61.78811u
,,501.38k,62.94426u
,,501.4k,63.16397u
,,501.42k,61.2371u
,,501.44k,57.60518u
,,501.46k,54.91033u
,,501.48k,54.58545u
,,501.5k,55.08515u
,,501.52k,55.774u
,,501.54k,57.89875u
,,501.56k,58.59921u
,,501.58k,57.25343u
,,501.6k,59.36988u
,,501.62k,62.30806u
,,501.64k,61.20225u
,,501.66k,60.77481u
,,501.68k,62.46608u
,,501.7k,63.49628u
,,501.72k,63.70621u
,,501.74k,62.75645u
,,501.76k,61.0485u
,,501.78k,58.77404u
,,501.8k,57.86068u
,,501.82k,61.58528u
,,501.84k,66.74741u
,,501.86k,69.54415u
,,501.88k,69.65694u
,,501.9k,66.40695u
,,501.92k,62.54251u
,,501.94k,60.58374u
,,501.96k,59.27358u
,,501.98k,59.35986u
,,502k,61.50883u
,,502.02k,64.87524u
,,502.04k,67.27666u
,,502.06k,66.45499u
,,502.08k,63.97166u
,,502.1k,63.11901u
,,502.12k,64.60081u
,,502.14k,66.71676u
,,502.16k,69.40376u
,,502.18k,72.00866u
,,502.2k,72.69986u
,,502.22k,69.87238u
,,502.24k,64.74527u
,,502.26k,63.85346u
,,502.28k,66.2638u
,,502.3k,68.29713u
,,502.32k,73.26578u
,,502.34k,77.68289u
,,502.36k,76.88229u
,,502.38k,74.7024u
,,502.4k,72.50666u
,,502.42k,70.58973u
,,502.44k,70.53893u
,,502.46k,70.48459u
,,502.48k,69.28453u
,,502.5k,70.20292u
,,502.52k,73.79533u
,,502.54k,76.3016u
,,502.56k,77.37089u
,,502.58k,76.78278u
,,502.6k,74.59354u
,,502.62k,72.15142u
,,502.64k,70.63164u
,,502.66k,70.07474u
,,502.68k,69.51907u
,,502.7k,70.39494u
,,502.72k,72.81911u
,,502.74k,74.98098u
,,502.76k,75.75789u
,,502.78k,72.37843u
,,502.8k,68.32329u
,,502.82k,69.4018u
,,502.84k,70.73348u
,,502.86k,67.29291u
,,502.88k,64.78818u
,,502.9k,67.31287u
,,502.92k,70.44058u
,,502.94k,70.25884u
,,502.96k,68.49115u
,,502.98k,67.26085u
,,503k,66.79313u
,,503.02k,66.33471u
,,503.04k,67.7955u
,,503.06k,71.57757u
,,503.08k,73.46365u
,,503.1k,71.63058u
,,503.12k,68.20187u
,,503.14k,66.07557u
,,503.16k,66.33035u
,,503.18k,67.29858u
,,503.2k,68.13706u
,,503.22k,70.05563u
,,503.24k,71.60431u
,,503.26k,70.87369u
,,503.28k,71.14556u
,,503.3k,75.72223u
,,503.32k,79.31898u
,,503.34k,76.52751u
,,503.36k,69.84767u
,,503.38k,64.94217u
,,503.4k,62.96599u
,,503.42k,62.09496u
,,503.44k,61.75942u
,,503.46k,60.64785u
,,503.48k,58.18052u
,,503.5k,57.0911u
,,503.52k,59.54334u
,,503.54k,62.46221u
,,503.56k,62.63295u
,,503.58k,62.07538u
,,503.6k,63.47462u
,,503.62k,65.66678u
,,503.64k,65.86021u
,,503.66k,65.17502u
,,503.68k,65.25535u
,,503.7k,63.59055u
,,503.72k,59.58716u
,,503.74k,56.42981u
,,503.76k,54.57244u
,,503.78k,54.56446u
,,503.8k,55.28766u
,,503.82k,56.69001u
,,503.84k,56.81353u
,,503.86k,53.15968u
,,503.88k,52.21526u
,,503.9k,54.87073u
,,503.92k,57.12971u
,,503.94k,58.76168u
,,503.96k,58.21342u
,,503.98k,56.29788u
,,504k,55.50742u
,,504.02k,56.26244u
,,504.04k,57.59311u
,,504.06k,57.86433u
,,504.08k,56.4895u
,,504.1k,55.39687u
,,504.12k,54.11928u
,,504.14k,50.91823u
,,504.16k,47.75546u
,,504.18k,45.78951u
,,504.2k,46.44101u
,,504.22k,49.86789u
,,504.24k,52.25458u
,,504.26k,52.93392u
,,504.28k,53.40946u
,,504.3k,52.70755u
,,504.32k,53.30721u
,,504.34k,56.2322u
,,504.36k,57.37419u
,,504.38k,55.50856u
,,504.4k,51.54318u
,,504.42k,49.63129u
,,504.44k,52.22301u
,,504.46k,52.59482u
,,504.48k,48.64039u
,,504.5k,48.18667u
,,504.52k,51.53945u
,,504.54k,51.12611u
,,504.56k,50.04495u
,,504.58k,53.92431u
,,504.6k,56.40455u
,,504.62k,52.15578u
,,504.64k,46.49062u
,,504.66k,44.62654u
,,504.68k,46.58754u
,,504.7k,49.72497u
,,504.72k,48.98019u
,,504.74k,46.79851u
,,504.76k,47.26717u
,,504.78k,45.66359u
,,504.8k,42.45735u
,,504.82k,44.63322u
,,504.84k,51.40618u
,,504.86k,55.51108u
,,504.88k,56.45918u
,,504.9k,55.27187u
,,504.92k,51.24662u
,,504.94k,49.1323u
,,504.96k,49.73815u
,,504.98k,49.50532u
,,505k,51.30582u
,,505.02k,55.02694u
,,505.04k,56.67715u
,,505.06k,55.90637u
,,505.08k,56.4198u
,,505.1k,58.33998u
,,505.12k,57.0833u
,,505.14k,52.57964u
,,505.16k,49.34465u
,,505.18k,50.20106u
,,505.2k,52.50469u
,,505.22k,54.58774u
,,505.24k,56.02919u
,,505.26k,54.97809u
,,505.28k,52.37709u
,,505.3k,51.79154u
,,505.32k,54.41437u
,,505.34k,56.51419u
,,505.36k,55.97452u
,,505.38k,55.77051u
,,505.4k,55.84623u
,,505.42k,53.70442u
,,505.44k,51.52946u
,,505.46k,51.68363u
,,505.48k,52.6033u
,,505.5k,53.15293u
,,505.52k,53.02976u
,,505.54k,53.49582u
,,505.56k,54.01259u
,,505.58k,54.83185u
,,505.6k,56.65743u
,,505.62k,55.33318u
,,505.64k,51.75154u
,,505.66k,50.80505u
,,505.68k,50.91345u
,,505.7k,51.33202u
,,505.72k,53.20312u
,,505.74k,54.63029u
,,505.76k,54.22491u
,,505.78k,52.72919u
,,505.8k,51.60673u
,,505.82k,51.82905u
,,505.84k,51.11957u
,,505.86k,47.65034u
,,505.88k,45.14908u
,,505.9k,45.80674u
,,505.92k,49.28206u
,,505.94k,53.48621u
,,505.96k,52.33621u
,,505.98k,48.51325u
,,506k,48.35718u
,,506.02k,49.56103u
,,506.04k,50.89526u
,,506.06k,52.35135u
,,506.08k,51.93987u
,,506.1k,51.54544u
,,506.12k,50.98908u
,,506.14k,49.37171u
,,506.16k,48.11089u
,,506.18k,48.18259u
,,506.2k,49.68598u
,,506.22k,51.08639u
,,506.24k,51.24106u
,,506.26k,49.5982u
,,506.28k,48.26947u
,,506.3k,49.37383u
,,506.32k,48.92078u
,,506.34k,44.10001u
,,506.36k,39.90767u
,,506.38k,40.29784u
,,506.4k,43.61045u
,,506.42k,44.39101u
,,506.44k,40.60588u
,,506.46k,38.37613u
,,506.48k,38.57001u
,,506.5k,37.28737u
,,506.52k,37.11474u
,,506.54k,39.5817u
,,506.56k,40.73768u
,,506.58k,38.83748u
,,506.6k,39.24307u
,,506.62k,43.54033u
,,506.64k,44.96486u
,,506.66k,42.06028u
,,506.68k,39.73846u
,,506.7k,38.04943u
,,506.72k,34.83806u
,,506.74k,31.75619u
,,506.76k,30.80517u
,,506.78k,31.44729u
,,506.8k,32.48223u
,,506.82k,33.49169u
,,506.84k,34.00338u
,,506.86k,33.04254u
,,506.88k,30.47311u
,,506.9k,29.33741u
,,506.92k,30.68845u
,,506.94k,32.5199u
,,506.96k,31.38739u
,,506.98k,29.09965u
,,507k,29.54708u
,,507.02k,32.21265u
,,507.04k,33.27919u
,,507.06k,31.37217u
,,507.08k,31.51003u
,,507.1k,32.51806u
,,507.12k,28.49331u
,,507.14k,23.29253u
,,507.16k,21.56881u
,,507.18k,23.61746u
,,507.2k,27.70814u
,,507.22k,29.52421u
,,507.24k,30.23649u
,,507.26k,32.71183u
,,507.28k,33.36528u
,,507.3k,29.78293u
,,507.32k,26.27554u
,,507.34k,27.50204u
,,507.36k,29.4417u
,,507.38k,27.09007u
,,507.4k,24.10463u
,,507.42k,23.04939u
,,507.44k,21.46615u
,,507.46k,17.5245u
,,507.48k,15.2833u
,,507.5k,19.33937u
,,507.52k,26.60233u
,,507.54k,30.41446u
,,507.56k,29.34323u
,,507.58k,26.71925u
,,507.6k,23.6111u
,,507.62k,20.65349u
,,507.64k,20.46665u
,,507.66k,21.23952u
,,507.68k,21.06983u
,,507.7k,19.49312u
,,507.72k,15.92546u
,,507.74k,15.50501u
,,507.76k,18.0274u
,,507.78k,18.73968u
,,507.8k,19.8849u
,,507.82k,21.77517u
,,507.84k,20.26948u
,,507.86k,19.06298u
,,507.88k,19.17029u
,,507.9k,15.51168u
,,507.92k,11.39749u
,,507.94k,11.70001u
,,507.96k,15.81317u
,,507.98k,19.83509u
,,508k,18.75049u
,,508.02k,15.8533u
,,508.04k,16.67709u
,,508.06k,16.67083u
,,508.08k,15.55493u
,,508.1k,17.07714u
,,508.12k,18.86051u
,,508.14k,18.29241u
,,508.16k,15.92554u
,,508.18k,14.90686u
,,508.2k,15.18993u
,,508.22k,14.24603u
,,508.24k,13.70146u
,,508.26k,14.86966u
,,508.28k,16.40283u
,,508.3k,18.09433u
,,508.32k,19.2538u
,,508.34k,17.31009u
,,508.36k,14.56752u
,,508.38k,15.00983u
,,508.4k,16.03037u
,,508.42k,14.70034u
,,508.44k,13.64698u
,,508.46k,14.92535u
,,508.48k,16.82864u
,,508.5k,18.91485u
,,508.52k,21.40502u
,,508.54k,22.34984u
,,508.56k,19.82584u
,,508.58k,16.04446u
,,508.6k,11.161u
,,508.62k,7.349231u
,,508.64k,7.14476u
,,508.66k,10.09684u
,,508.68k,11.56305u
,,508.7k,10.93543u
,,508.72k,13.07218u
,,508.74k,15.10296u
,,508.76k,13.83369u
,,508.78k,8.981501u
,,508.8k,5.676957u
,,508.82k,5.180873u
,,508.84k,6.124539u
,,508.86k,7.74668u
,,508.88k,9.254132u
,,508.9k,11.98255u
,,508.92k,15.74082u
,,508.94k,17.59296u
,,508.96k,18.25244u
,,508.98k,18.04768u
,,509k,14.45424u
,,509.02k,11.53371u
,,509.04k,13.36405u
,,509.06k,16.34775u
,,509.08k,17.616u
,,509.1k,16.75777u
,,509.12k,16.51985u
,,509.14k,17.11536u
,,509.16k,16.28444u
,,509.18k,15.20877u
,,509.2k,14.90182u
,,509.22k,13.67634u
,,509.24k,12.59841u
,,509.26k,10.31494u
,,509.28k,9.744509u
,,509.3k,13.38874u
,,509.32k,14.81742u
,,509.34k,15.90098u
,,509.36k,16.897u
,,509.38k,19.29399u
,,509.4k,22.32095u
,,509.42k,21.31937u
,,509.44k,17.74454u
,,509.46k,14.77687u
,,509.48k,13.1823u
,,509.5k,14.18091u
,,509.52k,14.0876u
,,509.54k,13.83231u
,,509.56k,13.66083u
,,509.58k,12.29112u
,,509.6k,10.50891u
,,509.62k,11.32579u
,,509.64k,13.39631u
,,509.66k,14.87004u
,,509.68k,14.92847u
,,509.7k,14.02633u
,,509.72k,12.13587u
,,509.74k,12.32751u
,,509.76k,16.85333u
,,509.78k,20.58472u
,,509.8k,21.78554u
,,509.82k,22.86737u
,,509.84k,21.99032u
,,509.86k,21.60816u
,,509.88k,21.38061u
,,509.9k,20.86045u
,,509.92k,21.06975u
,,509.94k,19.96848u
,,509.96k,18.41109u
,,509.98k,19.53635u
,,510k,22.78389u
,,510.02k,22.98485u
,,510.04k,20.06181u
,,510.06k,19.18827u
,,510.08k,18.40114u
,,510.1k,16.7094u
,,510.12k,18.36707u
,,510.14k,21.52899u
,,510.16k,21.3156u
,,510.18k,20.65816u
,,510.2k,21.98749u
,,510.22k,23.22531u
,,510.24k,23.10013u
,,510.26k,21.68861u
,,510.28k,19.66211u
,,510.3k,20.56447u
,,510.32k,25.28291u
,,510.34k,27.08389u
,,510.36k,23.62135u
,,510.38k,19.03939u
,,510.4k,15.93453u
,,510.42k,16.96137u
,,510.44k,18.87322u
,,510.46k,19.74749u
,,510.48k,20.19036u
,,510.5k,20.51121u
,,510.52k,20.85872u
,,510.54k,22.63685u
,,510.56k,25.01707u
,,510.58k,25.64136u
,,510.6k,25.77567u
,,510.62k,26.94216u
,,510.64k,26.11631u
,,510.66k,21.60431u
,,510.68k,16.34519u
,,510.7k,16.37816u
,,510.72k,20.74177u
,,510.74k,23.55172u
,,510.76k,23.55453u
,,510.78k,20.7826u
,,510.8k,17.23094u
,,510.82k,15.83896u
,,510.84k,16.31306u
,,510.86k,17.8794u
,,510.88k,16.77865u
,,510.9k,14.60667u
,,510.92k,17.64064u
,,510.94k,22.71231u
,,510.96k,26.17285u
,,510.98k,26.18101u
,,511k,22.12308u
,,511.02k,21.28706u
,,511.04k,26.00564u
,,511.06k,26.87273u
,,511.08k,21.7653u
,,511.1k,17.80779u
,,511.12k,17.96896u
,,511.14k,19.5376u
,,511.16k,20.89053u
,,511.18k,20.20927u
,,511.2k,21.05723u
,,511.22k,23.42637u
,,511.24k,24.48159u
,,511.26k,23.01492u
,,511.28k,21.83871u
,,511.3k,21.32481u
,,511.32k,21.87339u
,,511.34k,23.99493u
,,511.36k,24.63379u
,,511.38k,24.69649u
,,511.4k,24.89601u
,,511.42k,22.75661u
,,511.44k,20.74178u
,,511.46k,19.90529u
,,511.48k,18.59958u
,,511.5k,19.39505u
,,511.52k,21.28395u
,,511.54k,22.69544u
,,511.56k,26.43088u
,,511.58k,28.74579u
,,511.6k,24.92812u
,,511.62k,19.53617u
,,511.64k,17.91529u
,,511.66k,18.14296u
,,511.68k,19.89658u
,,511.7k,24.31891u
,,511.72k,25.59614u
,,511.74k,23.12643u
,,511.76k,20.60067u
,,511.78k,17.55957u
,,511.8k,16.47236u
,,511.82k,19.8514u
,,511.84k,23.17647u
,,511.86k,24.53858u
,,511.88k,24.26399u
,,511.9k,21.72832u
,,511.92k,18.45259u
,,511.94k,15.62126u
,,511.96k,14.29718u
,,511.98k,15.62396u
,,512k,16.71165u
,,512.02k,18.0035u
,,512.04k,19.85467u
,,512.06k,20.16435u
,,512.08k,20.64208u
,,512.1k,18.80768u
,,512.12k,16.44646u
,,512.14k,18.62364u
,,512.16k,21.70195u
,,512.18k,23.60057u
,,512.2k,24.21709u
,,512.22k,22.85856u
,,512.24k,22.00146u
,,512.26k,20.57341u
,,512.28k,18.7799u
,,512.3k,16.88096u
,,512.32k,14.02217u
,,512.34k,14.0439u
,,512.36k,16.56588u
,,512.38k,19.36745u
,,512.4k,21.48078u
,,512.42k,22.25955u
,,512.44k,22.05707u
,,512.46k,20.38334u
,,512.48k,18.65238u
,,512.5k,20.78927u
,,512.52k,24.63753u
,,512.54k,25.4231u
,,512.56k,21.46614u
,,512.58k,18.10473u
,,512.6k,21.6513u
,,512.62k,23.65287u
,,512.64k,19.98896u
,,512.66k,17.87547u
,,512.68k,18.56935u
,,512.7k,20.34372u
,,512.72k,19.36693u
,,512.74k,17.62855u
,,512.76k,18.36804u
,,512.78k,19.07081u
,,512.8k,19.81622u
,,512.82k,20.48615u
,,512.84k,20.98072u
,,512.86k,21.55989u
,,512.88k,20.95913u
,,512.9k,18.33474u
,,512.92k,17.21259u
,,512.94k,20.0918u
,,512.96k,22.04527u
,,512.98k,20.5464u
,,513k,17.52286u
,,513.02k,15.52494u
,,513.04k,17.68529u
,,513.06k,20.71796u
,,513.08k,19.87426u
,,513.1k,17.84967u
,,513.12k,19.79669u
,,513.14k,23.31714u
,,513.16k,21.82565u
,,513.18k,16.70413u
,,513.2k,13.05048u
,,513.22k,12.6156u
,,513.24k,14.28754u
,,513.26k,15.42863u
,,513.28k,15.68245u
,,513.3k,15.28131u
,,513.32k,15.42685u
,,513.34k,15.47244u
,,513.36k,12.79671u
,,513.38k,13.85123u
,,513.4k,17.75254u
,,513.42k,20.07944u
,,513.44k,20.36981u
,,513.46k,20.87848u
,,513.48k,20.71639u
,,513.5k,20.15103u
,,513.52k,19.8587u
,,513.54k,18.60423u
,,513.56k,18.95036u
,,513.58k,22.07142u
,,513.6k,21.68108u
,,513.62k,16.34266u
,,513.64k,15.52745u
,,513.66k,18.72082u
,,513.68k,18.23255u
,,513.7k,16.18875u
,,513.72k,15.4689u
,,513.74k,13.29904u
,,513.76k,11.29564u
,,513.78k,13.73872u
,,513.8k,19.33486u
,,513.82k,23.0684u
,,513.84k,21.81251u
,,513.86k,17.26731u
,,513.88k,13.15731u
,,513.9k,12.83363u
,,513.92k,14.70191u
,,513.94k,17.82814u
,,513.96k,19.51734u
,,513.98k,18.88172u
,,514k,16.63288u
,,514.02k,16.93211u
,,514.04k,21.18934u
,,514.06k,25.00171u
,,514.08k,26.0524u
,,514.1k,24.68137u
,,514.12k,21.66868u
,,514.14k,19.40035u
,,514.16k,18.44416u
,,514.18k,17.08088u
,,514.2k,13.80952u
,,514.22k,13.2845u
,,514.24k,19.14643u
,,514.26k,25.0799u
,,514.28k,25.56105u
,,514.3k,22.16052u
,,514.32k,17.61719u
,,514.34k,15.39534u
,,514.36k,16.40339u
,,514.38k,16.7818u
,,514.4k,16.9285u
,,514.42k,18.70173u
,,514.44k,19.81861u
,,514.46k,19.31843u
,,514.48k,16.2248u
,,514.5k,14.42972u
,,514.52k,17.91649u
,,514.54k,20.38149u
,,514.56k,18.22152u
,,514.58k,15.69487u
,,514.6k,14.60652u
,,514.62k,15.49779u
,,514.64k,17.61128u
,,514.66k,17.9165u
,,514.68k,17.71133u
,,514.7k,18.34058u
,,514.72k,19.60519u
,,514.74k,21.68449u
,,514.76k,22.07366u
,,514.78k,18.69202u
,,514.8k,16.2782u
,,514.82k,16.67518u
,,514.84k,16.78285u
,,514.86k,18.05589u
,,514.88k,19.42238u
,,514.9k,19.91138u
,,514.92k,21.51015u
,,514.94k,22.72201u
,,514.96k,22.08137u
,,514.98k,19.5668u
,,515k,17.21926u
,,515.02k,18.31075u
,,515.04k,19.6271u
,,515.06k,20.2428u
,,515.08k,21.25907u
,,515.1k,20.90669u
,,515.12k,20.37496u
,,515.14k,20.59159u
,,515.16k,19.37195u
,,515.18k,17.40884u
,,515.2k,15.1391u
,,515.22k,14.64741u
,,515.24k,17.74477u
,,515.26k,19.4831u
,,515.28k,17.23025u
,,515.3k,14.54833u
,,515.32k,13.59089u
,,515.34k,18.39188u
,,515.36k,22.3575u
,,515.38k,20.62394u
,,515.4k,15.92142u
,,515.42k,13.45519u
,,515.44k,15.40541u
,,515.46k,18.74153u
,,515.48k,17.97698u
,,515.5k,14.95837u
,,515.52k,14.02435u
,,515.54k,15.27819u
,,515.56k,18.66168u
,,515.58k,23.48135u
,,515.6k,27.25489u
,,515.62k,25.58019u
,,515.64k,20.79466u
,,515.66k,16.46515u
,,515.68k,14.39312u
,,515.7k,14.35004u
,,515.72k,13.4313u
,,515.74k,12.96695u
,,515.76k,15.19896u
,,515.78k,18.79252u
,,515.8k,20.80206u
,,515.82k,20.14624u
,,515.84k,18.54095u
,,515.86k,17.45954u
,,515.88k,17.6251u
,,515.9k,20.49434u
,,515.92k,24.21596u
,,515.94k,24.96478u
,,515.96k,24.54043u
,,515.98k,23.05313u
,,516k,21.41098u
,,516.02k,19.65385u
,,516.04k,15.96855u
,,516.06k,13.69156u
,,516.08k,15.08491u
,,516.1k,16.23852u
,,516.12k,16.24201u
,,516.14k,17.35999u
,,516.16k,19.67755u
,,516.18k,19.21507u
,,516.2k,17.14127u
,,516.22k,16.80183u
,,516.24k,17.00266u
,,516.26k,16.47466u
,,516.28k,17.09531u
,,516.3k,18.74357u
,,516.32k,18.07371u
,,516.34k,15.09195u
,,516.36k,14.60257u
,,516.38k,17.57343u
,,516.4k,18.85663u
,,516.42k,17.65653u
,,516.44k,17.32628u
,,516.46k,19.14454u
,,516.48k,21.37991u
,,516.5k,21.65439u
,,516.52k,20.69288u
,,516.54k,20.15238u
,,516.56k,20.36512u
,,516.58k,20.40106u
,,516.6k,18.64214u
,,516.62k,16.1788u
,,516.64k,15.56879u
,,516.66k,18.59821u
,,516.68k,23.06052u
,,516.7k,24.14703u
,,516.72k,21.74677u
,,516.74k,19.20457u
,,516.76k,17.05945u
,,516.78k,16.65696u
,,516.8k,18.41134u
,,516.82k,21.03371u
,,516.84k,23.28199u
,,516.86k,26.95949u
,,516.88k,29.08352u
,,516.9k,27.12546u
,,516.92k,23.50244u
,,516.94k,21.74677u
,,516.96k,23.97499u
,,516.98k,27.30444u
,,517k,28.46476u
,,517.02k,24.4944u
,,517.04k,20.4423u
,,517.06k,22.03033u
,,517.08k,25.94787u
,,517.1k,27.11204u
,,517.12k,26.11283u
,,517.14k,26.22433u
,,517.16k,26.66065u
,,517.18k,24.98399u
,,517.2k,22.66132u
,,517.22k,23.84541u
,,517.24k,27.39927u
,,517.26k,27.40517u
,,517.28k,23.6332u
,,517.3k,22.35674u
,,517.32k,26.01518u
,,517.34k,29.67587u
,,517.36k,29.3033u
,,517.38k,26.07274u
,,517.4k,23.95015u
,,517.42k,24.75723u
,,517.44k,25.50119u
,,517.46k,24.01061u
,,517.48k,24.02297u
,,517.5k,25.2421u
,,517.52k,25.57306u
,,517.54k,25.97934u
,,517.56k,25.63515u
,,517.58k,25.44895u
,,517.6k,26.12064u
,,517.62k,26.36602u
,,517.64k,27.55291u
,,517.66k,28.11678u
,,517.68k,25.35467u
,,517.7k,21.77869u
,,517.72k,21.69727u
,,517.74k,23.17271u
,,517.76k,22.90658u
,,517.78k,23.49368u
,,517.8k,24.47687u
,,517.82k,24.77991u
,,517.84k,24.98092u
,,517.86k,24.38506u
,,517.88k,24.68371u
,,517.9k,26.31769u
,,517.92k,26.89272u
,,517.94k,24.74665u
,,517.96k,21.73985u
,,517.98k,21.02917u
,,518k,23.19167u
,,518.02k,26.1243u
,,518.04k,28.94811u
,,518.06k,29.50966u
,,518.08k,26.73357u
,,518.1k,23.08883u
,,518.12k,21.59612u
,,518.14k,22.85182u
,,518.16k,25.26031u
,,518.18k,28.11603u
,,518.2k,29.25011u
,,518.22k,26.41043u
,,518.24k,22.44054u
,,518.26k,20.59268u
,,518.28k,21.07047u
,,518.3k,24.02884u
,,518.32k,27.44773u
,,518.34k,28.95656u
,,518.36k,27.71474u
,,518.38k,26.86456u
,,518.4k,27.29385u
,,518.42k,27.00477u
,,518.44k,24.79911u
,,518.46k,21.74342u
,,518.48k,21.99499u
,,518.5k,24.74973u
,,518.52k,26.0734u
,,518.54k,26.01159u
,,518.56k,25.91814u
,,518.58k,25.69796u
,,518.6k,25.62333u
,,518.62k,24.27003u
,,518.64k,21.43092u
,,518.66k,20.6138u
,,518.68k,22.31837u
,,518.7k,24.57275u
,,518.72k,27.11211u
,,518.74k,28.37247u
,,518.76k,27.85897u
,,518.78k,27.07846u
,,518.8k,26.26962u
,,518.82k,23.18289u
,,518.84k,19.70623u
,,518.86k,19.77457u
,,518.88k,20.74863u
,,518.9k,21.93787u
,,518.92k,23.84643u
,,518.94k,23.54902u
,,518.96k,22.52228u
,,518.98k,23.7189u
,,519k,24.60829u
,,519.02k,23.54037u
,,519.04k,20.43886u
,,519.06k,17.52297u
,,519.08k,17.18724u
,,519.1k,17.80835u
,,519.12k,17.06252u
,,519.14k,17.24194u
,,519.16k,20.32618u
,,519.18k,22.84344u
,,519.2k,24.39695u
,,519.22k,26.08364u
,,519.24k,26.90932u
,,519.26k,26.36254u
,,519.28k,22.86173u
,,519.3k,19.55725u
,,519.32k,21.26072u
,,519.34k,24.83033u
,,519.36k,26.62173u
,,519.38k,25.20451u
,,519.4k,21.85771u
,,519.42k,21.45925u
,,519.44k,23.19999u
,,519.46k,22.44744u
,,519.48k,20.95092u
,,519.5k,21.11056u
,,519.52k,20.77237u
,,519.54k,18.02871u
,,519.56k,16.84275u
,,519.58k,18.65134u
,,519.6k,19.04847u
,,519.62k,18.51291u
,,519.64k,18.45188u
,,519.66k,20.19171u
,,519.68k,21.10427u
,,519.7k,20.7591u
,,519.72k,19.54229u
,,519.74k,19.83954u
,,519.76k,23.28916u
,,519.78k,25.86247u
,,519.8k,25.60612u
,,519.82k,24.04591u
,,519.84k,21.71156u
,,519.86k,19.95956u
,,519.88k,19.7691u
,,519.9k,19.6761u
,,519.92k,19.61508u
,,519.94k,19.20068u
,,519.96k,17.19195u
,,519.98k,18.22291u
,,520k,22.04845u
,,520.02k,23.14683u
,,520.04k,20.21952u
,,520.06k,17.31335u
,,520.08k,18.35895u
,,520.1k,20.49286u
,,520.12k,19.59776u
,,520.14k,17.954u
,,520.16k,17.75857u
,,520.18k,17.46956u
,,520.2k,15.99388u
,,520.22k,14.39951u
,,520.24k,14.40442u
,,520.26k,15.99883u
,,520.28k,15.8748u
,,520.3k,14.45034u
,,520.32k,14.78859u
,,520.34k,16.43901u
,,520.36k,18.98823u
,,520.38k,21.01558u
,,520.4k,20.8398u
,,520.42k,20.32941u
,,520.44k,20.543u
,,520.46k,18.84565u
,,520.48k,14.24783u
,,520.5k,12.80177u
,,520.52k,15.0958u
,,520.54k,15.95595u
,,520.56k,14.88618u
,,520.58k,14.55124u
,,520.6k,15.63808u
,,520.62k,15.57544u
,,520.64k,12.87213u
,,520.66k,12.04228u
,,520.68k,15.32539u
,,520.7k,17.29248u
,,520.72k,16.25796u
,,520.74k,15.20905u
,,520.76k,15.2035u
,,520.78k,14.65022u
,,520.8k,10.93745u
,,520.82k,8.18263u
,,520.84k,9.812884u
,,520.86k,11.81404u
,,520.88k,14.33752u
,,520.9k,16.51818u
,,520.92k,17.04716u
,,520.94k,17.13473u
,,520.96k,15.06979u
,,520.98k,14.42879u
,,521k,17.56897u
,,521.02k,17.8117u
,,521.04k,16.25918u
,,521.06k,17.06028u
,,521.08k,17.01538u
,,521.1k,17.07671u
,,521.12k,17.18869u
,,521.14k,14.4672u
,,521.16k,12.9318u
,,521.18k,12.12778u
,,521.2k,12.34456u
,,521.22k,12.84204u
,,521.24k,11.64564u
,,521.26k,9.821519u
,,521.28k,9.049762u
,,521.3k,8.725362u
,,521.32k,7.407051u
,,521.34k,7.707765u
,,521.36k,8.055224u
,,521.38k,7.100259u
,,521.4k,7.580534u
,,521.42k,9.212364u
,,521.44k,10.1666u
,,521.46k,8.368041u
,,521.48k,4.483871u
,,521.5k,3.069241u
,,521.52k,6.14267u
,,521.54k,10.41833u
,,521.56k,12.39801u
,,521.58k,11.03896u
,,521.6k,7.317394u
,,521.62k,6.435587u
,,521.64k,8.568009u
,,521.66k,10.92541u
,,521.68k,10.47837u
,,521.7k,9.663191u
,,521.72k,10.19492u
,,521.74k,9.758988u
,,521.76k,8.046335u
,,521.78k,6.128832u
,,521.8k,7.605265u
,,521.82k,8.884519u
,,521.84k,7.521442u
,,521.86k,6.919978u
,,521.88k,6.602785u
,,521.9k,6.502785u
,,521.92k,7.231039u
,,521.94k,8.186361u
,,521.96k,7.082676u
,,521.98k,6.70338u
,,522k,9.469286u
,,522.02k,12.68272u
,,522.04k,11.13604u
,,522.06k,7.618246u
,,522.08k,9.183407u
,,522.1k,12.38626u
,,522.12k,12.26581u
,,522.14k,7.561222u
,,522.16k,3.933374u
,,522.18k,6.517815u
,,522.2k,6.530908u
,,522.22k,5.342471u
,,522.24k,7.269282u
,,522.26k,7.709658u
,,522.28k,7.008451u
,,522.3k,5.403128u
,,522.32k,3.18491u
,,522.34k,2.923552u
,,522.36k,3.984816u
,,522.38k,4.667558u
,,522.4k,4.619921u
,,522.42k,3.456833u
,,522.44k,3.298027u
,,522.46k,7.268602u
,,522.48k,8.960201u
,,522.5k,6.028553u
,,522.52k,4.564601u
,,522.54k,3.428709u
,,522.56k,644.0242n
,,522.58k,2.636272u
,,522.6k,5.684563u
,,522.62k,8.521144u
,,522.64k,7.720543u
,,522.66k,6.139193u
,,522.68k,3.764398u
,,522.7k,2.539049u
,,522.72k,3.113363u
,,522.74k,5.600141u
,,522.76k,6.722824u
,,522.78k,6.54505u
,,522.8k,8.55169u
,,522.82k,8.932135u
,,522.84k,8.802851u
,,522.86k,6.525766u
,,522.88k,2.57656u
,,522.9k,3.508796u
,,522.92k,5.002476u
,,522.94k,7.402158u
,,522.96k,7.581285u
,,522.98k,5.415501u
,,523k,5.857006u
,,523.02k,6.295332u
,,523.04k,4.916946u
,,523.06k,3.889392u
,,523.08k,4.812225u
,,523.1k,5.968644u
,,523.12k,6.935867u
,,523.14k,8.316104u
,,523.16k,7.175825u
,,523.18k,5.770499u
,,523.2k,8.024578u
,,523.22k,11.71296u
,,523.24k,11.04184u
,,523.26k,9.135201u
,,523.28k,10.58158u
,,523.3k,11.99893u
,,523.32k,9.086641u
,,523.34k,4.320115u
,,523.36k,5.390972u
,,523.38k,5.216612u
,,523.4k,1.527393u
,,523.42k,4.604647u
,,523.44k,7.579114u
,,523.46k,8.827225u
,,523.48k,7.610651u
,,523.5k,5.819787u
,,523.52k,7.461387u
,,523.54k,9.681233u
,,523.56k,10.36433u
,,523.58k,7.799597u
,,523.6k,6.643439u
,,523.62k,8.426074u
,,523.64k,6.164193u
,,523.66k,2.802479u
,,523.68k,5.897665u
,,523.7k,5.865979u
,,523.72k,1.754108u
,,523.74k,8.492342u
,,523.76k,8.725364u
,,523.78k,6.546302u
,,523.8k,6.516809u
,,523.82k,8.275238u
,,523.84k,8.210019u
,,523.86k,8.442178u
,,523.88k,9.175975u
,,523.9k,8.443526u
,,523.92k,6.623526u
,,523.94k,6.232484u
,,523.96k,5.064219u
,,523.98k,4.256615u
,,524k,4.184409u
,,524.02k,1.625021u
,,524.04k,2.010765u
,,524.06k,2.240524u
,,524.08k,2.074405u
,,524.1k,4.415525u
,,524.12k,4.327011u
,,524.14k,1.735624u
,,524.16k,1.672521u
,,524.18k,3.976728u
,,524.2k,7.588305u
,,524.22k,9.121954u
,,524.24k,9.431579u
,,524.26k,11.0475u
,,524.28k,10.95325u
,,524.3k,8.833162u
,,524.32k,6.535019u
,,524.34k,5.487899u
,,524.36k,6.237639u
,,524.38k,7.810353u
,,524.4k,9.954254u
,,524.42k,12.52066u
,,524.44k,13.166u
,,524.46k,11.49973u
,,524.48k,9.759041u
,,524.5k,7.067226u
,,524.52k,3.203408u
,,524.54k,4.150258u
,,524.56k,6.189736u
,,524.58k,8.045586u
,,524.6k,8.957647u
,,524.62k,10.29099u
,,524.64k,10.48392u
,,524.66k,9.225757u
,,524.68k,7.872578u
,,524.7k,9.424199u
,,524.72k,12.67473u
,,524.74k,11.4788u
,,524.76k,6.381071u
,,524.78k,5.058031u
,,524.8k,8.616355u
,,524.82k,9.685912u
,,524.84k,7.593583u
,,524.86k,7.434793u
,,524.88k,10.12918u
,,524.9k,12.30037u
,,524.92k,10.09122u
,,524.94k,8.443286u
,,524.96k,9.042302u
,,524.98k,11.77174u
,,525k,13.30061u
,,525.02k,13.89258u
,,525.04k,15.00209u
,,525.06k,15.25963u
,,525.08k,14.91581u
,,525.1k,14.17822u
,,525.12k,10.78464u
,,525.14k,8.515079u
,,525.16k,9.265251u
,,525.18k,9.996106u
,,525.2k,9.303636u
,,525.22k,8.788884u
,,525.24k,7.537106u
,,525.26k,7.469341u
,,525.28k,10.32536u
,,525.3k,10.32854u
,,525.32k,7.440174u
,,525.34k,5.463235u
,,525.36k,7.556151u
,,525.38k,9.445739u
,,525.4k,12.7801u
,,525.42k,15.10795u
,,525.44k,13.73985u
,,525.46k,11.09756u
,,525.48k,8.389219u
,,525.5k,8.477463u
,,525.52k,10.39203u
,,525.54k,10.21014u
,,525.56k,10.51202u
,,525.58k,11.64252u
,,525.6k,11.67943u
,,525.62k,9.604048u
,,525.64k,8.555575u
,,525.66k,9.26711u
,,525.68k,9.379569u
,,525.7k,7.692156u
,,525.72k,4.902605u
,,525.74k,3.753677u
,,525.76k,6.002702u
,,525.78k,10.15679u
,,525.8k,13.51361u
,,525.82k,14.84305u
,,525.84k,14.6293u
,,525.86k,12.89448u
,,525.88k,10.96284u
,,525.9k,8.622146u
,,525.92k,6.003498u
,,525.94k,5.443221u
,,525.96k,6.979094u
,,525.98k,9.16275u
,,526k,10.23898u
,,526.02k,8.378718u
,,526.04k,8.006133u
,,526.06k,9.368158u
,,526.08k,9.818328u
,,526.1k,8.001906u
,,526.12k,6.05252u
,,526.14k,5.866023u
,,526.16k,5.402081u
,,526.18k,3.045268u
,,526.2k,1.771995u
,,526.22k,6.650567u
,,526.24k,10.43497u
,,526.26k,9.06603u
,,526.28k,7.207757u
,,526.3k,6.977476u
,,526.32k,8.069961u
,,526.34k,8.774997u
,,526.36k,7.890528u
,,526.38k,6.129468u
,,526.4k,6.233925u
,,526.42k,5.493269u
,,526.44k,3.609242u
,,526.46k,3.379821u
,,526.48k,5.919708u
,,526.5k,7.414863u
,,526.52k,5.329509u
,,526.54k,4.450695u
,,526.56k,5.676211u
,,526.58k,5.379992u
,,526.6k,5.615659u
,,526.62k,4.895281u
,,526.64k,5.633575u
,,526.66k,7.135896u
,,526.68k,5.791872u
,,526.7k,3.625138u
,,526.72k,2.057698u
,,526.74k,4.539973u
,,526.76k,9.959977u
,,526.78k,10.28808u
,,526.8k,6.110264u
,,526.82k,4.760024u
,,526.84k,7.008657u
,,526.86k,5.04989u
,,526.88k,2.04536u
,,526.9k,3.419264u
,,526.92k,6.074405u
,,526.94k,5.806753u
,,526.96k,8.241741u
,,526.98k,9.300941u
,,527k,7.15966u
,,527.02k,7.133243u
,,527.04k,8.703039u
,,527.06k,8.639362u
,,527.08k,6.048605u
,,527.1k,4.035109u
,,527.12k,3.309605u
,,527.14k,2.56371u
,,527.16k,5.626164u
,,527.18k,8.593679u
,,527.2k,5.453465u
,,527.22k,2.255349u
,,527.24k,5.678006u
,,527.26k,8.963623u
,,527.28k,6.517102u
,,527.3k,6.399459u
,,527.32k,8.788343u
,,527.34k,6.841258u
,,527.36k,3.100472u
,,527.38k,5.641545u
,,527.4k,7.696493u
,,527.42k,6.816066u
,,527.44k,6.99219u
,,527.46k,9.006862u
,,527.48k,11.42427u
,,527.5k,12.06895u
,,527.52k,10.06436u
,,527.54k,9.615949u
,,527.56k,7.553812u
,,527.58k,4.026167u
,,527.6k,2.470367u
,,527.62k,3.932452u
,,527.64k,3.842804u
,,527.66k,4.401268u
,,527.68k,9.309878u
,,527.7k,9.453378u
,,527.72k,8.333984u
,,527.74k,7.563939u
,,527.76k,8.663211u
,,527.78k,9.905299u
,,527.8k,6.857237u
,,527.82k,3.022307u
,,527.84k,3.58053u
,,527.86k,4.537206u
,,527.88k,4.655682u
,,527.9k,3.425884u
,,527.92k,1.009251u
,,527.94k,1.760451u
,,527.96k,3.676003u
,,527.98k,4.622163u
,,528k,4.229036u
,,528.02k,1.936212u
,,528.04k,843.012n
,,528.06k,1.033056u
,,528.08k,2.951006u
,,528.1k,2.265604u
,,528.12k,1.731279u
,,528.14k,5.226011u
,,528.16k,6.637843u
,,528.18k,8.080174u
,,528.2k,8.029883u
,,528.22k,4.698251u
,,528.24k,1.658117u
,,528.26k,2.424442u
,,528.28k,4.598255u
,,528.3k,8.093806u
,,528.32k,10.47698u
,,528.34k,9.204026u
,,528.36k,6.765748u
,,528.38k,5.414524u
,,528.4k,5.362005u
,,528.42k,6.759609u
,,528.44k,6.000302u
,,528.46k,4.730802u
,,528.48k,6.866414u
,,528.5k,5.265014u
,,528.52k,2.670196u
,,528.54k,4.412188u
,,528.56k,4.474178u
,,528.58k,4.53089u
,,528.6k,4.45552u
,,528.62k,3.915979u
,,528.64k,4.499771u
,,528.66k,7.707243u
,,528.68k,7.614564u
,,528.7k,7.363u
,,528.72k,8.410065u
,,528.74k,6.997845u
,,528.76k,4.959973u
,,528.78k,4.71076u
,,528.8k,4.866293u
,,528.82k,5.564734u
,,528.84k,7.132603u
,,528.86k,5.835083u
,,528.88k,1.856765u
,,528.9k,3.073949u
,,528.92k,6.553036u
,,528.94k,10.66924u
,,528.96k,12.83898u
,,528.98k,11.70102u
,,529k,9.454729u
,,529.02k,8.04482u
,,529.04k,6.943828u
,,529.06k,3.134454u
,,529.08k,4.762184u
,,529.1k,6.327382u
,,529.12k,3.421653u
,,529.14k,5.142559u
,,529.16k,7.256748u
,,529.18k,8.33816u
,,529.2k,8.154397u
,,529.22k,11.05651u
,,529.24k,14.17484u
,,529.26k,12.78177u
,,529.28k,11.3172u
,,529.3k,12.67983u
,,529.32k,12.87093u
,,529.34k,9.940723u
,,529.36k,8.451797u
,,529.38k,11.22489u
,,529.4k,11.4799u
,,529.42k,9.444264u
,,529.44k,8.954562u
,,529.46k,10.51461u
,,529.48k,10.18447u
,,529.5k,8.815124u
,,529.52k,10.98826u
,,529.54k,10.01949u
,,529.56k,6.698095u
,,529.58k,7.767477u
,,529.6k,8.985945u
,,529.62k,7.653956u
,,529.64k,6.063541u
,,529.66k,7.000908u
,,529.68k,7.967067u
,,529.7k,6.913561u
,,529.72k,7.020169u
,,529.74k,8.834715u
,,529.76k,9.854137u
,,529.78k,10.75699u
,,529.8k,12.08836u
,,529.82k,10.37915u
,,529.84k,7.007513u
,,529.86k,5.773849u
,,529.88k,6.120234u
,,529.9k,8.238817u
,,529.92k,10.70247u
,,529.94k,11.43585u
,,529.96k,11.20051u
,,529.98k,12.49095u
,,530k,15.66259u
,,530.02k,15.87253u
,,530.04k,13.4504u
,,530.06k,12.71888u
,,530.08k,12.17421u
,,530.1k,9.468356u
,,530.12k,7.797008u
,,530.14k,6.761569u
,,530.16k,7.809558u
,,530.18k,9.696789u
,,530.2k,10.64953u
,,530.22k,10.00799u
,,530.24k,8.379632u
,,530.26k,10.45972u
,,530.28k,14.7215u
,,530.3k,13.77821u
,,530.32k,9.885491u
,,530.34k,9.51105u
,,530.36k,8.587339u
,,530.38k,5.091409u
,,530.4k,5.192553u
,,530.42k,9.771743u
,,530.44k,12.95591u
,,530.46k,12.605u
,,530.48k,11.72756u
,,530.5k,12.27359u
,,530.52k,12.22999u
,,530.54k,11.01218u
,,530.56k,10.13528u
,,530.58k,11.34203u
,,530.6k,13.71313u
,,530.62k,14.50742u
,,530.64k,12.5514u
,,530.66k,10.12013u
,,530.68k,10.89113u
,,530.7k,13.94314u
,,530.72k,12.50722u
,,530.74k,12.08838u
,,530.76k,14.62868u
,,530.78k,13.13447u
,,530.8k,10.4692u
,,530.82k,14.09245u
,,530.84k,20.12612u
,,530.86k,19.98188u
,,530.88k,14.81574u
,,530.9k,12.58142u
,,530.92k,13.43948u
,,530.94k,10.93009u
,,530.96k,5.808081u
,,530.98k,3.964253u
,,531k,6.899099u
,,531.02k,11.24554u
,,531.04k,14.2232u
,,531.06k,16.27253u
,,531.08k,17.28031u
,,531.1k,16.64397u
,,531.12k,16.12879u
,,531.14k,14.66764u
,,531.16k,12.89676u
,,531.18k,12.41336u
,,531.2k,11.17417u
,,531.22k,10.42728u
,,531.24k,12.59671u
,,531.26k,16.41737u
,,531.28k,17.27255u
,,531.3k,19.16334u
,,531.32k,20.90131u
,,531.34k,15.24595u
,,531.36k,8.634135u
,,531.38k,6.455916u
,,531.4k,7.016331u
,,531.42k,9.133759u
,,531.44k,11.28997u
,,531.46k,12.32458u
,,531.48k,12.35411u
,,531.5k,10.28295u
,,531.52k,9.125822u
,,531.54k,12.09586u
,,531.56k,14.90168u
,,531.58k,14.89391u
,,531.6k,13.18912u
,,531.62k,11.9961u
,,531.64k,12.96888u
,,531.66k,14.12119u
,,531.68k,13.87848u
,,531.7k,14.07489u
,,531.72k,14.16363u
,,531.74k,12.19851u
,,531.76k,11.92361u
,,531.78k,13.01898u
,,531.8k,13.74231u
,,531.82k,14.60729u
,,531.84k,14.09764u
,,531.86k,13.02947u
,,531.88k,13.24118u
,,531.9k,14.12178u
,,531.92k,14.50278u
,,531.94k,13.64417u
,,531.96k,13.09802u
,,531.98k,13.47088u
,,532k,11.60926u
,,532.02k,11.53807u
,,532.04k,15.7332u
,,532.06k,17.06452u
,,532.08k,12.7449u
,,532.1k,8.435379u
,,532.12k,7.868662u
,,532.14k,8.133981u
,,532.16k,8.331174u
,,532.18k,9.427448u
,,532.2k,13.72201u
,,532.22k,17.11315u
,,532.24k,16.37176u
,,532.26k,14.79542u
,,532.28k,16.4793u
,,532.3k,17.53051u
,,532.32k,16.50281u
,,532.34k,16.52816u
,,532.36k,15.923u
,,532.38k,13.56487u
,,532.4k,14.0383u
,,532.42k,17.1224u
,,532.44k,17.06869u
,,532.46k,13.95528u
,,532.48k,14.44507u
,,532.5k,18.56946u
,,532.52k,20.46025u
,,532.54k,19.0895u
,,532.56k,17.65393u
,,532.58k,16.26574u
,,532.6k,15.86818u
,,532.62k,17.2458u
,,532.64k,18.88909u
,,532.66k,21.2448u
,,532.68k,23.18727u
,,532.7k,20.57993u
,,532.72k,14.7277u
,,532.74k,13.78888u
,,532.76k,16.58786u
,,532.78k,17.40539u
,,532.8k,13.78949u
,,532.82k,10.74225u
,,532.84k,12.80835u
,,532.86k,18.05004u
,,532.88k,23.22523u
,,532.9k,25.78113u
,,532.92k,24.40143u
,,532.94k,21.67897u
,,532.96k,19.609u
,,532.98k,18.91303u
,,533k,19.42074u
,,533.02k,17.77405u
,,533.04k,15.23679u
,,533.06k,17.013u
,,533.08k,21.77879u
,,533.1k,21.63618u
,,533.12k,17.46073u
,,533.14k,16.64321u
,,533.16k,19.16527u
,,533.18k,21.67129u
,,533.2k,21.45157u
,,533.22k,18.62591u
,,533.24k,16.6056u
,,533.26k,18.19948u
,,533.28k,20.69653u
,,533.3k,20.59946u
,,533.32k,21.50095u
,,533.34k,24.31447u
,,533.36k,25.22092u
,,533.38k,23.06721u
,,533.4k,19.36669u
,,533.42k,16.37935u
,,533.44k,16.01979u
,,533.46k,19.46466u
,,533.48k,23.3041u
,,533.5k,23.0539u
,,533.52k,21.38446u
,,533.54k,21.92497u
,,533.56k,24.16122u
,,533.58k,26.34087u
,,533.6k,27.63201u
,,533.62k,27.77901u
,,533.64k,28.10647u
,,533.66k,29.84963u
,,533.68k,33.11494u
,,533.7k,34.60843u
,,533.72k,30.56414u
,,533.74k,23.09343u
,,533.76k,19.9989u
,,533.78k,19.63655u
,,533.8k,19.96805u
,,533.82k,22.28822u
,,533.84k,23.2103u
,,533.86k,24.00169u
,,533.88k,27.08223u
,,533.9k,27.84249u
,,533.92k,28.37616u
,,533.94k,32.89538u
,,533.96k,34.67477u
,,533.98k,31.24045u
,,534k,28.30643u
,,534.02k,29.50477u
,,534.04k,33.74486u
,,534.06k,36.1788u
,,534.08k,37.28675u
,,534.1k,38.3286u
,,534.12k,36.64812u
,,534.14k,33.59314u
,,534.16k,30.74051u
,,534.18k,28.79134u
,,534.2k,26.91213u
,,534.22k,24.55345u
,,534.24k,27.38263u
,,534.26k,37.05084u
,,534.28k,44.31512u
,,534.3k,43.98798u
,,534.32k,38.86648u
,,534.34k,34.55378u
,,534.36k,35.20134u
,,534.38k,36.30959u
,,534.4k,34.67024u
,,534.42k,33.79827u
,,534.44k,33.86849u
,,534.46k,33.22725u
,,534.48k,34.12375u
,,534.5k,37.47189u
,,534.52k,41.20505u
,,534.54k,42.47537u
,,534.56k,41.46237u
,,534.58k,40.68679u
,,534.6k,40.20427u
,,534.62k,37.81915u
,,534.64k,34.95837u
,,534.66k,33.81428u
,,534.68k,35.60977u
,,534.7k,39.41341u
,,534.72k,40.76814u
,,534.74k,39.03966u
,,534.76k,38.60046u
,,534.78k,40.73511u
,,534.8k,42.32085u
,,534.82k,41.07106u
,,534.84k,40.47866u
,,534.86k,45.0892u
,,534.88k,51.62121u
,,534.9k,52.63889u
,,534.92k,49.56525u
,,534.94k,49.16002u
,,534.96k,49.66721u
,,534.98k,47.98958u
,,535k,46.98814u
,,535.02k,49.34055u
,,535.04k,52.40004u
,,535.06k,50.49187u
,,535.08k,46.09351u
,,535.1k,47.87521u
,,535.12k,52.56674u
,,535.14k,55.94416u
,,535.16k,59.3017u
,,535.18k,59.65058u
,,535.2k,56.28767u
,,535.22k,53.34359u
,,535.24k,54.52917u
,,535.26k,56.69028u
,,535.28k,57.46269u
,,535.3k,60.69586u
,,535.32k,62.10041u
,,535.34k,56.0011u
,,535.36k,51.91307u
,,535.38k,55.2u
,,535.4k,57.96685u
,,535.42k,59.47971u
,,535.44k,64.33411u
,,535.46k,68.10687u
,,535.48k,66.56483u
,,535.5k,63.24627u
,,535.52k,58.73675u
,,535.54k,53.86724u
,,535.56k,55.05765u
,,535.58k,60.02034u
,,535.6k,63.13041u
,,535.62k,66.4158u
,,535.64k,68.49101u
,,535.66k,66.89847u
,,535.68k,64.10614u
,,535.7k,62.76625u
,,535.72k,64.60854u
,,535.74k,67.94598u
,,535.76k,70.63995u
,,535.78k,73.04756u
,,535.8k,74.26195u
,,535.82k,73.3654u
,,535.84k,72.27277u
,,535.86k,75.24394u
,,535.88k,80.08544u
,,535.9k,83.65251u
,,535.92k,85.19539u
,,535.94k,82.89407u
,,535.96k,80.30366u
,,535.98k,80.6782u
,,536k,81.64951u
,,536.02k,83.61986u
,,536.04k,84.40839u
,,536.06k,81.0594u
,,536.08k,80.23803u
,,536.1k,82.9965u
,,536.12k,82.32205u
,,536.14k,81.77399u
,,536.16k,86.75642u
,,536.18k,90.60906u
,,536.2k,88.95527u
,,536.22k,88.24076u
,,536.24k,91.70034u
,,536.26k,93.78414u
,,536.28k,92.43106u
,,536.3k,89.76129u
,,536.32k,87.65248u
,,536.34k,89.74713u
,,536.36k,96.6177u
,,536.38k,103.5386u
,,536.4k,106.806u
,,536.42k,105.5938u
,,536.44k,102.8514u
,,536.46k,100.993u
,,536.48k,96.84935u
,,536.5k,93.84338u
,,536.52k,96.81134u
,,536.54k,100.522u
,,536.56k,101.2143u
,,536.58k,101.1591u
,,536.6k,100.6872u
,,536.62k,98.09323u
,,536.64k,98.22735u
,,536.66k,102.7204u
,,536.68k,103.3949u
,,536.7k,98.56058u
,,536.72k,94.96242u
,,536.74k,98.68627u
,,536.76k,107.6621u
,,536.78k,113.4022u
,,536.8k,113.4985u
,,536.82k,110.3275u
,,536.84k,107.2633u
,,536.86k,107.0665u
,,536.88k,108.0758u
,,536.9k,110.4873u
,,536.92k,113.5457u
,,536.94k,114.6031u
,,536.96k,117.6038u
,,536.98k,122.7753u
,,537k,123.2703u
,,537.02k,118.8664u
,,537.04k,115.65u
,,537.06k,114.1389u
,,537.08k,112.7748u
,,537.1k,113.9637u
,,537.12k,117.6726u
,,537.14k,121.3237u
,,537.16k,123.6672u
,,537.18k,124.7798u
,,537.2k,125.9427u
,,537.22k,127.7791u
,,537.24k,129.1767u
,,537.26k,129.8437u
,,537.28k,129.5338u
,,537.3k,128.5039u
,,537.32k,128.9507u
,,537.34k,128.4653u
,,537.36k,127.0096u
,,537.38k,129.4364u
,,537.4k,134.4591u
,,537.42k,136.672u
,,537.44k,136.1404u
,,537.46k,135.9006u
,,537.48k,136.7538u
,,537.5k,139.9703u
,,537.52k,142.2487u
,,537.54k,139.8769u
,,537.56k,136.6771u
,,537.58k,138.0187u
,,537.6k,144.8385u
,,537.62k,150.778u
,,537.64k,146.1258u
,,537.66k,135.6764u
,,537.68k,135.7962u
,,537.7k,144.2174u
,,537.72k,146.3547u
,,537.74k,143.5454u
,,537.76k,142.4511u
,,537.78k,140.6282u
,,537.8k,137.4066u
,,537.82k,138.0467u
,,537.84k,141.831u
,,537.86k,142.9185u
,,537.88k,142.5279u
,,537.9k,143.9659u
,,537.92k,145.6817u
,,537.94k,147.6663u
,,537.96k,150.9589u
,,537.98k,152.8366u
,,538k,151.6857u
,,538.02k,152.132u
,,538.04k,155.2722u
,,538.06k,156.9926u
,,538.08k,159.1837u
,,538.1k,160.4156u
,,538.12k,158.3257u
,,538.14k,158.4893u
,,538.16k,161.7009u
,,538.18k,163.866u
,,538.2k,165.7963u
,,538.22k,167.6448u
,,538.24k,166.0902u
,,538.26k,161.864u
,,538.28k,160.8124u
,,538.3k,164.4624u
,,538.32k,167.8468u
,,538.34k,169.7084u
,,538.36k,168.6044u
,,538.38k,165.2808u
,,538.4k,166.597u
,,538.42k,170.0394u
,,538.44k,169.1653u
,,538.46k,168.3154u
,,538.48k,170.5355u
,,538.5k,172.9421u
,,538.52k,174.883u
,,538.54k,179.2457u
,,538.56k,185.6696u
,,538.58k,188.1981u
,,538.6k,188.1139u
,,538.62k,188.078u
,,538.64k,185.7683u
,,538.66k,183.2554u
,,538.68k,181.8252u
,,538.7k,179.5707u
,,538.72k,176.0261u
,,538.74k,172.8177u
,,538.76k,172.6282u
,,538.78k,177.9687u
,,538.8k,185.5864u
,,538.82k,188.6447u
,,538.84k,189.4276u
,,538.86k,190.9552u
,,538.88k,190.1779u
,,538.9k,188.2762u
,,538.92k,187.7713u
,,538.94k,186.1337u
,,538.96k,181.9298u
,,538.98k,178.9328u
,,539k,179.3077u
,,539.02k,182.5542u
,,539.04k,186.2616u
,,539.06k,188.514u
,,539.08k,191.8391u
,,539.1k,195.0202u
,,539.12k,195.0978u
,,539.14k,194.8325u
,,539.16k,195.2099u
,,539.18k,194.6722u
,,539.2k,194.2203u
,,539.22k,193.6081u
,,539.24k,191.2264u
,,539.26k,191.4527u
,,539.28k,196.3122u
,,539.3k,198.8564u
,,539.32k,198.3032u
,,539.34k,199.1445u
,,539.36k,199.8251u
,,539.38k,198.4278u
,,539.4k,198.3098u
,,539.42k,199.5632u
,,539.44k,201.6326u
,,539.46k,203.5477u
,,539.48k,202.1967u
,,539.5k,201.59u
,,539.52k,202.8093u
,,539.54k,204.0301u
,,539.56k,205.5481u
,,539.58k,207.7761u
,,539.6k,210.0998u
,,539.62k,211.7976u
,,539.64k,209.7282u
,,539.66k,203.6767u
,,539.68k,201.8394u
,,539.7k,203.416u
,,539.72k,201.6026u
,,539.74k,197.662u
,,539.76k,194.9983u
,,539.78k,193.72u
,,539.8k,193.7125u
,,539.82k,195.0945u
,,539.84k,196.874u
,,539.86k,198.3195u
,,539.88k,198.9121u
,,539.9k,200.0339u
,,539.92k,204.3063u
,,539.94k,208.7467u
,,539.96k,209.2698u
,,539.98k,207.9317u
,,540k,205.2095u
,,540.02k,198.1089u
,,540.04k,190.8122u
,,540.06k,190.4883u
,,540.08k,195.1066u
,,540.1k,200.2086u
,,540.12k,203.7288u
,,540.14k,202.4087u
,,540.16k,196.5212u
,,540.18k,193.6608u
,,540.2k,196.9062u
,,540.22k,202.0032u
,,540.24k,208.555u
,,540.26k,213.4964u
,,540.28k,210.4895u
,,540.3k,203.3593u
,,540.32k,199.9437u
,,540.34k,200.7003u
,,540.36k,200.6093u
,,540.38k,195.8392u
,,540.4k,189.8774u
,,540.42k,190.4726u
,,540.44k,196.7585u
,,540.46k,200.9528u
,,540.48k,198.113u
,,540.5k,192.5216u
,,540.52k,189.8337u
,,540.54k,188.8389u
,,540.56k,188.4859u
,,540.58k,189.3834u
,,540.6k,189.3151u
,,540.62k,188.5322u
,,540.64k,188.0857u
,,540.66k,187.4866u
,,540.68k,188.6897u
,,540.7k,190.4542u
,,540.72k,187.7628u
,,540.74k,181.8151u
,,540.76k,179.0438u
,,540.78k,181.9036u
,,540.8k,186.4279u
,,540.82k,187.7762u
,,540.84k,185.7998u
,,540.86k,182.1131u
,,540.88k,179.3522u
,,540.9k,180.2376u
,,540.92k,180.5533u
,,540.94k,178.412u
,,540.96k,177.4363u
,,540.98k,177.8978u
,,541k,177.3328u
,,541.02k,175.4704u
,,541.04k,175.8724u
,,541.06k,178.2772u
,,541.08k,178.5806u
,,541.1k,176.9335u
,,541.12k,175.0793u
,,541.14k,172.4767u
,,541.16k,171.5709u
,,541.18k,173.8341u
,,541.2k,173.6027u
,,541.22k,169.6671u
,,541.24k,167.7146u
,,541.26k,168.4365u
,,541.28k,167.9158u
,,541.3k,165.1249u
,,541.32k,161.3261u
,,541.34k,158.1839u
,,541.36k,158.3088u
,,541.38k,161.3687u
,,541.4k,162.6425u
,,541.42k,158.9541u
,,541.44k,154.1253u
,,541.46k,152.8486u
,,541.48k,155.2254u
,,541.5k,160.6305u
,,541.52k,165.6285u
,,541.54k,164.3837u
,,541.56k,160.2209u
,,541.58k,159.8479u
,,541.6k,160.1051u
,,541.62k,156.6247u
,,541.64k,152.1447u
,,541.66k,148.7985u
,,541.68k,146.4795u
,,541.7k,146.3811u
,,541.72k,147.9555u
,,541.74k,150.6362u
,,541.76k,153.6174u
,,541.78k,155.3192u
,,541.8k,153.93u
,,541.82k,148.1904u
,,541.84k,138.9893u
,,541.86k,133.4224u
,,541.88k,135.2229u
,,541.9k,136.6701u
,,541.92k,135.9667u
,,541.94k,136.9797u
,,541.96k,139.1309u
,,541.98k,141.4739u
,,542k,139.3961u
,,542.02k,132.438u
,,542.04k,129.034u
,,542.06k,131.093u
,,542.08k,134.1247u
,,542.1k,137.2731u
,,542.12k,138.0936u
,,542.14k,134.3741u
,,542.16k,130.8772u
,,542.18k,129.6979u
,,542.2k,130.0179u
,,542.22k,131.2189u
,,542.24k,128.938u
,,542.26k,125.123u
,,542.28k,125.9936u
,,542.3k,129.3799u
,,542.32k,130.8364u
,,542.34k,129.8993u
,,542.36k,127.2971u
,,542.38k,122.5948u
,,542.4k,117.0797u
,,542.42k,113.6154u
,,542.44k,112.1741u
,,542.46k,113.2343u
,,542.48k,114.4659u
,,542.5k,112.8717u
,,542.52k,113.1748u
,,542.54k,115.7337u
,,542.56k,114.1226u
,,542.58k,111.7613u
,,542.6k,115.0895u
,,542.62k,119.7636u
,,542.64k,117.6361u
,,542.66k,112.0416u
,,542.68k,108.6564u
,,542.7k,107.314u
,,542.72k,106.1283u
,,542.74k,103.0824u
,,542.76k,99.28449u
,,542.78k,99.19141u
,,542.8k,102.0251u
,,542.82k,104.6128u
,,542.84k,108.3521u
,,542.86k,109.8726u
,,542.88k,105.9722u
,,542.9k,102.4134u
,,542.92k,100.7392u
,,542.94k,101.8848u
,,542.96k,103.7438u
,,542.98k,100.6525u
,,543k,97.00683u
,,543.02k,97.2894u
,,543.04k,98.26811u
,,543.06k,99.76305u
,,543.08k,102.6568u
,,543.1k,103.4646u
,,543.12k,101.7684u
,,543.14k,97.82848u
,,543.16k,89.54417u
,,543.18k,82.05631u
,,543.2k,82.03184u
,,543.22k,89.15568u
,,543.24k,98.13923u
,,543.26k,101.3301u
,,543.28k,99.20765u
,,543.3k,95.66435u
,,543.32k,90.21771u
,,543.34k,87.31404u
,,543.36k,93.58857u
,,543.38k,103.9404u
,,543.4k,109.1795u
,,543.42k,105.5538u
,,543.44k,95.48159u
,,543.46k,89.79154u
,,543.48k,90.61407u
,,543.5k,90.33095u
,,543.52k,89.41489u
,,543.54k,89.40716u
,,543.56k,88.56738u
,,543.58k,90.17864u
,,543.6k,95.74603u
,,543.62k,97.56815u
,,543.64k,93.05234u
,,543.66k,88.80224u
,,543.68k,87.15527u
,,543.7k,85.82547u
,,543.72k,86.80882u
,,543.74k,91.56127u
,,543.76k,95.77704u
,,543.78k,97.4261u
,,543.8k,97.1138u
,,543.82k,97.25969u
,,543.84k,100.1522u
,,543.86k,100.6987u
,,543.88k,96.81611u
,,543.9k,94.3858u
,,543.92k,94.79827u
,,543.94k,93.11364u
,,543.96k,89.78322u
,,543.98k,88.40803u
,,544k,87.78134u
,,544.02k,88.20611u
,,544.04k,89.76589u
,,544.06k,91.54165u
,,544.08k,93.5496u
,,544.1k,94.08912u
,,544.12k,95.87866u
,,544.14k,99.44966u
,,544.16k,102.3265u
,,544.18k,105.8992u
,,544.2k,105.9418u
,,544.22k,102.6613u
,,544.24k,102.4919u
,,544.26k,100.4659u
,,544.28k,97.44197u
,,544.3k,97.52361u
,,544.32k,95.80661u
,,544.34k,91.47112u
,,544.36k,91.74185u
,,544.38k,98.97004u
,,544.4k,107.64u
,,544.42k,112.1765u
,,544.44k,113.203u
,,544.46k,111.79u
,,544.48k,109.7208u
,,544.5k,112.9298u
,,544.52k,116.3241u
,,544.54k,111.2523u
,,544.56k,105.2116u
,,544.58k,106.5892u
,,544.6k,108.1576u
,,544.62k,105.8305u
,,544.64k,104.3562u
,,544.66k,105.968u
,,544.68k,110.0371u
,,544.7k,113.4815u
,,544.72k,115.4381u
,,544.74k,118.7776u
,,544.76k,123.6815u
,,544.78k,128.0176u
,,544.8k,127.615u
,,544.82k,122.7464u
,,544.84k,117.0615u
,,544.86k,111.477u
,,544.88k,107.4961u
,,544.9k,107.05u
,,544.92k,109.7822u
,,544.94k,115.1242u
,,544.96k,122.6514u
,,544.98k,126.3393u
,,545k,124.5757u
,,545.02k,126.567u
,,545.04k,129.7541u
,,545.06k,125.7003u
,,545.08k,121.4193u
,,545.1k,122.8968u
,,545.12k,124.479u
,,545.14k,124.3406u
,,545.16k,124.5932u
,,545.18k,125.4044u
,,545.2k,126.4426u
,,545.22k,125.0145u
,,545.24k,124.4893u
,,545.26k,128.7404u
,,545.28k,131.6291u
,,545.3k,130.9186u
,,545.32k,130.4556u
,,545.34k,129.7808u
,,545.36k,131.5719u
,,545.38k,139.3665u
,,545.4k,143.8584u
,,545.42k,140.2921u
,,545.44k,136.9837u
,,545.46k,135.3555u
,,545.48k,132.1212u
,,545.5k,130.9368u
,,545.52k,133.5449u
,,545.54k,135.5339u
,,545.56k,134.4442u
,,545.58k,132.3175u
,,545.6k,132.9205u
,,545.62k,136.201u
,,545.64k,137.0473u
,,545.66k,133.9111u
,,545.68k,132.8532u
,,545.7k,137.883u
,,545.72k,142.8753u
,,545.74k,142.6563u
,,545.76k,139.9929u
,,545.78k,137.4489u
,,545.8k,135.458u
,,545.82k,137.9598u
,,545.84k,144.667u
,,545.86k,149.2476u
,,545.88k,150.4531u
,,545.9k,150.9092u
,,545.92k,150.2358u
,,545.94k,146.4823u
,,545.96k,140.0446u
,,545.98k,133.7316u
,,546k,135.0445u
,,546.02k,143.3396u
,,546.04k,148.125u
,,546.06k,147.692u
,,546.08k,145.277u
,,546.1k,143.0481u
,,546.12k,142.292u
,,546.14k,140.2562u
,,546.16k,140.6291u
,,546.18k,143.788u
,,546.2k,142.4154u
,,546.22k,143.3258u
,,546.24k,149.5556u
,,546.26k,148.976u
,,546.28k,143.1457u
,,546.3k,144.1099u
,,546.32k,147.8976u
,,546.34k,145.5419u
,,546.36k,141.2495u
,,546.38k,137.9862u
,,546.4k,136.2525u
,,546.42k,138.5359u
,,546.44k,140.3792u
,,546.46k,142.5698u
,,546.48k,149.1867u
,,546.5k,151.8882u
,,546.52k,147.7894u
,,546.54k,147.0155u
,,546.56k,149.0741u
,,546.58k,148.3887u
,,546.6k,145.2075u
,,546.62k,140.6253u
,,546.64k,139.2119u
,,546.66k,144.3482u
,,546.68k,150.323u
,,546.7k,151.8088u
,,546.72k,150.3558u
,,546.74k,148.7377u
,,546.76k,148.9923u
,,546.78k,149.1079u
,,546.8k,148.5254u
,,546.82k,144.0911u
,,546.84k,134.3945u
,,546.86k,129.5118u
,,546.88k,131.9765u
,,546.9k,137.8465u
,,546.92k,145.9735u
,,546.94k,151.9051u
,,546.96k,150.2183u
,,546.98k,143.3557u
,,547k,142.7668u
,,547.02k,145.6433u
,,547.04k,141.7167u
,,547.06k,138.3499u
,,547.08k,139.9986u
,,547.1k,140.1469u
,,547.12k,137.5922u
,,547.14k,136.2081u
,,547.16k,137.1473u
,,547.18k,138.4571u
,,547.2k,138.7431u
,,547.22k,139.2959u
,,547.24k,138.0168u
,,547.26k,134.8405u
,,547.28k,136.7994u
,,547.3k,136.1349u
,,547.32k,125.674u
,,547.34k,120.4557u
,,547.36k,128.0579u
,,547.38k,137.1028u
,,547.4k,138.4557u
,,547.42k,135.8737u
,,547.44k,134.8621u
,,547.46k,133.2377u
,,547.48k,130.6013u
,,547.5k,129.2887u
,,547.52k,127.1296u
,,547.54k,125.9226u
,,547.56k,131.6359u
,,547.58k,138.1244u
,,547.6k,138.4205u
,,547.62k,138.4416u
,,547.64k,138.5579u
,,547.66k,136.2186u
,,547.68k,135.038u
,,547.7k,134.1201u
,,547.72k,130.8627u
,,547.74k,129.0938u
,,547.76k,130.926u
,,547.78k,130.833u
,,547.8k,129.9922u
,,547.82k,130.4517u
,,547.84k,129.1314u
,,547.86k,130.9784u
,,547.88k,135.2683u
,,547.9k,132.0537u
,,547.92k,125.5572u
,,547.94k,126.2624u
,,547.96k,131.2058u
,,547.98k,131.6982u
,,548k,129.264u
,,548.02k,128.5904u
,,548.04k,127.5094u
,,548.06k,126.0564u
,,548.08k,125.0266u
,,548.1k,124.2582u
,,548.12k,126.4364u
,,548.14k,129.6474u
,,548.16k,127.6813u
,,548.18k,122.9601u
,,548.2k,122.7495u
,,548.22k,121.6665u
,,548.24k,115.9207u
,,548.26k,112.3946u
,,548.28k,116.6846u
,,548.3k,129.4518u
,,548.32k,138.649u
,,548.34k,135.0156u
,,548.36k,125.1865u
,,548.38k,118.3803u
,,548.4k,118.3456u
,,548.42k,120.411u
,,548.44k,119.9307u
,,548.46k,118.6956u
,,548.48k,118.7835u
,,548.5k,123.3419u
,,548.52k,124.856u
,,548.54k,117.4176u
,,548.56k,113.9148u
,,548.58k,118.1071u
,,548.6k,119.6061u
,,548.62k,115.0244u
,,548.64k,109.4729u
,,548.66k,109.6764u
,,548.68k,115.0316u
,,548.7k,117.391u
,,548.72k,114.6553u
,,548.74k,112.4595u
,,548.76k,114.2786u
,,548.78k,120.5845u
,,548.8k,125.0059u
,,548.82k,123.4812u
,,548.84k,122.8621u
,,548.86k,125.8384u
,,548.88k,125.125u
,,548.9k,120.817u
,,548.92k,119.6766u
,,548.94k,121.9431u
,,548.96k,123.5656u
,,548.98k,124.4916u
,,549k,126.2376u
,,549.02k,127.9085u
,,549.04k,130.2023u
,,549.06k,130.4726u
,,549.08k,127.968u
,,549.1k,129.2816u
,,549.12k,134.3202u
,,549.14k,135.1667u
,,549.16k,128.6657u
,,549.18k,121.319u
,,549.2k,119.456u
,,549.22k,118.0259u
,,549.24k,114.5753u
,,549.26k,116.1484u
,,549.28k,121.6709u
,,549.3k,123.7388u
,,549.32k,122.3082u
,,549.34k,122.6916u
,,549.36k,127.5234u
,,549.38k,130.9306u
,,549.4k,129.0245u
,,549.42k,125.1612u
,,549.44k,121.2247u
,,549.46k,119.7759u
,,549.48k,123.6861u
,,549.5k,128.8966u
,,549.52k,130.0762u
,,549.54k,127.1705u
,,549.56k,122.1427u
,,549.58k,116.0023u
,,549.6k,112.0447u
,,549.62k,115.0905u
,,549.64k,122.5085u
,,549.66k,127.4113u
,,549.68k,128.7909u
,,549.7k,127.7406u
,,549.72k,123.2559u
,,549.74k,121.8423u
,,549.76k,126.2464u
,,549.78k,128.265u
,,549.8k,128.025u
,,549.82k,129.4403u
,,549.84k,128.6912u
,,549.86k,123.1529u
,,549.88k,117.4846u
,,549.9k,118.2205u
,,549.92k,121.1444u
,,549.94k,116.7512u
,,549.96k,108.5205u
,,549.98k,107.4624u
,,550k,116.9843u
,,550.02k,128.5766u
,,550.04k,133.9728u
,,550.06k,130.9102u
,,550.08k,124.6693u
,,550.1k,124.3113u
,,550.12k,126.8003u
,,550.14k,124.4552u
,,550.16k,117.5791u
,,550.18k,112.4634u
,,550.2k,111.5609u
,,550.22k,110.7809u
,,550.24k,116.1795u
,,550.26k,122.066u
,,550.28k,116.1833u
,,550.3k,108.8882u
,,550.32k,108.5665u
,,550.34k,115.3292u
,,550.36k,123.624u
,,550.38k,123.2901u
,,550.4k,120.8413u
,,550.42k,122.5783u
,,550.44k,120.7362u
,,550.46k,119.0355u
,,550.48k,119.4888u
,,550.5k,113.7822u
,,550.52k,106.6183u
,,550.54k,104.3682u
,,550.56k,104.3522u
,,550.58k,106.4978u
,,550.6k,110.3633u
,,550.62k,114.0059u
,,550.64k,113.9521u
,,550.66k,109.7347u
,,550.68k,108.8103u
,,550.7k,110.5827u
,,550.72k,110.2253u
,,550.74k,110.5568u
,,550.76k,114.7358u
,,550.78k,118.3909u
,,550.8k,118.2384u
,,550.82k,116.21u
,,550.84k,113.5357u
,,550.86k,113.4364u
,,550.88k,116.0954u
,,550.9k,119.5974u
,,550.92k,121.5518u
,,550.94k,117.9844u
,,550.96k,111.8536u
,,550.98k,111.9053u
,,551k,117.3227u
,,551.02k,119.9658u
,,551.04k,118.5919u
,,551.06k,113.0192u
,,551.08k,106.3343u
,,551.1k,103.8903u
,,551.12k,102.9761u
,,551.14k,100.989u
,,551.16k,99.98217u
,,551.18k,102.2463u
,,551.2k,103.4694u
,,551.22k,102.1006u
,,551.24k,102.2303u
,,551.26k,107.215u
,,551.28k,114.9384u
,,551.3k,115.3943u
,,551.32k,110.3114u
,,551.34k,109.2259u
,,551.36k,112.1034u
,,551.38k,111.9409u
,,551.4k,108.0732u
,,551.42k,104.111u
,,551.44k,98.12923u
,,551.46k,93.34636u
,,551.48k,92.92405u
,,551.5k,94.44765u
,,551.52k,99.36372u
,,551.54k,102.5829u
,,551.56k,99.94201u
,,551.58k,97.77521u
,,551.6k,98.96834u
,,551.62k,102.0319u
,,551.64k,105.3523u
,,551.66k,104.2613u
,,551.68k,97.1037u
,,551.7k,89.28784u
,,551.72k,87.00151u
,,551.74k,91.57703u
,,551.76k,94.55304u
,,551.78k,89.40163u
,,551.8k,86.86445u
,,551.82k,92.80008u
,,551.84k,97.04145u
,,551.86k,94.63635u
,,551.88k,92.08558u
,,551.9k,92.15966u
,,551.92k,91.24679u
,,551.94k,88.00918u
,,551.96k,85.18947u
,,551.98k,85.87239u
,,552k,89.97882u
,,552.02k,93.75882u
,,552.04k,93.58637u
,,552.06k,89.37285u
,,552.08k,86.9061u
,,552.1k,87.01853u
,,552.12k,89.02389u
,,552.14k,92.76737u
,,552.16k,93.94866u
,,552.18k,91.6363u
,,552.2k,90.51278u
,,552.22k,91.90573u
,,552.24k,90.46503u
,,552.26k,85.80355u
,,552.28k,80.54138u
,,552.3k,78.5769u
,,552.32k,81.69327u
,,552.34k,86.7277u
,,552.36k,93.26211u
,,552.38k,96.91141u
,,552.4k,94.52978u
,,552.42k,86.85202u
,,552.44k,77.41534u
,,552.46k,77.83953u
,,552.48k,83.24848u
,,552.5k,79.16187u
,,552.52k,70.62302u
,,552.54k,66.37153u
,,552.56k,70.75789u
,,552.58k,76.98542u
,,552.6k,75.59235u
,,552.62k,71.79887u
,,552.64k,71.95133u
,,552.66k,72.50272u
,,552.68k,71.79288u
,,552.7k,68.13546u
,,552.72k,63.00788u
,,552.74k,63.75116u
,,552.76k,67.84124u
,,552.78k,71.52459u
,,552.8k,73.62231u
,,552.82k,72.36173u
,,552.84k,72.87086u
,,552.86k,78.98085u
,,552.88k,81.46408u
,,552.9k,75.49834u
,,552.92k,68.28866u
,,552.94k,66.44309u
,,552.96k,69.04357u
,,552.98k,72.75573u
,,553k,76.30465u
,,553.02k,76.31703u
,,553.04k,67.61013u
,,553.06k,54.4675u
,,553.08k,45.68671u
,,553.1k,47.54578u
,,553.12k,59.21185u
,,553.14k,67.65934u
,,553.16k,68.06361u
,,553.18k,67.64362u
,,553.2k,68.22737u
,,553.22k,72.78702u
,,553.24k,80.71021u
,,553.26k,80.91401u
,,553.28k,72.95008u
,,553.3k,65.63798u
,,553.32k,62.1992u
,,553.34k,59.61625u
,,553.36k,54.84191u
,,553.38k,52.79711u
,,553.4k,56.83736u
,,553.42k,61.55054u
,,553.44k,60.78705u
,,553.46k,59.60588u
,,553.48k,62.64684u
,,553.5k,60.05497u
,,553.52k,52.04033u
,,553.54k,49.98863u
,,553.56k,55.25063u
,,553.58k,62.88517u
,,553.6k,65.48197u
,,553.62k,61.12049u
,,553.64k,58.94318u
,,553.66k,58.27801u
,,553.68k,54.64185u
,,553.7k,50.53405u
,,553.72k,46.59935u
,,553.74k,48.07125u
,,553.76k,53.9864u
,,553.78k,56.15568u
,,553.8k,53.95767u
,,553.82k,50.85681u
,,553.84k,44.84624u
,,553.86k,37.44205u
,,553.88k,32.75475u
,,553.9k,38.56565u
,,553.92k,49.10434u
,,553.94k,47.54445u
,,553.96k,42.34109u
,,553.98k,46.72467u
,,554k,49.27467u
,,554.02k,48.81888u
,,554.04k,46.25092u
,,554.06k,41.52767u
,,554.08k,42.02066u
,,554.1k,41.80587u
,,554.12k,39.87954u
,,554.14k,40.67768u
,,554.16k,43.22423u
,,554.18k,43.35193u
,,554.2k,41.31588u
,,554.22k,41.8659u
,,554.24k,43.83929u
,,554.26k,43.60365u
,,554.28k,41.95317u
,,554.3k,39.547u
,,554.32k,37.18374u
,,554.34k,36.90303u
,,554.36k,34.61577u
,,554.38k,29.63626u
,,554.4k,27.33831u
,,554.42k,30.57132u
,,554.44k,37.12611u
,,554.46k,41.52292u
,,554.48k,38.01967u
,,554.5k,31.22304u
,,554.52k,28.49229u
,,554.54k,30.78093u
,,554.56k,33.67806u
,,554.58k,32.38643u
,,554.6k,31.37496u
,,554.62k,34.5849u
,,554.64k,36.94114u
,,554.66k,38.28547u
,,554.68k,38.19286u
,,554.7k,33.65389u
,,554.72k,30.25359u
,,554.74k,32.68561u
,,554.76k,33.5902u
,,554.78k,32.32684u
,,554.8k,34.01047u
,,554.82k,36.52645u
,,554.84k,38.81985u
,,554.86k,40.62504u
,,554.88k,42.90378u
,,554.9k,44.8307u
,,554.92k,43.30205u
,,554.94k,39.62854u
,,554.96k,35.84357u
,,554.98k,34.34046u
,,555k,34.67007u
,,555.02k,34.64722u
,,555.04k,35.72154u
,,555.06k,37.95234u
,,555.08k,38.22423u
,,555.1k,37.116u
,,555.12k,36.92721u
,,555.14k,36.6103u
,,555.16k,37.6772u
,,555.18k,38.63123u
,,555.2k,35.23747u
,,555.22k,33.21117u
,,555.24k,38.05856u
,,555.26k,42.70575u
,,555.28k,40.49487u
,,555.3k,34.42076u
,,555.32k,31.9138u
,,555.34k,33.68914u
,,555.36k,36.64938u
,,555.38k,37.13767u
,,555.4k,31.40712u
,,555.42k,25.00412u
,,555.44k,25.66859u
,,555.46k,25.02895u
,,555.48k,24.80266u
,,555.5k,25.66418u
,,555.52k,28.07064u
,,555.54k,34.33437u
,,555.56k,38.06762u
,,555.58k,35.36142u
,,555.6k,32.08903u
,,555.62k,32.32908u
,,555.64k,33.12306u
,,555.66k,36.69162u
,,555.68k,38.04831u
,,555.7k,35.29485u
,,555.72k,34.84065u
,,555.74k,35.03479u
,,555.76k,33.84637u
,,555.78k,32.27817u
,,555.8k,29.89282u
,,555.82k,28.02113u
,,555.84k,26.54419u
,,555.86k,26.7253u
,,555.88k,32.01961u
,,555.9k,34.03757u
,,555.92k,30.38488u
,,555.94k,31.48145u
,,555.96k,39.1104u
,,555.98k,43.14706u
,,556k,36.30078u
,,556.02k,28.4072u
,,556.04k,29.76352u
,,556.06k,36.68869u
,,556.08k,43.65372u
,,556.1k,46.94476u
,,556.12k,46.27763u
,,556.14k,46.19309u
,,556.16k,46.86524u
,,556.18k,48.17962u
,,556.2k,46.71145u
,,556.22k,43.57669u
,,556.24k,44.61056u
,,556.26k,41.53039u
,,556.28k,34.31156u
,,556.3k,31.51833u
,,556.32k,31.63638u
,,556.34k,30.62849u
,,556.36k,31.76025u
,,556.38k,36.34377u
,,556.4k,39.94796u
,,556.42k,42.23654u
,,556.44k,44.84543u
,,556.46k,44.90184u
,,556.48k,43.90056u
,,556.5k,41.48027u
,,556.52k,36.68653u
,,556.54k,36.14692u
,,556.56k,38.68619u
,,556.58k,43.45803u
,,556.6k,52.90065u
,,556.62k,59.87021u
,,556.64k,59.87323u
,,556.66k,55.53311u
,,556.68k,53.46211u
,,556.7k,57.06591u
,,556.72k,60.22347u
,,556.74k,55.70176u
,,556.76k,48.07491u
,,556.78k,44.65472u
,,556.8k,43.65453u
,,556.82k,44.87986u
,,556.84k,47.35151u
,,556.86k,48.99468u
,,556.88k,52.9101u
,,556.9k,58.09053u
,,556.92k,59.72609u
,,556.94k,58.60527u
,,556.96k,57.40686u
,,556.98k,53.68867u
,,557k,46.4385u
,,557.02k,40.56951u
,,557.04k,41.5392u
,,557.06k,49.2529u
,,557.08k,55.59017u
,,557.1k,55.32605u
,,557.12k,53.12896u
,,557.14k,57.86388u
,,557.16k,65.08741u
,,557.18k,67.98602u
,,557.2k,67.12593u
,,557.22k,62.495u
,,557.24k,54.69071u
,,557.26k,47.51874u
,,557.28k,45.46623u
,,557.3k,45.67143u
,,557.32k,45.67773u
,,557.34k,50.97865u
,,557.36k,58.80849u
,,557.38k,63.46017u
,,557.4k,61.49389u
,,557.42k,55.24142u
,,557.44k,53.49164u
,,557.46k,57.05258u
,,557.48k,60.69036u
,,557.5k,63.97364u
,,557.52k,66.44788u
,,557.54k,66.60887u
,,557.56k,68.22553u
,,557.58k,70.25553u
,,557.6k,67.01836u
,,557.62k,59.25861u
,,557.64k,49.72991u
,,557.66k,47.01118u
,,557.68k,57.1607u
,,557.7k,68.0371u
,,557.72k,68.3963u
,,557.74k,62.7048u
,,557.76k,61.53852u
,,557.78k,69.18502u
,,557.8k,76.19593u
,,557.82k,76.1134u
,,557.84k,76.12337u
,,557.86k,78.622u
,,557.88k,80.57404u
,,557.9k,81.19587u
,,557.92k,78.38669u
,,557.94k,73.19853u
,,557.96k,70.69809u
,,557.98k,69.75226u
,,558k,68.93654u
,,558.02k,69.55159u
,,558.04k,66.90298u
,,558.06k,61.9483u
,,558.08k,63.8217u
,,558.1k,70.17312u
,,558.12k,71.8062u
,,558.14k,66.66781u
,,558.16k,59.10643u
,,558.18k,58.27961u
,,558.2k,65.35623u
,,558.22k,70.53788u
,,558.24k,70.58581u
,,558.26k,69.9022u
,,558.28k,69.85096u
,,558.3k,71.37868u
,,558.32k,72.18661u
,,558.34k,69.56851u
,,558.36k,66.35776u
,,558.38k,62.75749u
,,558.4k,63.79929u
,,558.42k,72.33259u
,,558.44k,80.05721u
,,558.46k,81.5815u
,,558.48k,79.74711u
,,558.5k,76.98248u
,,558.52k,75.30285u
,,558.54k,78.46526u
,,558.56k,84.52454u
,,558.58k,86.44513u
,,558.6k,82.63451u
,,558.62k,77.88141u
,,558.64k,75.2772u
,,558.66k,75.04676u
,,558.68k,76.38111u
,,558.7k,77.87178u
,,558.72k,78.54822u
,,558.74k,79.85617u
,,558.76k,82.28981u
,,558.78k,81.33158u
,,558.8k,75.50391u
,,558.82k,71.65532u
,,558.84k,72.97135u
,,558.86k,75.1317u
,,558.88k,75.77001u
,,558.9k,77.64469u
,,558.92k,80.69703u
,,558.94k,81.1014u
,,558.96k,76.28572u
,,558.98k,71.24659u
,,559k,69.45486u
,,559.02k,69.3808u
,,559.04k,68.68615u
,,559.06k,68.80387u
,,559.08k,72.56112u
,,559.1k,74.21504u
,,559.12k,71.71354u
,,559.14k,70.86893u
,,559.16k,72.7429u
,,559.18k,74.62397u
,,559.2k,77.88941u
,,559.22k,81.96674u
,,559.24k,84.35266u
,,559.26k,85.26152u
,,559.28k,84.089u
,,559.3k,81.0777u
,,559.32k,78.45281u
,,559.34k,78.51489u
,,559.36k,79.1912u
,,559.38k,77.71515u
,,559.4k,77.22337u
,,559.42k,75.35071u
,,559.44k,68.6434u
,,559.46k,64.58687u
,,559.48k,67.73561u
,,559.5k,72.98133u
,,559.52k,71.43297u
,,559.54k,68.33272u
,,559.56k,70.2627u
,,559.58k,68.00795u
,,559.6k,61.70186u
,,559.62k,61.64261u
,,559.64k,68.51266u
,,559.66k,75.64023u
,,559.68k,78.12932u
,,559.7k,75.26686u
,,559.72k,70.69774u
,,559.74k,64.1736u
,,559.76k,56.93845u
,,559.78k,55.63221u
,,559.8k,60.03944u
,,559.82k,63.28824u
,,559.84k,61.03323u
,,559.86k,57.45715u
,,559.88k,56.02727u
,,559.9k,53.94199u
,,559.92k,51.7368u
,,559.94k,50.56684u
,,559.96k,49.66977u
,,559.98k,50.57888u
,,560k,51.67532u
,,560.02k,51.32548u
,,560.04k,53.20535u
,,560.06k,56.08974u
,,560.08k,56.14515u
,,560.1k,57.53872u
,,560.12k,57.92141u
,,560.14k,51.54935u
,,560.16k,47.98347u
,,560.18k,50.55906u
,,560.2k,50.58105u
,,560.22k,50.95391u
,,560.24k,50.1175u
,,560.26k,46.38877u
,,560.28k,45.40883u
,,560.3k,49.15067u
,,560.32k,55.0052u
,,560.34k,58.59235u
,,560.36k,58.1477u
,,560.38k,58.88119u
,,560.4k,62.1016u
,,560.42k,60.14511u
,,560.44k,51.97042u
,,560.46k,49.05196u
,,560.48k,55.43368u
,,560.5k,62.94042u
,,560.52k,61.49321u
,,560.54k,50.00213u
,,560.56k,40.84889u
,,560.58k,42.42732u
,,560.6k,45.38902u
,,560.62k,44.81425u
,,560.64k,45.07944u
,,560.66k,42.3941u
,,560.68k,40.92136u
,,560.7k,46.54405u
,,560.72k,49.46016u
,,560.74k,48.5673u
,,560.76k,47.45738u
,,560.78k,44.51682u
,,560.8k,40.90935u
,,560.82k,37.28491u
,,560.84k,35.63246u
,,560.86k,34.95357u
,,560.88k,35.93857u
,,560.9k,42.08342u
,,560.92k,48.13528u
,,560.94k,48.78752u
,,560.96k,44.66587u
,,560.98k,41.65864u
,,561k,43.06029u
,,561.02k,44.03401u
,,561.04k,45.59837u
,,561.06k,45.90236u
,,561.08k,41.66206u
,,561.1k,36.83572u
,,561.12k,33.97983u
,,561.14k,34.41533u
,,561.16k,36.90321u
,,561.18k,38.8363u
,,561.2k,41.68854u
,,561.22k,43.80399u
,,561.24k,40.96792u
,,561.26k,38.40947u
,,561.28k,42.09122u
,,561.3k,49.01359u
,,561.32k,53.6776u
,,561.34k,51.7569u
,,561.36k,48.8096u
,,561.38k,48.74432u
,,561.4k,45.15551u
,,561.42k,41.03582u
,,561.44k,44.86274u
,,561.46k,49.82402u
,,561.48k,47.79389u
,,561.5k,46.12686u
,,561.52k,50.886u
,,561.54k,57.1222u
,,561.56k,56.16852u
,,561.58k,48.94421u
,,561.6k,46.37353u
,,561.62k,50.14233u
,,561.64k,54.84727u
,,561.66k,58.89677u
,,561.68k,60.02802u
,,561.7k,56.55249u
,,561.72k,53.65808u
,,561.74k,54.04208u
,,561.76k,52.53466u
,,561.78k,46.36582u
,,561.8k,43.9922u
,,561.82k,48.93523u
,,561.84k,55.61738u
,,561.86k,59.67797u
,,561.88k,60.88654u
,,561.9k,60.31212u
,,561.92k,63.96523u
,,561.94k,72.87305u
,,561.96k,77.93847u
,,561.98k,76.41528u
,,562k,74.82301u
,,562.02k,75.84683u
,,562.04k,81.40331u
,,562.06k,89.46119u
,,562.08k,91.94901u
,,562.1k,88.69134u
,,562.12k,85.8393u
,,562.14k,88.5345u
,,562.16k,95.72345u
,,562.18k,100.3859u
,,562.2k,101.2217u
,,562.22k,101.6254u
,,562.24k,104.1325u
,,562.26k,109.8854u
,,562.28k,115.4672u
,,562.3k,115.7996u
,,562.32k,116.0894u
,,562.34k,120.9872u
,,562.36k,120.3824u
,,562.38k,112.6447u
,,562.4k,108.3743u
,,562.42k,110.5868u
,,562.44k,118.4531u
,,562.46k,129.5704u
,,562.48k,135.4694u
,,562.5k,132.5673u
,,562.52k,126.722u
,,562.54k,123.0354u
,,562.56k,124.7072u
,,562.58k,132.3931u
,,562.6k,139.5804u
,,562.62k,141.2069u
,,562.64k,140.3035u
,,562.66k,140.1685u
,,562.68k,139.6009u
,,562.7k,138.3702u
,,562.72k,139.6704u
,,562.74k,142.1322u
,,562.76k,143.0436u
,,562.78k,143.8195u
,,562.8k,145.0998u
,,562.82k,146.1907u
,,562.84k,147.2436u
,,562.86k,150.0824u
,,562.88k,152.4305u
,,562.9k,151.5855u
,,562.92k,151.4757u
,,562.94k,157.2158u
,,562.96k,164.1001u
,,562.98k,163.1156u
,,563k,158.2794u
,,563.02k,161.1295u
,,563.04k,167.7416u
,,563.06k,168.1358u
,,563.08k,167.2552u
,,563.1k,169.1739u
,,563.12k,167.9674u
,,563.14k,163.2602u
,,563.16k,161.017u
,,563.18k,160.7463u
,,563.2k,160.8279u
,,563.22k,162.7507u
,,563.24k,164.8082u
,,563.26k,163.7794u
,,563.28k,158.4537u
,,563.3k,154.5961u
,,563.32k,156.5218u
,,563.34k,160.0157u
,,563.36k,161.587u
,,563.38k,161.9295u
,,563.4k,162.0637u
,,563.42k,163.556u
,,563.44k,166.1859u
,,563.46k,166.6186u
,,563.48k,165.0327u
,,563.5k,164.5546u
,,563.52k,164.1389u
,,563.54k,167.0416u
,,563.56k,174.2788u
,,563.58k,177.0579u
,,563.6k,174.2259u
,,563.62k,169.7318u
,,563.64k,162.9244u
,,563.66k,156.7802u
,,563.68k,156.7538u
,,563.7k,157.9137u
,,563.72k,158.0141u
,,563.74k,159.5117u
,,563.76k,158.3053u
,,563.78k,158.5711u
,,563.8k,161.9967u
,,563.82k,163.4289u
,,563.84k,163.142u
,,563.86k,163.8911u
,,563.88k,167.5165u
,,563.9k,168.9579u
,,563.92k,166.5627u
,,563.94k,165.577u
,,563.96k,165.6046u
,,563.98k,161.5575u
,,564k,154.3642u
,,564.02k,150.1628u
,,564.04k,148.8457u
,,564.06k,148.9511u
,,564.08k,149.9813u
,,564.1k,148.2477u
,,564.12k,144.9584u
,,564.14k,144.7539u
,,564.16k,148.0328u
,,564.18k,153.209u
,,564.2k,155.3277u
,,564.22k,152.0916u
,,564.24k,150.2242u
,,564.26k,150.5196u
,,564.28k,148.5625u
,,564.3k,149.7808u
,,564.32k,156.5666u
,,564.34k,159.4447u
,,564.36k,155.7858u
,,564.38k,152.6616u
,,564.4k,153.1805u
,,564.42k,153.3876u
,,564.44k,149.2116u
,,564.46k,144.9768u
,,564.48k,146.6131u
,,564.5k,149.7482u
,,564.52k,146.5351u
,,564.54k,137.1056u
,,564.56k,132.0767u
,,564.58k,134.6469u
,,564.6k,137.9443u
,,564.62k,140.6779u
,,564.64k,141.6289u
,,564.66k,137.9608u
,,564.68k,132.5135u
,,564.7k,129.1484u
,,564.72k,126.6796u
,,564.74k,124.4391u
,,564.76k,122.3628u
,,564.78k,123.3447u
,,564.8k,130.9573u
,,564.82k,138.704u
,,564.84k,137.2527u
,,564.86k,129.455u
,,564.88k,123.2436u
,,564.9k,116.349u
,,564.92k,111.3123u
,,564.94k,113.8148u
,,564.96k,117.2249u
,,564.98k,118.8499u
,,565k,120.5084u
,,565.02k,118.1317u
,,565.04k,116.3827u
,,565.06k,117.214u
,,565.08k,114.8565u
,,565.1k,115.8458u
,,565.12k,119.3761u
,,565.14k,118.4541u
,,565.16k,116.9663u
,,565.18k,116.0906u
,,565.2k,114.0625u
,,565.22k,112.8862u
,,565.24k,112.2502u
,,565.26k,111.9441u
,,565.28k,114.6181u
,,565.3k,117.3439u
,,565.32k,116.5688u
,,565.34k,114.4638u
,,565.36k,113.4395u
,,565.38k,117.2194u
,,565.4k,125.4258u
,,565.42k,130.255u
,,565.44k,130.6599u
,,565.46k,134.1526u
,,565.48k,138.105u
,,565.5k,136.0654u
,,565.52k,131.8123u
,,565.54k,130.2631u
,,565.56k,134.0683u
,,565.58k,142.0329u
,,565.6k,148.4935u
,,565.62k,148.9844u
,,565.64k,146.2436u
,,565.66k,147.3556u
,,565.68k,152.7088u
,,565.7k,157.3702u
,,565.72k,162.6814u
,,565.74k,170.6259u
,,565.76k,172.9472u
,,565.78k,167.9744u
,,565.8k,165.9988u
,,565.82k,170.6101u
,,565.84k,177.3077u
,,565.86k,182.1636u
,,565.88k,182.8527u
,,565.9k,182.3532u
,,565.92k,185.8517u
,,565.94k,191.2068u
,,565.96k,195.1553u
,,565.98k,199.3579u
,,566k,202.4372u
,,566.02k,204.6485u
,,566.04k,207.9226u
,,566.06k,210.2621u
,,566.08k,211.9483u
,,566.1k,213.2933u
,,566.12k,215.6614u
,,566.14k,220.0154u
,,566.16k,224.8661u
,,566.18k,232.4604u
,,566.2k,243.0086u
,,566.22k,249.743u
,,566.24k,249.0368u
,,566.26k,249.3973u
,,566.28k,258.6084u
,,566.3k,269.06u
,,566.32k,269.9959u
,,566.34k,268.0212u
,,566.36k,274.7021u
,,566.38k,285.8039u
,,566.4k,291.7414u
,,566.42k,290.6981u
,,566.44k,286.3677u
,,566.46k,284.4679u
,,566.48k,288.1404u
,,566.5k,295.1465u
,,566.52k,301.0463u
,,566.54k,304.138u
,,566.56k,308.6518u
,,566.58k,313.7453u
,,566.6k,315.4236u
,,566.62k,316.6224u
,,566.64k,318.1079u
,,566.66k,318.855u
,,566.68k,322.8699u
,,566.7k,332.0147u
,,566.72k,339.5554u
,,566.74k,340.1063u
,,566.76k,337.9681u
,,566.78k,339.4303u
,,566.8k,344.0208u
,,566.82k,350.3271u
,,566.84k,358.3673u
,,566.86k,363.3555u
,,566.88k,364.0562u
,,566.9k,364.4251u
,,566.92k,367.5145u
,,566.94k,372.6194u
,,566.96k,374.034u
,,566.98k,373.5147u
,,567k,377.616u
,,567.02k,383.784u
,,567.04k,387.1382u
,,567.06k,389.6281u
,,567.08k,394.1433u
,,567.1k,399.2507u
,,567.12k,401.8215u
,,567.14k,402.2187u
,,567.16k,403.2729u
,,567.18k,407.1141u
,,567.2k,413.8469u
,,567.22k,420.5712u
,,567.24k,423.3116u
,,567.26k,422.8143u
,,567.28k,424.3073u
,,567.3k,429.4929u
,,567.32k,435.4205u
,,567.34k,439.1969u
,,567.36k,441.7282u
,,567.38k,445.3505u
,,567.4k,447.823u
,,567.42k,447.1348u
,,567.44k,445.3846u
,,567.46k,444.9773u
,,567.48k,448.7512u
,,567.5k,457.1289u
,,567.52k,463.3964u
,,567.54k,462.7011u
,,567.56k,461.6242u
,,567.58k,464.6996u
,,567.6k,465.5601u
,,567.62k,461.9196u
,,567.64k,460.2473u
,,567.66k,466.5713u
,,567.68k,475.2177u
,,567.7k,476.6274u
,,567.72k,474.1005u
,,567.74k,471.1171u
,,567.76k,471.0334u
,,567.78k,478.8253u
,,567.8k,485.5894u
,,567.82k,485.7301u
,,567.84k,487.6274u
,,567.86k,492.8205u
,,567.88k,494.9529u
,,567.9k,492.7819u
,,567.92k,491.7161u
,,567.94k,494.8948u
,,567.96k,497.7296u
,,567.98k,495.8881u
,,568k,492.7123u
,,568.02k,492.9185u
,,568.04k,494.6288u
,,568.06k,497.0376u
,,568.08k,501.1078u
,,568.1k,504.8546u
,,568.12k,506.3784u
,,568.14k,507.0099u
,,568.16k,509.5469u
,,568.18k,511.011u
,,568.2k,510.2184u
,,568.22k,510.5304u
,,568.24k,514.7346u
,,568.26k,519.7142u
,,568.28k,518.0264u
,,568.3k,513.3338u
,,568.32k,510.4877u
,,568.34k,508.7086u
,,568.36k,509.8118u
,,568.38k,511.6335u
,,568.4k,512.666u
,,568.42k,514.0172u
,,568.44k,513.3987u
,,568.46k,511.7932u
,,568.48k,513.2496u
,,568.5k,517.7223u
,,568.52k,519.94u
,,568.54k,518.0568u
,,568.56k,516.0213u
,,568.58k,514.2283u
,,568.6k,512.0159u
,,568.62k,512.138u
,,568.64k,513.249u
,,568.66k,515.206u
,,568.68k,516.4797u
,,568.7k,511.0339u
,,568.72k,505.5352u
,,568.74k,507.2928u
,,568.76k,510.0838u
,,568.78k,508.2859u
,,568.8k,506.6818u
,,568.82k,509.4525u
,,568.84k,509.8821u
,,568.86k,506.5972u
,,568.88k,504.4421u
,,568.9k,501.1957u
,,568.92k,496.9966u
,,568.94k,496.4041u
,,568.96k,497.0418u
,,568.98k,492.4071u
,,569k,484.836u
,,569.02k,482.7957u
,,569.04k,486.1173u
,,569.06k,488.1331u
,,569.08k,486.8338u
,,569.1k,482.4899u
,,569.12k,475.2433u
,,569.14k,470.2184u
,,569.16k,471.2633u
,,569.18k,473.6978u
,,569.2k,474.095u
,,569.22k,472.8973u
,,569.24k,472.3092u
,,569.26k,472.3602u
,,569.28k,469.396u
,,569.3k,467.3886u
,,569.32k,466.6785u
,,569.34k,463.9216u
,,569.36k,462.0895u
,,569.38k,459.8227u
,,569.4k,454.4801u
,,569.42k,447.9824u
,,569.44k,443.2416u
,,569.46k,439.4005u
,,569.48k,437.1912u
,,569.5k,439.3734u
,,569.52k,442.4988u
,,569.54k,440.7373u
,,569.56k,435.1063u
,,569.58k,430.99u
,,569.6k,428.6364u
,,569.62k,426.4955u
,,569.64k,424.473u
,,569.66k,422.8684u
,,569.68k,421.6856u
,,569.7k,418.7561u
,,569.72k,414.0497u
,,569.74k,409.5353u
,,569.76k,407.3277u
,,569.78k,407.0765u
,,569.8k,404.6644u
,,569.82k,400.1038u
,,569.84k,397.0907u
,,569.86k,394.6884u
,,569.88k,390.0331u
,,569.9k,385.5002u
,,569.92k,383.0795u
,,569.94k,380.3104u
,,569.96k,376.7837u
,,569.98k,373.7519u
,,570k,369.6662u
,,570.02k,366.2919u
,,570.04k,367.1642u
,,570.06k,368.0237u
,,570.08k,363.9467u
,,570.1k,356.7886u
,,570.12k,351.662u
,,570.14k,348.9377u
,,570.16k,345.2407u
,,570.18k,341.8038u
,,570.2k,339.7195u
,,570.22k,336.5931u
,,570.24k,334.368u
,,570.26k,335.833u
,,570.28k,336.9576u
,,570.3k,335.7995u
,,570.32k,333.6941u
,,570.34k,329.7022u
,,570.36k,324.1555u
,,570.38k,317.9262u
,,570.4k,312.0098u
,,570.42k,307.4823u
,,570.44k,304.0048u
,,570.46k,301.0878u
,,570.48k,296.9606u
,,570.5k,292.0847u
,,570.52k,289.1285u
,,570.54k,285.6843u
,,570.56k,281.8599u
,,570.58k,281.3843u
,,570.6k,281.718u
,,570.62k,280.112u
,,570.64k,277.3691u
,,570.66k,273.5079u
,,570.68k,268.7003u
,,570.7k,264.0768u
,,570.72k,260.1851u
,,570.74k,258.1752u
,,570.76k,257.4481u
,,570.78k,256.2332u
,,570.8k,254.9026u
,,570.82k,254.763u
,,570.84k,256.3325u
,,570.86k,255.1752u
,,570.88k,245.7986u
,,570.9k,234.4934u
,,570.92k,229.537u
,,570.94k,227.0279u
,,570.96k,225.1128u
,,570.98k,226.6932u
,,571k,227.6206u
,,571.02k,223.0024u
,,571.04k,216.314u
,,571.06k,213.0091u
,,571.08k,210.7292u
,,571.1k,205.9337u
,,571.12k,204.3456u
,,571.14k,206.5147u
,,571.16k,205.7772u
,,571.18k,203.5926u
,,571.2k,200.2264u
,,571.22k,193.7093u
,,571.24k,188.2738u
,,571.26k,185.312u
,,571.28k,181.926u
,,571.3k,179.6765u
,,571.32k,177.2817u
,,571.34k,174.4442u
,,571.36k,174.1266u
,,571.38k,171.708u
,,571.4k,167.7607u
,,571.42k,165.5928u
,,571.44k,162.7455u
,,571.46k,161.773u
,,571.48k,162.9858u
,,571.5k,160.5744u
,,571.52k,154.9264u
,,571.54k,151.3614u
,,571.56k,151.8965u
,,571.58k,151.4957u
,,571.6k,148.6205u
,,571.62k,146.3081u
,,571.64k,142.4717u
,,571.66k,138.0558u
,,571.68k,137.4183u
,,571.7k,138.1429u
,,571.72k,138.6181u
,,571.74k,140.9414u
,,571.76k,141.9955u
,,571.78k,138.4537u
,,571.8k,134.9007u
,,571.82k,133.9922u
,,571.84k,132.9067u
,,571.86k,134.4699u
,,571.88k,136.6292u
,,571.9k,131.6902u
,,571.92k,124.7847u
,,571.94k,126.6251u
,,571.96k,134.8557u
,,571.98k,138.3744u
,,572k,137.0317u
,,572.02k,134.9569u
,,572.04k,130.9493u
,,572.06k,128.3698u
,,572.08k,130.2539u
,,572.1k,131.6153u
,,572.12k,130.7421u
,,572.14k,130.4054u
,,572.16k,132.2127u
,,572.18k,135.4366u
,,572.2k,136.3811u
,,572.22k,134.5341u
,,572.24k,132.7946u
,,572.26k,133.1888u
,,572.28k,136.5206u
,,572.3k,138.9778u
,,572.32k,136.5667u
,,572.34k,134.0788u
,,572.36k,135.7039u
,,572.38k,138.1806u
,,572.4k,141.5571u
,,572.42k,146.1796u
,,572.44k,148.1313u
,,572.46k,148.0344u
,,572.48k,147.2107u
,,572.5k,146.5086u
,,572.52k,149.3125u
,,572.54k,155.3631u
,,572.56k,161.2334u
,,572.58k,163.804u
,,572.6k,162.6138u
,,572.62k,162.1335u
,,572.64k,165.1201u
,,572.66k,169.1681u
,,572.68k,172.9399u
,,572.7k,176.3324u
,,572.72k,177.3192u
,,572.74k,175.5674u
,,572.76k,175.0401u
,,572.78k,177.0918u
,,572.8k,179.0671u
,,572.82k,179.0511u
,,572.84k,177.6266u
,,572.86k,178.0325u
,,572.88k,181.8872u
,,572.9k,185.9386u
,,572.92k,188.071u
,,572.94k,189.9875u
,,572.96k,191.6925u
,,572.98k,191.8102u
,,573k,191.319u
,,573.02k,192.7608u
,,573.04k,197.3014u
,,573.06k,201.66u
,,573.08k,203.4962u
,,573.1k,204.7032u
,,573.12k,206.2596u
,,573.14k,207.3139u
,,573.16k,206.1442u
,,573.18k,205.1375u
,,573.2k,207.3243u
,,573.22k,210.5224u
,,573.24k,214.0992u
,,573.26k,217.8673u
,,573.28k,222.8959u
,,573.3k,229.7547u
,,573.32k,232.0723u
,,573.34k,229.1605u
,,573.36k,225.993u
,,573.38k,224.7932u
,,573.4k,226.8266u
,,573.42k,230.6659u
,,573.44k,233.4545u
,,573.46k,234.1804u
,,573.48k,235.4309u
,,573.5k,239.5017u
,,573.52k,242.7255u
,,573.54k,243.1265u
,,573.56k,241.9297u
,,573.58k,239.2684u
,,573.6k,240.3597u
,,573.62k,246.633u
,,573.64k,251.5564u
,,573.66k,254.0182u
,,573.68k,256.7468u
,,573.7k,259.9362u
,,573.72k,263.1028u
,,573.74k,264.6967u
,,573.76k,265.9334u
,,573.78k,268.6832u
,,573.8k,269.483u
,,573.82k,268.7237u
,,573.84k,269.4406u
,,573.86k,269.9457u
,,573.88k,270.9027u
,,573.9k,273.5293u
,,573.92k,276.1287u
,,573.94k,278.8979u
,,573.96k,282.4033u
,,573.98k,285.2364u
,,574k,285.2245u
,,574.02k,283.5046u
,,574.04k,284.3861u
,,574.06k,286.2725u
,,574.08k,288.8523u
,,574.1k,295.0498u
,,574.12k,300.2732u
,,574.14k,301.5246u
,,574.16k,300.3587u
,,574.18k,298.4372u
,,574.2k,298.9828u
,,574.22k,302.1976u
,,574.24k,305.649u
,,574.26k,307.4109u
,,574.28k,307.7292u
,,574.3k,307.3902u
,,574.32k,306.6901u
,,574.34k,305.8036u
,,574.36k,304.8907u
,,574.38k,307.0363u
,,574.4k,311.4508u
,,574.42k,313.3243u
,,574.44k,314.6953u
,,574.46k,318.2759u
,,574.48k,321.4773u
,,574.5k,323.0898u
,,574.52k,323.4052u
,,574.54k,322.2945u
,,574.56k,321.7917u
,,574.58k,323.7034u
,,574.6k,324.956u
,,574.62k,325.5843u
,,574.64k,328.6122u
,,574.66k,332.0689u
,,574.68k,333.6799u
,,574.7k,332.8513u
,,574.72k,331.8604u
,,574.74k,331.1714u
,,574.76k,329.4689u
,,574.78k,328.8323u
,,574.8k,328.807u
,,574.82k,327.1529u
,,574.84k,324.9548u
,,574.86k,325.1025u
,,574.88k,327.2199u
,,574.9k,328.8114u
,,574.92k,329.1432u
,,574.94k,330.1015u
,,574.96k,333.687u
,,574.98k,335.8086u
,,575k,332.8859u
,,575.02k,329.3196u
,,575.04k,328.0827u
,,575.06k,328.8699u
,,575.08k,331.6683u
,,575.1k,333.9251u
,,575.12k,333.0851u
,,575.14k,330.4951u
,,575.16k,328.6114u
,,575.18k,327.6916u
,,575.2k,326.445u
,,575.22k,323.875u
,,575.24k,321.3867u
,,575.26k,323.3229u
,,575.28k,329.9168u
,,575.3k,335.3164u
,,575.32k,336.2241u
,,575.34k,333.3902u
,,575.36k,328.5903u
,,575.38k,324.5252u
,,575.4k,322.8734u
,,575.42k,322.675u
,,575.44k,323.0027u
,,575.46k,321.6447u
,,575.48k,319.6995u
,,575.5k,321.6157u
,,575.52k,322.6157u
,,575.54k,319.2035u
,,575.56k,316.4447u
,,575.58k,316.3816u
,,575.6k,318.3426u
,,575.62k,318.8158u
,,575.64k,315.6648u
,,575.66k,312.9889u
,,575.68k,314.9844u
,,575.7k,318.8659u
,,575.72k,319.0757u
,,575.74k,316.7001u
,,575.76k,311.9025u
,,575.78k,306.917u
,,575.8k,306.5006u
,,575.82k,306.7673u
,,575.84k,305.0874u
,,575.86k,302.1697u
,,575.88k,298.8847u
,,575.9k,298.2796u
,,575.92k,298.0309u
,,575.94k,294.4882u
,,575.96k,292.4433u
,,575.98k,294.9521u
,,576k,295.7101u
,,576.02k,291.3513u
,,576.04k,287.7611u
,,576.06k,287.2572u
,,576.08k,284.7436u
,,576.1k,279.0925u
,,576.12k,275.09u
,,576.14k,274.5761u
,,576.16k,276.3428u
,,576.18k,278.9199u
,,576.2k,278.5013u
,,576.22k,273.57u
,,576.24k,269.1903u
,,576.26k,269.5025u
,,576.28k,268.9841u
,,576.3k,263.746u
,,576.32k,259.6466u
,,576.34k,259.3194u
,,576.36k,261.9975u
,,576.38k,264.7589u
,,576.4k,263.6086u
,,576.42k,260.5803u
,,576.44k,258.4168u
,,576.46k,257.1621u
,,576.48k,256.6712u
,,576.5k,256.5065u
,,576.52k,255.1159u
,,576.54k,251.6041u
,,576.56k,249.3304u
,,576.58k,249.9674u
,,576.6k,249.2583u
,,576.62k,246.2463u
,,576.64k,242.2136u
,,576.66k,237.7494u
,,576.68k,236.4088u
,,576.7k,237.7577u
,,576.72k,239.3142u
,,576.74k,239.8333u
,,576.76k,238.5727u
,,576.78k,235.8022u
,,576.8k,232.1151u
,,576.82k,228.8689u
,,576.84k,224.8035u
,,576.86k,221.5555u
,,576.88k,222.6122u
,,576.9k,225.5954u
,,576.92k,227.5692u
,,576.94k,227.651u
,,576.96k,224.078u
,,576.98k,221.1274u
,,577k,223.9356u
,,577.02k,226.3243u
,,577.04k,224.7654u
,,577.06k,222.4326u
,,577.08k,221.4238u
,,577.1k,221.3626u
,,577.12k,220.9555u
,,577.14k,220.0411u
,,577.16k,217.8842u
,,577.18k,216.9681u
,,577.2k,218.7324u
,,577.22k,220.0347u
,,577.24k,219.2766u
,,577.26k,217.3302u
,,577.28k,214.7809u
,,577.3k,210.768u
,,577.32k,208.0283u
,,577.34k,208.7393u
,,577.36k,210.53u
,,577.38k,211.5264u
,,577.4k,209.7266u
,,577.42k,202.4898u
,,577.44k,192.4487u
,,577.46k,186.8729u
,,577.48k,188.6959u
,,577.5k,196.9044u
,,577.52k,204.6568u
,,577.54k,204.8833u
,,577.56k,201.4114u
,,577.58k,199.1174u
,,577.6k,197.4766u
,,577.62k,195.9574u
,,577.64k,194.6898u
,,577.66k,192.6447u
,,577.68k,189.3993u
,,577.7k,186.5306u
,,577.72k,186.1809u
,,577.74k,188.6491u
,,577.76k,191.5867u
,,577.78k,191.0877u
,,577.8k,187.986u
,,577.82k,186.2383u
,,577.84k,184.3404u
,,577.86k,181.9369u
,,577.88k,182.4325u
,,577.9k,185.1071u
,,577.92k,185.7752u
,,577.94k,183.9333u
,,577.96k,183.3888u
,,577.98k,183.8945u
,,578k,183.1378u
,,578.02k,180.7814u
,,578.04k,178.2911u
,,578.06k,178.2498u
,,578.08k,179.9479u
,,578.1k,180.6609u
,,578.12k,179.0755u
,,578.14k,177.4097u
,,578.16k,177.2884u
,,578.18k,174.4216u
,,578.2k,169.3677u
,,578.22k,167.7878u
,,578.24k,168.6375u
,,578.26k,168.9505u
,,578.28k,170.7645u
,,578.3k,173.0962u
,,578.32k,172.7089u
,,578.34k,171.6174u
,,578.36k,172.2996u
,,578.38k,172.8181u
,,578.4k,172.9697u
,,578.42k,171.8129u
,,578.44k,169.6354u
,,578.46k,169.1327u
,,578.48k,169.3321u
,,578.5k,169.349u
,,578.52k,168.3349u
,,578.54k,166.852u
,,578.56k,165.6439u
,,578.58k,163.3073u
,,578.6k,162.6304u
,,578.62k,165.3148u
,,578.64k,166.5655u
,,578.66k,163.7468u
,,578.68k,160.0323u
,,578.7k,157.9888u
,,578.72k,156.7081u
,,578.74k,155.018u
,,578.76k,153.4214u
,,578.78k,153.2223u
,,578.8k,153.6372u
,,578.82k,152.5737u
,,578.84k,152.8916u
,,578.86k,157.58u
,,578.88k,162.6144u
,,578.9k,164.0967u
,,578.92k,163.3417u
,,578.94k,160.6408u
,,578.96k,155.8515u
,,578.98k,151.5421u
,,579k,148.811u
,,579.02k,147.0743u
,,579.04k,145.4353u
,,579.06k,143.1147u
,,579.08k,142.2869u
,,579.1k,143.8832u
,,579.12k,145.367u
,,579.14k,145.8541u
,,579.16k,146.0843u
,,579.18k,145.8029u
,,579.2k,145.6984u
,,579.22k,146.4891u
,,579.24k,146.9022u
,,579.26k,148.0829u
,,579.28k,149.5912u
,,579.3k,147.519u
,,579.32k,142.8222u
,,579.34k,140.8022u
,,579.36k,143.0779u
,,579.38k,144.8705u
,,579.4k,144.3303u
,,579.42k,143.0876u
,,579.44k,139.5081u
,,579.46k,135.1114u
,,579.48k,133.9092u
,,579.5k,135.9946u
,,579.52k,138.3581u
,,579.54k,137.1504u
,,579.56k,134.218u
,,579.58k,131.8377u
,,579.6k,130.2594u
,,579.62k,131.137u
,,579.64k,131.3496u
,,579.66k,129.7438u
,,579.68k,128.2881u
,,579.7k,125.7543u
,,579.72k,122.7797u
,,579.74k,121.5454u
,,579.76k,122.5184u
,,579.78k,123.7122u
,,579.8k,122.5449u
,,579.82k,122.0379u
,,579.84k,122.7136u
,,579.86k,119.6762u
,,579.88k,115.8494u
,,579.9k,116.2294u
,,579.92k,117.7439u
,,579.94k,118.0121u
,,579.96k,118.458u
,,579.98k,118.3386u
,,580k,115.8957u
,,580.02k,111.5833u
,,580.04k,109.4499u
,,580.06k,110.1834u
,,580.08k,109.454u
,,580.1k,106.8805u
,,580.12k,105.6433u
,,580.14k,105.5319u
,,580.16k,106.4534u
,,580.18k,109.2087u
,,580.2k,109.6563u
,,580.22k,105.8294u
,,580.24k,102.2196u
,,580.26k,101.5147u
,,580.28k,100.5844u
,,580.3k,98.36417u
,,580.32k,97.03018u
,,580.34k,96.29748u
,,580.36k,95.86708u
,,580.38k,94.97088u
,,580.4k,93.52754u
,,580.42k,94.6825u
,,580.44k,96.88509u
,,580.46k,97.0006u
,,580.48k,97.24706u
,,580.5k,97.92867u
,,580.52k,94.78004u
,,580.54k,87.80734u
,,580.56k,84.75401u
,,580.58k,86.00413u
,,580.6k,85.21054u
,,580.62k,83.81599u
,,580.64k,84.63711u
,,580.66k,87.0288u
,,580.68k,89.08713u
,,580.7k,86.72614u
,,580.72k,81.4099u
,,580.74k,79.26429u
,,580.76k,79.85294u
,,580.78k,80.40727u
,,580.8k,79.97995u
,,580.82k,78.36132u
,,580.84k,79.38806u
,,580.86k,82.45558u
,,580.88k,82.79412u
,,580.9k,81.11847u
,,580.92k,79.73486u
,,580.94k,80.5624u
,,580.96k,82.76472u
,,580.98k,83.5356u
,,581k,81.32333u
,,581.02k,79.30029u
,,581.04k,78.72158u
,,581.06k,77.92848u
,,581.08k,76.58418u
,,581.1k,76.51187u
,,581.12k,79.77485u
,,581.14k,82.79334u
,,581.16k,84.74022u
,,581.18k,86.42394u
,,581.2k,85.32126u
,,581.22k,83.73418u
,,581.24k,83.9087u
,,581.26k,84.51636u
,,581.28k,84.5935u
,,581.3k,83.56417u
,,581.32k,81.26514u
,,581.34k,80.92793u
,,581.36k,83.78287u
,,581.38k,84.99809u
,,581.4k,82.76808u
,,581.42k,81.57259u
,,581.44k,81.903u
,,581.46k,82.47423u
,,581.48k,85.30109u
,,581.5k,88.51966u
,,581.52k,87.06206u
,,581.54k,80.08804u
,,581.56k,74.08434u
,,581.58k,73.56157u
,,581.6k,74.61104u
,,581.62k,75.35721u
,,581.64k,77.70299u
,,581.66k,80.27045u
,,581.68k,81.62337u
,,581.7k,80.70987u
,,581.72k,78.82652u
,,581.74k,79.88805u
,,581.76k,81.15237u
,,581.78k,76.78773u
,,581.8k,70.93743u
,,581.82k,69.84468u
,,581.84k,72.55929u
,,581.86k,75.66177u
,,581.88k,77.20855u
,,581.9k,78.04011u
,,581.92k,78.76901u
,,581.94k,79.77732u
,,581.96k,81.08479u
,,581.98k,80.24861u
,,582k,77.11595u
,,582.02k,72.80016u
,,582.04k,67.8556u
,,582.06k,66.24979u
,,582.08k,69.05231u
,,582.1k,70.77439u
,,582.12k,69.21255u
,,582.14k,66.21679u
,,582.16k,63.48805u
,,582.18k,62.81986u
,,582.2k,64.44897u
,,582.22k,65.2818u
,,582.24k,62.60844u
,,582.26k,59.92925u
,,582.28k,60.56049u
,,582.3k,61.7278u
,,582.32k,62.72852u
,,582.34k,64.65646u
,,582.36k,63.65821u
,,582.38k,59.00186u
,,582.4k,57.04051u
,,582.42k,59.33393u
,,582.44k,60.8215u
,,582.46k,61.13207u
,,582.48k,61.15744u
,,582.5k,60.36007u
,,582.52k,60.20995u
,,582.54k,61.53393u
,,582.56k,62.16399u
,,582.58k,59.45718u
,,582.6k,55.41287u
,,582.62k,52.84034u
,,582.64k,51.20689u
,,582.66k,51.20807u
,,582.68k,52.75035u
,,582.7k,52.38397u
,,582.72k,49.89762u
,,582.74k,49.01946u
,,582.76k,51.28223u
,,582.78k,54.06972u
,,582.8k,53.77959u
,,582.82k,50.96171u
,,582.84k,48.14779u
,,582.86k,46.33315u
,,582.88k,45.36917u
,,582.9k,45.00324u
,,582.92k,45.12149u
,,582.94k,43.08653u
,,582.96k,39.36355u
,,582.98k,35.21757u
,,583k,31.37204u
,,583.02k,31.52891u
,,583.04k,35.39058u
,,583.06k,38.46217u
,,583.08k,40.82311u
,,583.1k,42.09506u
,,583.12k,41.41317u
,,583.14k,40.30797u
,,583.16k,38.69656u
,,583.18k,37.9973u
,,583.2k,40.20592u
,,583.22k,43.22316u
,,583.24k,41.3469u
,,583.26k,36.19283u
,,583.28k,33.62156u
,,583.3k,32.68239u
,,583.32k,31.13966u
,,583.34k,31.0361u
,,583.36k,32.87847u
,,583.38k,34.27857u
,,583.4k,35.08768u
,,583.42k,35.90161u
,,583.44k,36.73191u
,,583.46k,35.08206u
,,583.48k,31.48043u
,,583.5k,30.53117u
,,583.52k,29.61811u
,,583.54k,26.08706u
,,583.56k,23.55565u
,,583.58k,25.39623u
,,583.6k,27.99828u
,,583.62k,27.33659u
,,583.64k,25.64592u
,,583.66k,25.77903u
,,583.68k,26.0832u
,,583.7k,26.85132u
,,583.72k,29.59293u
,,583.74k,30.24728u
,,583.76k,28.75054u
,,583.78k,29.13666u
,,583.8k,29.77236u
,,583.82k,30.32944u
,,583.84k,30.89328u
,,583.86k,30.62086u
,,583.88k,30.67084u
,,583.9k,29.39568u
,,583.92k,26.45606u
,,583.94k,24.85206u
,,583.96k,22.94956u
,,583.98k,20.54855u
,,584k,17.47851u
,,584.02k,15.04362u
,,584.04k,15.2135u
,,584.06k,14.34886u
,,584.08k,11.38695u
,,584.1k,11.11175u
,,584.12k,12.20219u
,,584.14k,11.43663u
,,584.16k,12.10059u
,,584.18k,16.72494u
,,584.2k,21.02885u
,,584.22k,22.39427u
,,584.24k,22.01696u
,,584.26k,20.17151u
,,584.28k,18.84376u
,,584.3k,17.65525u
,,584.32k,15.75432u
,,584.34k,15.102u
,,584.36k,17.09427u
,,584.38k,19.82381u
,,584.4k,20.07031u
,,584.42k,17.6396u
,,584.44k,14.21961u
,,584.46k,12.30491u
,,584.48k,12.51787u
,,584.5k,16.00799u
,,584.52k,20.53162u
,,584.54k,21.16283u
,,584.56k,18.2841u
,,584.58k,15.5922u
,,584.6k,16.47737u
,,584.62k,17.68385u
,,584.64k,18.0354u
,,584.66k,15.4599u
,,584.68k,14.87969u
,,584.7k,18.762u
,,584.72k,20.83735u
,,584.74k,19.45277u
,,584.76k,16.87879u
,,584.78k,16.42277u
,,584.8k,19.16876u
,,584.82k,19.90351u
,,584.84k,16.34358u
,,584.86k,12.34431u
,,584.88k,10.98821u
,,584.9k,13.37495u
,,584.92k,16.23183u
,,584.94k,18.07627u
,,584.96k,19.41145u
,,584.98k,20.19493u
,,585k,20.84365u
,,585.02k,20.27124u
,,585.04k,17.71549u
,,585.06k,15.23723u
,,585.08k,14.66981u
,,585.1k,15.2327u
,,585.12k,16.96325u
,,585.14k,17.94277u
,,585.16k,15.74781u
,,585.18k,13.63518u
,,585.2k,15.46085u
,,585.22k,18.73014u
,,585.24k,19.78532u
,,585.26k,19.84903u
,,585.28k,19.33243u
,,585.3k,19.27153u
,,585.32k,20.77709u
,,585.34k,21.48042u
,,585.36k,21.85444u
,,585.38k,24.19557u
,,585.4k,26.83795u
,,585.42k,28.13387u
,,585.44k,27.67476u
,,585.46k,26.7564u
,,585.48k,25.61687u
,,585.5k,23.33354u
,,585.52k,21.77708u
,,585.54k,22.90111u
,,585.56k,23.57826u
,,585.58k,22.25284u
,,585.6k,21.18133u
,,585.62k,21.44731u
,,585.64k,21.37198u
,,585.66k,20.38858u
,,585.68k,20.78408u
,,585.7k,24.00098u
,,585.72k,26.67661u
,,585.74k,28.03986u
,,585.76k,30.35525u
,,585.78k,31.41881u
,,585.8k,29.00312u
,,585.82k,26.36574u
,,585.84k,27.08144u
,,585.86k,28.36649u
,,585.88k,27.90578u
,,585.9k,26.44906u
,,585.92k,25.89462u
,,585.94k,27.09737u
,,585.96k,28.41803u
,,585.98k,28.92931u
,,586k,28.16435u
,,586.02k,27.58744u
,,586.04k,30.99604u
,,586.06k,35.83108u
,,586.08k,35.61712u
,,586.1k,30.70405u
,,586.12k,27.03503u
,,586.14k,26.10046u
,,586.16k,24.35582u
,,586.18k,21.20634u
,,586.2k,21.64172u
,,586.22k,25.94182u
,,586.24k,30.28741u
,,586.26k,32.945u
,,586.28k,34.51443u
,,586.3k,34.75272u
,,586.32k,32.38965u
,,586.34k,30.42347u
,,586.36k,31.00396u
,,586.38k,33.34093u
,,586.4k,35.41028u
,,586.42k,34.15086u
,,586.44k,31.62894u
,,586.46k,30.17611u
,,586.48k,30.26202u
,,586.5k,31.24515u
,,586.52k,31.82161u
,,586.54k,32.06522u
,,586.56k,32.09878u
,,586.58k,32.27305u
,,586.6k,32.63035u
,,586.62k,31.75997u
,,586.64k,30.98612u
,,586.66k,32.56586u
,,586.68k,34.09331u
,,586.7k,33.09054u
,,586.72k,30.96547u
,,586.74k,31.326u
,,586.76k,32.88134u
,,586.78k,31.67292u
,,586.8k,29.01002u
,,586.82k,28.4678u
,,586.84k,29.26716u
,,586.86k,28.88822u
,,586.88k,27.66104u
,,586.9k,26.79935u
,,586.92k,27.05637u
,,586.94k,28.36142u
,,586.96k,28.49698u
,,586.98k,26.64201u
,,587k,23.56144u
,,587.02k,20.7227u
,,587.04k,19.58763u
,,587.06k,18.04626u
,,587.08k,16.22417u
,,587.1k,16.78628u
,,587.12k,19.63219u
,,587.14k,21.7105u
,,587.16k,22.19141u
,,587.18k,23.0646u
,,587.2k,23.52671u
,,587.22k,23.28872u
,,587.24k,23.18996u
,,587.26k,22.43709u
,,587.28k,20.51727u
,,587.3k,19.62954u
,,587.32k,21.09334u
,,587.34k,21.98104u
,,587.36k,21.26731u
,,587.38k,22.78439u
,,587.4k,24.37317u
,,587.42k,22.55316u
,,587.44k,20.10309u
,,587.46k,20.27057u
,,587.48k,21.2717u
,,587.5k,21.08279u
,,587.52k,20.79414u
,,587.54k,22.81672u
,,587.56k,22.91939u
,,587.58k,18.69957u
,,587.6k,15.98732u
,,587.62k,19.94597u
,,587.64k,24.22755u
,,587.66k,22.49259u
,,587.68k,19.39605u
,,587.7k,21.02719u
,,587.72k,23.09774u
,,587.74k,21.7486u
,,587.76k,19.83644u
,,587.78k,17.88048u
,,587.8k,15.75882u
,,587.82k,14.58693u
,,587.84k,15.63011u
,,587.86k,18.85694u
,,587.88k,19.29645u
,,587.9k,15.62571u
,,587.92k,12.34827u
,,587.94k,11.22388u
,,587.96k,11.03747u
,,587.98k,10.89031u
,,588k,11.88318u
,,588.02k,12.85028u
,,588.04k,12.40142u
,,588.06k,12.81924u
,,588.08k,14.41158u
,,588.1k,13.48691u
,,588.12k,9.704788u
,,588.14k,9.136415u
,,588.16k,12.32792u
,,588.18k,12.97356u
,,588.2k,10.15914u
,,588.22k,8.615339u
,,588.24k,8.688941u
,,588.26k,8.139244u
,,588.28k,6.55475u
,,588.3k,5.154937u
,,588.32k,7.649206u
,,588.34k,10.60638u
,,588.36k,9.052786u
,,588.38k,7.364511u
,,588.4k,9.064455u
,,588.42k,10.4347u
,,588.44k,9.326201u
,,588.46k,7.131948u
,,588.48k,5.464463u
,,588.5k,5.470787u
,,588.52k,6.433701u
,,588.54k,6.212127u
,,588.56k,4.245357u
,,588.58k,3.995713u
,,588.6k,6.457202u
,,588.62k,6.247077u
,,588.64k,4.930762u
,,588.66k,6.227531u
,,588.68k,8.278806u
,,588.7k,8.368518u
,,588.72k,5.634884u
,,588.74k,2.1279u
,,588.76k,2.624696u
,,588.78k,5.011848u
,,588.8k,6.739313u
,,588.82k,5.016246u
,,588.84k,4.150453u
,,588.86k,4.797952u
,,588.88k,3.668747u
,,588.9k,3.876733u
,,588.92k,5.571652u
,,588.94k,4.327051u
,,588.96k,2.060847u
,,588.98k,3.542848u
,,589k,4.974283u
,,589.02k,4.734813u
,,589.04k,5.825396u
,,589.06k,7.247294u
,,589.08k,5.192161u
,,589.1k,5.504197u
,,589.12k,6.593718u
,,589.14k,4.842868u
,,589.16k,3.226173u
,,589.18k,6.349248u
,,589.2k,7.500341u
,,589.22k,7.909649u
,,589.24k,7.449519u
,,589.26k,7.767676u
,,589.28k,7.255199u
,,589.3k,5.774412u
,,589.32k,4.813343u
,,589.34k,3.96361u
,,589.36k,3.606579u
,,589.38k,1.79003u
,,589.4k,1.504805u
,,589.42k,3.405458u
,,589.44k,3.117533u
,,589.46k,2.034958u
,,589.48k,2.704424u
,,589.5k,3.868844u
,,589.52k,3.887858u
,,589.54k,1.534945u
,,589.56k,2.963322u
,,589.58k,5.661881u
,,589.6k,5.071775u
,,589.62k,2.629013u
,,589.64k,1.994136u
,,589.66k,3.442766u
,,589.68k,6.331361u
,,589.7k,5.318812u
,,589.72k,1.068571u
,,589.74k,3.251597u
,,589.76k,2.633911u
,,589.78k,837.2302n
,,589.8k,2.111966u
,,589.82k,3.705067u
,,589.84k,3.327119u
,,589.86k,2.780709u
,,589.88k,4.673136u
,,589.9k,6.612151u
,,589.92k,7.185882u
,,589.94k,3.062401u
,,589.96k,417.0101n
,,589.98k,2.23371u
,,590k,2.473345u
,,590.02k,1.012221u
,,590.04k,4.737671u
,,590.06k,6.537816u
,,590.08k,3.857935u
,,590.1k,638.927n
,,590.12k,1.350454u
,,590.14k,1.551162u
,,590.16k,3.197884u
,,590.18k,4.680779u
,,590.2k,6.602294u
,,590.22k,7.486752u
,,590.24k,7.461234u
,,590.26k,6.254875u
,,590.28k,4.463283u
,,590.3k,5.475144u
,,590.32k,8.258499u
,,590.34k,7.867986u
,,590.36k,5.792139u
,,590.38k,3.081824u
,,590.4k,4.652489u
,,590.42k,5.97124u
,,590.44k,7.71788u
,,590.46k,8.452221u
,,590.48k,8.727053u
,,590.5k,8.994722u
,,590.52k,8.051271u
,,590.54k,5.283053u
,,590.56k,5.689997u
,,590.58k,8.130345u
,,590.6k,8.013952u
,,590.62k,6.777323u
,,590.64k,6.148963u
,,590.66k,7.220114u
,,590.68k,8.276788u
,,590.7k,9.979933u
,,590.72k,12.92533u
,,590.74k,15.26377u
,,590.76k,17.56749u
,,590.78k,17.18836u
,,590.8k,12.76303u
,,590.82k,8.573077u
,,590.84k,8.257189u
,,590.86k,9.94879u
,,590.88k,11.58821u
,,590.9k,12.14516u
,,590.92k,11.60186u
,,590.94k,11.70701u
,,590.96k,13.31799u
,,590.98k,13.84335u
,,591k,12.54501u
,,591.02k,12.37457u
,,591.04k,15.23717u
,,591.06k,17.44636u
,,591.08k,17.18025u
,,591.1k,16.38243u
,,591.12k,17.77364u
,,591.14k,19.17698u
,,591.16k,17.8971u
,,591.18k,18.24357u
,,591.2k,20.2258u
,,591.22k,18.81566u
,,591.24k,17.83795u
,,591.26k,18.28605u
,,591.28k,18.27748u
,,591.3k,19.27165u
,,591.32k,20.3217u
,,591.34k,20.07974u
,,591.36k,21.76665u
,,591.38k,24.12599u
,,591.4k,22.92683u
,,591.42k,21.79365u
,,591.44k,23.75133u
,,591.46k,23.74204u
,,591.48k,20.79743u
,,591.5k,21.57499u
,,591.52k,26.82702u
,,591.54k,30.40718u
,,591.56k,30.04169u
,,591.58k,28.71071u
,,591.6k,28.35931u
,,591.62k,28.66931u
,,591.64k,29.34947u
,,591.66k,30.31456u
,,591.68k,31.65406u
,,591.7k,32.68711u
,,591.72k,31.305u
,,591.74k,29.0583u
,,591.76k,29.75773u
,,591.78k,32.38068u
,,591.8k,33.45071u
,,591.82k,32.68382u
,,591.84k,31.74796u
,,591.86k,31.21542u
,,591.88k,32.02639u
,,591.9k,33.96991u
,,591.92k,35.44726u
,,591.94k,37.32785u
,,591.96k,40.76644u
,,591.98k,43.39224u
,,592k,42.80581u
,,592.02k,41.11446u
,,592.04k,41.88608u
,,592.06k,44.17934u
,,592.08k,43.26165u
,,592.1k,39.28211u
,,592.12k,37.19108u
,,592.14k,38.65997u
,,592.16k,41.22226u
,,592.18k,43.85775u
,,592.2k,44.65152u
,,592.22k,42.30607u
,,592.24k,40.92129u
,,592.26k,42.84507u
,,592.28k,45.76571u
,,592.3k,49.17929u
,,592.32k,51.41269u
,,592.34k,50.13546u
,,592.36k,47.50827u
,,592.38k,45.74419u
,,592.4k,45.00044u
,,592.42k,45.10204u
,,592.44k,45.87931u
,,592.46k,49.64536u
,,592.48k,55.72527u
,,592.5k,57.65873u
,,592.52k,54.79551u
,,592.54k,53.45002u
,,592.56k,55.2813u
,,592.58k,57.18064u
,,592.6k,57.81759u
,,592.62k,57.85551u
,,592.64k,59.82428u
,,592.66k,62.99183u
,,592.68k,62.85548u
,,592.7k,61.07894u
,,592.72k,60.49093u
,,592.74k,62.3469u
,,592.76k,66.48954u
,,592.78k,68.46642u
,,592.8k,68.54602u
,,592.82k,70.84662u
,,592.84k,73.77084u
,,592.86k,75.10265u
,,592.88k,75.3839u
,,592.9k,74.35433u
,,592.92k,72.67021u
,,592.94k,72.5293u
,,592.96k,72.83699u
,,592.98k,72.42838u
,,593k,73.2863u
,,593.02k,74.22988u
,,593.04k,73.59004u
,,593.06k,73.82533u
,,593.08k,75.5796u
,,593.1k,76.99627u
,,593.12k,78.22442u
,,593.14k,79.72096u
,,593.16k,80.04407u
,,593.18k,80.78009u
,,593.2k,82.92409u
,,593.22k,83.03959u
,,593.24k,83.01037u
,,593.26k,84.90355u
,,593.28k,84.68485u
,,593.3k,82.58552u
,,593.32k,82.72165u
,,593.34k,84.13076u
,,593.36k,85.08209u
,,593.38k,88.25163u
,,593.4k,90.55487u
,,593.42k,89.80064u
,,593.44k,89.52489u
,,593.46k,88.41586u
,,593.48k,86.3738u
,,593.5k,85.99452u
,,593.52k,87.07923u
,,593.54k,89.41256u
,,593.56k,91.05341u
,,593.58k,89.60134u
,,593.6k,87.85161u
,,593.62k,89.32662u
,,593.64k,91.50856u
,,593.66k,90.28636u
,,593.68k,88.57465u
,,593.7k,89.77547u
,,593.72k,90.31099u
,,593.74k,88.75835u
,,593.76k,88.44288u
,,593.78k,89.87921u
,,593.8k,90.64234u
,,593.82k,90.76972u
,,593.84k,93.86134u
,,593.86k,97.61978u
,,593.88k,96.90347u
,,593.9k,92.88571u
,,593.92k,89.25089u
,,593.94k,88.73661u
,,593.96k,91.27725u
,,593.98k,95.4153u
,,594k,98.77455u
,,594.02k,97.14905u
,,594.04k,93.04629u
,,594.06k,91.21902u
,,594.08k,89.02675u
,,594.1k,86.72687u
,,594.12k,87.49808u
,,594.14k,90.31943u
,,594.16k,94.64043u
,,594.18k,98.0664u
,,594.2k,95.68975u
,,594.22k,91.6393u
,,594.24k,91.5091u
,,594.26k,92.62995u
,,594.28k,92.3908u
,,594.3k,91.37738u
,,594.32k,90.20693u
,,594.34k,86.84039u
,,594.36k,84.63983u
,,594.38k,86.95427u
,,594.4k,88.13904u
,,594.42k,87.64806u
,,594.44k,89.63965u
,,594.46k,91.81995u
,,594.48k,91.95846u
,,594.5k,91.76186u
,,594.52k,91.5948u
,,594.54k,91.8176u
,,594.56k,91.59481u
,,594.58k,88.95753u
,,594.6k,86.62029u
,,594.62k,86.79481u
,,594.64k,87.44835u
,,594.66k,88.84714u
,,594.68k,89.85053u
,,594.7k,88.13118u
,,594.72k,86.22658u
,,594.74k,84.90571u
,,594.76k,85.09258u
,,594.78k,86.94962u
,,594.8k,85.19845u
,,594.82k,80.66965u
,,594.84k,78.59686u
,,594.86k,78.33247u
,,594.88k,76.84044u
,,594.9k,73.78859u
,,594.92k,71.69513u
,,594.94k,72.95735u
,,594.96k,76.19857u
,,594.98k,78.28678u
,,595k,78.6439u
,,595.02k,78.76013u
,,595.04k,78.28302u
,,595.06k,74.90305u
,,595.08k,71.70044u
,,595.1k,72.52845u
,,595.12k,72.97657u
,,595.14k,69.87347u
,,595.16k,66.93617u
,,595.18k,66.75853u
,,595.2k,67.8229u
,,595.22k,67.57307u
,,595.24k,65.69527u
,,595.26k,64.46183u
,,595.28k,65.63637u
,,595.3k,66.93462u
,,595.32k,65.44095u
,,595.34k,63.11204u
,,595.36k,63.04226u
,,595.38k,63.46185u
,,595.4k,63.30312u
,,595.42k,62.62938u
,,595.44k,61.37297u
,,595.46k,60.88157u
,,595.48k,60.62521u
,,595.5k,60.68659u
,,595.52k,60.3305u
,,595.54k,58.72635u
,,595.56k,57.85045u
,,595.58k,57.46215u
,,595.6k,57.78954u
,,595.62k,58.30099u
,,595.64k,58.15554u
,,595.66k,57.30386u
,,595.68k,56.59163u
,,595.7k,56.99505u
,,595.72k,57.91327u
,,595.74k,59.02u
,,595.76k,58.55939u
,,595.78k,55.66938u
,,595.8k,50.53702u
,,595.82k,47.55894u
,,595.84k,50.10494u
,,595.86k,51.66043u
,,595.88k,50.69155u
,,595.9k,51.32552u
,,595.92k,51.63903u
,,595.94k,51.16484u
,,595.96k,51.64765u
,,595.98k,52.68381u
,,596k,54.44334u
,,596.02k,55.21588u
,,596.04k,51.85331u
,,596.06k,45.39928u
,,596.08k,42.89493u
,,596.1k,46.28752u
,,596.12k,49.17662u
,,596.14k,49.55226u
,,596.16k,48.95958u
,,596.18k,46.7069u
,,596.2k,44.21489u
,,596.22k,44.68594u
,,596.24k,47.59949u
,,596.26k,48.95622u
,,596.28k,46.16687u
,,596.3k,41.66614u
,,596.32k,40.00945u
,,596.34k,41.82983u
,,596.36k,44.47382u
,,596.38k,46.78098u
,,596.4k,49.37852u
,,596.42k,50.9153u
,,596.44k,49.15485u
,,596.46k,45.00958u
,,596.48k,41.09844u
,,596.5k,38.71301u
,,596.52k,39.54681u
,,596.54k,41.77695u
,,596.56k,42.1626u
,,596.58k,42.00456u
,,596.6k,40.68785u
,,596.62k,38.44709u
,,596.64k,38.7128u
,,596.66k,40.06878u
,,596.68k,39.99079u
,,596.7k,39.92099u
,,596.72k,41.04127u
,,596.74k,41.83978u
,,596.76k,41.09161u
,,596.78k,40.45778u
,,596.8k,42.26409u
,,596.82k,44.60667u
,,596.84k,44.59927u
,,596.86k,42.59423u
,,596.88k,39.80895u
,,596.9k,37.38728u
,,596.92k,35.77776u
,,596.94k,35.6243u
,,596.96k,36.51811u
,,596.98k,36.38327u
,,597k,35.12454u
,,597.02k,34.57709u
,,597.04k,35.58525u
,,597.06k,36.27856u
,,597.08k,34.6878u
,,597.1k,31.63371u
,,597.12k,31.43797u
,,597.14k,36.34334u
,,597.16k,40.35295u
,,597.18k,39.01351u
,,597.2k,37.30032u
,,597.22k,36.72469u
,,597.24k,34.74053u
,,597.26k,33.546u
,,597.28k,33.2382u
,,597.3k,31.16016u
,,597.32k,29.78878u
,,597.34k,30.55282u
,,597.36k,31.20412u
,,597.38k,31.89922u
,,597.4k,32.97144u
,,597.42k,33.86563u
,,597.44k,34.10772u
,,597.46k,33.2191u
,,597.48k,32.65808u
,,597.5k,32.91563u
,,597.52k,31.70413u
,,597.54k,29.57848u
,,597.56k,29.57143u
,,597.58k,31.29774u
,,597.6k,32.34497u
,,597.62k,33.25741u
,,597.64k,35.55484u
,,597.66k,37.30539u
,,597.68k,35.61698u
,,597.7k,33.4718u
,,597.72k,34.83694u
,,597.74k,36.88844u
,,597.76k,34.72652u
,,597.78k,29.6825u
,,597.8k,27.58575u
,,597.82k,29.86875u
,,597.84k,33.54961u
,,597.86k,35.56318u
,,597.88k,34.88137u
,,597.9k,33.2965u
,,597.92k,33.57166u
,,597.94k,33.22965u
,,597.96k,31.2534u
,,597.98k,30.61216u
,,598k,31.18562u
,,598.02k,32.18228u
,,598.04k,33.33393u
,,598.06k,33.20926u
,,598.08k,30.85471u
,,598.1k,28.8654u
,,598.12k,29.39142u
,,598.14k,30.61577u
,,598.16k,31.7042u
,,598.18k,32.43105u
,,598.2k,32.37247u
,,598.22k,31.35926u
,,598.24k,29.55612u
,,598.26k,28.25435u
,,598.28k,25.42243u
,,598.3k,21.76802u
,,598.32k,22.7059u
,,598.34k,27.13311u
,,598.36k,29.32577u
,,598.38k,29.72141u
,,598.4k,30.55124u
,,598.42k,30.55856u
,,598.44k,29.92663u
,,598.46k,28.30496u
,,598.48k,24.94555u
,,598.5k,23.81613u
,,598.52k,25.71287u
,,598.54k,26.03166u
,,598.56k,24.9845u
,,598.58k,24.4913u
,,598.6k,25.8313u
,,598.62k,28.71954u
,,598.64k,30.09726u
,,598.66k,28.70924u
,,598.68k,26.64767u
,,598.7k,26.33404u
,,598.72k,28.62886u
,,598.74k,29.6464u
,,598.76k,26.89284u
,,598.78k,24.63913u
,,598.8k,25.47409u
,,598.82k,26.5329u
,,598.84k,25.04107u
,,598.86k,23.66894u
,,598.88k,24.61044u
,,598.9k,25.97368u
,,598.92k,26.23121u
,,598.94k,24.99854u
,,598.96k,23.49877u
,,598.98k,23.8016u
,,599k,24.803u
,,599.02k,25.41411u
,,599.04k,25.38524u
,,599.06k,26.17403u
,,599.08k,27.57095u
,,599.1k,28.8145u
,,599.12k,29.65079u
,,599.14k,30.02292u
,,599.16k,30.00975u
,,599.18k,28.90148u
,,599.2k,25.96159u
,,599.22k,24.58361u
,,599.24k,25.92374u
,,599.26k,27.78202u
,,599.28k,29.34133u
,,599.3k,29.66573u
,,599.32k,28.40941u
,,599.34k,28.13088u
,,599.36k,30.65154u
,,599.38k,33.72941u
,,599.4k,33.53718u
,,599.42k,29.97971u
,,599.44k,28.07163u
,,599.46k,29.80995u
,,599.48k,31.12241u
,,599.5k,30.53771u
,,599.52k,28.67899u
,,599.54k,25.7805u
,,599.56k,24.07162u
,,599.58k,23.61097u
,,599.6k,22.78911u
,,599.62k,22.93592u
,,599.64k,23.99891u
,,599.66k,24.99216u
,,599.68k,25.59955u
,,599.7k,26.33493u
,,599.72k,25.82192u
,,599.74k,23.29296u
,,599.76k,23.41847u
,,599.78k,25.84804u
,,599.8k,26.40995u
,,599.82k,25.68611u
,,599.84k,24.77709u
,,599.86k,23.35705u
,,599.88k,22.87525u
,,599.9k,25.72523u
,,599.92k,31.50153u
,,599.94k,33.45003u
,,599.96k,28.7542u
,,599.98k,25.32648u
,,600k,26.68156u
,,600.02k,27.88916u
,,600.04k,26.50113u
,,600.06k,25.04955u
,,600.08k,24.19923u
,,600.1k,23.8465u
,,600.12k,24.19665u
,,600.14k,23.73954u
,,600.16k,23.43858u
,,600.18k,24.54402u
,,600.2k,24.72601u
,,600.22k,24.80964u
,,600.24k,24.84957u
,,600.26k,25.41181u
,,600.28k,26.96259u
,,600.3k,25.8223u
,,600.32k,22.7308u
,,600.34k,22.90246u
,,600.36k,24.80925u
,,600.38k,24.24038u
,,600.4k,22.53202u
,,600.42k,21.59629u
,,600.44k,20.92432u
,,600.46k,21.40515u
,,600.48k,23.79595u
,,600.5k,24.32091u
,,600.52k,22.37538u
,,600.54k,21.65388u
,,600.56k,21.80924u
,,600.58k,21.79138u
,,600.6k,23.55404u
,,600.62k,24.70052u
,,600.64k,24.03486u
,,600.66k,24.21104u
,,600.68k,23.98835u
,,600.7k,20.8943u
,,600.72k,17.19661u
,,600.74k,15.97907u
,,600.76k,17.13593u
,,600.78k,19.11582u
,,600.8k,20.51645u
,,600.82k,21.27283u
,,600.84k,21.44285u
,,600.86k,21.2869u
,,600.88k,19.90445u
,,600.9k,18.6695u
,,600.92k,20.04595u
,,600.94k,20.57094u
,,600.96k,18.2883u
,,600.98k,16.38578u
,,601k,15.04895u
,,601.02k,13.09009u
,,601.04k,12.4023u
,,601.06k,14.79445u
,,601.08k,18.75393u
,,601.1k,21.58285u
,,601.12k,21.28982u
,,601.14k,18.35801u
,,601.16k,18.93619u
,,601.18k,22.22691u
,,601.2k,22.5072u
,,601.22k,20.9695u
,,601.24k,19.66912u
,,601.26k,18.98619u
,,601.28k,20.59019u
,,601.3k,23.9466u
,,601.32k,25.09068u
,,601.34k,21.22377u
,,601.36k,17.11068u
,,601.38k,17.12309u
,,601.4k,18.351u
,,601.42k,19.55163u
,,601.44k,21.95257u
,,601.46k,22.71154u
,,601.48k,20.50289u
,,601.5k,17.3816u
,,601.52k,15.64177u
,,601.54k,15.77078u
,,601.56k,16.83515u
,,601.58k,18.02285u
,,601.6k,19.43896u
,,601.62k,18.30987u
,,601.64k,16.88911u
,,601.66k,19.17139u
,,601.68k,19.11697u
,,601.7k,16.25498u
,,601.72k,15.36367u
,,601.74k,15.47349u
,,601.76k,16.64893u
,,601.78k,18.43563u
,,601.8k,19.61678u
,,601.82k,21.11594u
,,601.84k,20.71483u
,,601.86k,18.25405u
,,601.88k,18.01136u
,,601.9k,19.99324u
,,601.92k,21.59714u
,,601.94k,22.31124u
,,601.96k,22.7523u
,,601.98k,22.64383u
,,602k,20.77326u
,,602.02k,18.73341u
,,602.04k,19.10045u
,,602.06k,20.00267u
,,602.08k,20.50999u
,,602.1k,21.11216u
,,602.12k,20.40424u
,,602.14k,18.84032u
,,602.16k,19.41355u
,,602.18k,19.62938u
,,602.2k,17.94574u
,,602.22k,18.28834u
,,602.24k,20.74642u
,,602.26k,22.44812u
,,602.28k,21.14496u
,,602.3k,17.96437u
,,602.32k,15.28985u
,,602.34k,15.41231u
,,602.36k,18.5643u
,,602.38k,19.91179u
,,602.4k,17.56438u
,,602.42k,14.49795u
,,602.44k,15.70851u
,,602.46k,21.2794u
,,602.48k,24.18842u
,,602.5k,22.86142u
,,602.52k,22.43588u
,,602.54k,24.17077u
,,602.56k,24.92674u
,,602.58k,25.35866u
,,602.6k,27.35682u
,,602.62k,29.16711u
,,602.64k,28.89631u
,,602.66k,27.18188u
,,602.68k,25.07637u
,,602.7k,24.88732u
,,602.72k,26.36579u
,,602.74k,26.93381u
,,602.76k,26.0918u
,,602.78k,25.10361u
,,602.8k,25.62131u
,,602.82k,26.13684u
,,602.84k,26.72057u
,,602.86k,28.1658u
,,602.88k,28.64955u
,,602.9k,28.28801u
,,602.92k,28.96934u
,,602.94k,30.55273u
,,602.96k,30.89627u
,,602.98k,28.1035u
,,603k,26.19633u
,,603.02k,27.17154u
,,603.04k,27.4843u
,,603.06k,26.98997u
,,603.08k,26.87205u
,,603.1k,25.86089u
,,603.12k,25.67539u
,,603.14k,27.51699u
,,603.16k,28.96538u
,,603.18k,28.45084u
,,603.2k,25.80073u
,,603.22k,23.22015u
,,603.24k,23.79083u
,,603.26k,25.88806u
,,603.28k,28.37706u
,,603.3k,30.84808u
,,603.32k,31.27519u
,,603.34k,29.76446u
,,603.36k,28.8069u
,,603.38k,29.40378u
,,603.4k,30.16219u
,,603.42k,31.90887u
,,603.44k,34.39319u
,,603.46k,34.93521u
,,603.48k,33.70041u
,,603.5k,31.14536u
,,603.52k,27.51355u
,,603.54k,26.19442u
,,603.56k,28.25477u
,,603.58k,31.10699u
,,603.6k,33.4232u
,,603.62k,33.27027u
,,603.64k,30.47611u
,,603.66k,27.80292u
,,603.68k,27.60009u
,,603.7k,27.54397u
,,603.72k,25.33372u
,,603.74k,24.27298u
,,603.76k,26.3679u
,,603.78k,29.59441u
,,603.8k,32.64971u
,,603.82k,34.34866u
,,603.84k,34.03062u
,,603.86k,32.46399u
,,603.88k,31.35383u
,,603.9k,31.04236u
,,603.92k,31.56052u
,,603.94k,32.92288u
,,603.96k,33.64651u
,,603.98k,33.82595u
,,604k,34.28072u
,,604.02k,33.29378u
,,604.04k,30.80506u
,,604.06k,28.99847u
,,604.08k,27.69297u
,,604.1k,27.86405u
,,604.12k,29.90319u
,,604.14k,31.54648u
,,604.16k,32.79242u
,,604.18k,33.60176u
,,604.2k,33.41932u
,,604.22k,32.25911u
,,604.24k,28.57764u
,,604.26k,25.42208u
,,604.28k,26.11359u
,,604.3k,27.43726u
,,604.32k,28.3212u
,,604.34k,30.33092u
,,604.36k,31.64583u
,,604.38k,31.27403u
,,604.4k,30.74476u
,,604.42k,31.31193u
,,604.44k,32.189u
,,604.46k,30.79432u
,,604.48k,28.38115u
,,604.5k,26.74095u
,,604.52k,24.40313u
,,604.54k,24.20565u
,,604.56k,26.67441u
,,604.58k,27.4915u
,,604.6k,26.9849u
,,604.62k,26.77531u
,,604.64k,25.88629u
,,604.66k,24.5832u
,,604.68k,24.50223u
,,604.7k,25.64013u
,,604.72k,26.87551u
,,604.74k,26.50493u
,,604.76k,25.61151u
,,604.78k,25.58433u
,,604.8k,27.47697u
,,604.82k,29.22972u
,,604.84k,28.30179u
,,604.86k,27.06307u
,,604.88k,26.44439u
,,604.9k,25.75413u
,,604.92k,25.87949u
,,604.94k,24.48602u
,,604.96k,22.02756u
,,604.98k,21.47363u
,,605k,22.90838u
,,605.02k,22.79109u
,,605.04k,20.0188u
,,605.06k,18.90133u
,,605.08k,21.40315u
,,605.1k,23.79826u
,,605.12k,24.50996u
,,605.14k,25.03459u
,,605.16k,25.49668u
,,605.18k,24.29719u
,,605.2k,22.18239u
,,605.22k,21.70775u
,,605.24k,21.70291u
,,605.26k,21.24281u
,,605.28k,21.818u
,,605.3k,22.98895u
,,605.32k,26.61383u
,,605.34k,30.05851u
,,605.36k,27.85591u
,,605.38k,22.91976u
,,605.4k,20.83389u
,,605.42k,21.06782u
,,605.44k,21.59611u
,,605.46k,21.92476u
,,605.48k,22.44246u
,,605.5k,22.63782u
,,605.52k,21.27364u
,,605.54k,18.77113u
,,605.56k,15.14154u
,,605.58k,12.84472u
,,605.6k,15.16617u
,,605.62k,19.29015u
,,605.64k,21.25754u
,,605.66k,19.68045u
,,605.68k,18.19424u
,,605.7k,19.09485u
,,605.72k,17.97281u
,,605.74k,16.73127u
,,605.76k,17.94441u
,,605.78k,18.18649u
,,605.8k,16.86646u
,,605.82k,15.91581u
,,605.84k,16.79908u
,,605.86k,17.16224u
,,605.88k,15.65048u
,,605.9k,13.96121u
,,605.92k,12.87949u
,,605.94k,12.0902u
,,605.96k,12.34548u
,,605.98k,15.03028u
,,606k,17.18792u
,,606.02k,15.90913u
,,606.04k,13.85964u
,,606.06k,14.68223u
,,606.08k,17.5288u
,,606.1k,19.53724u
,,606.12k,19.67222u
,,606.14k,19.4301u
,,606.16k,20.52261u
,,606.18k,23.1073u
,,606.2k,24.77276u
,,606.22k,23.16129u
,,606.24k,20.22198u
,,606.26k,18.23145u
,,606.28k,16.83123u
,,606.3k,15.25199u
,,606.32k,14.91392u
,,606.34k,18.34938u
,,606.36k,19.58845u
,,606.38k,16.65899u
,,606.4k,14.22667u
,,606.42k,13.25076u
,,606.44k,14.17722u
,,606.46k,16.38598u
,,606.48k,15.82623u
,,606.5k,13.66323u
,,606.52k,13.37532u
,,606.54k,15.87558u
,,606.56k,18.09991u
,,606.58k,16.37747u
,,606.6k,15.33966u
,,606.62k,17.0923u
,,606.64k,17.29213u
,,606.66k,16.53572u
,,606.68k,16.71392u
,,606.7k,17.51528u
,,606.72k,17.95252u
,,606.74k,17.2365u
,,606.76k,17.21208u
,,606.78k,18.46529u
,,606.8k,20.61955u
,,606.82k,22.40518u
,,606.84k,22.26481u
,,606.86k,19.97751u
,,606.88k,17.50336u
,,606.9k,17.33907u
,,606.92k,18.94991u
,,606.94k,19.29509u
,,606.96k,16.38325u
,,606.98k,12.92648u
,,607k,13.00599u
,,607.02k,15.59931u
,,607.04k,17.87157u
,,607.06k,19.08011u
,,607.08k,19.67568u
,,607.1k,19.9964u
,,607.12k,21.15466u
,,607.14k,23.21274u
,,607.16k,23.47887u
,,607.18k,21.01488u
,,607.2k,18.77267u
,,607.22k,18.57023u
,,607.24k,17.91954u
,,607.26k,16.1572u
,,607.28k,14.02997u
,,607.3k,13.3528u
,,607.32k,13.86294u
,,607.34k,13.51437u
,,607.36k,14.37373u
,,607.38k,17.05127u
,,607.4k,18.00307u
,,607.42k,17.00065u
,,607.44k,14.64251u
,,607.46k,12.39157u
,,607.48k,12.52298u
,,607.5k,14.36895u
,,607.52k,16.55223u
,,607.54k,19.759u
,,607.56k,22.93696u
,,607.58k,25.11134u
,,607.6k,26.0703u
,,607.62k,23.18299u
,,607.64k,18.15281u
,,607.66k,16.43886u
,,607.68k,17.71593u
,,607.7k,19.46215u
,,607.72k,21.68149u
,,607.74k,24.01493u
,,607.76k,24.49821u
,,607.78k,21.80815u
,,607.8k,19.90714u
,,607.82k,22.38999u
,,607.84k,25.99356u
,,607.86k,26.95329u
,,607.88k,24.12784u
,,607.9k,21.72057u
,,607.92k,22.17675u
,,607.94k,21.14994u
,,607.96k,18.73203u
,,607.98k,19.1204u
,,608k,20.03425u
,,608.02k,19.16931u
,,608.04k,19.16243u
,,608.06k,20.4223u
,,608.08k,20.60733u
,,608.1k,19.10902u
,,608.12k,18.22196u
,,608.14k,20.05676u
,,608.16k,21.871u
,,608.18k,22.14052u
,,608.2k,22.40819u
,,608.22k,23.47162u
,,608.24k,24.09298u
,,608.26k,24.39088u
,,608.28k,23.64083u
,,608.3k,22.48594u
,,608.32k,22.39721u
,,608.34k,22.28823u
,,608.36k,21.78426u
,,608.38k,22.26267u
,,608.4k,24.85867u
,,608.42k,26.82245u
,,608.44k,26.79077u
,,608.46k,27.08327u
,,608.48k,26.0322u
,,608.5k,25.26389u
,,608.52k,28.35716u
,,608.54k,30.33883u
,,608.56k,27.27591u
,,608.58k,22.3906u
,,608.6k,21.54816u
,,608.62k,23.08806u
,,608.64k,22.58795u
,,608.66k,21.44938u
,,608.68k,20.9061u
,,608.7k,21.74222u
,,608.72k,24.32618u
,,608.74k,25.90207u
,,608.76k,24.96119u
,,608.78k,23.96907u
,,608.8k,24.31034u
,,608.82k,23.90427u
,,608.84k,22.36322u
,,608.86k,21.81115u
,,608.88k,23.50908u
,,608.9k,23.68136u
,,608.92k,21.82751u
,,608.94k,22.24585u
,,608.96k,22.65755u
,,608.98k,22.34921u
,,609k,23.15448u
,,609.02k,23.90758u
,,609.04k,24.62419u
,,609.06k,25.43709u
,,609.08k,24.68439u
,,609.1k,24.78771u
,,609.12k,26.65136u
,,609.14k,26.91765u
,,609.16k,24.28083u
,,609.18k,22.29102u
,,609.2k,23.84343u
,,609.22k,25.36476u
,,609.24k,24.47808u
,,609.26k,23.52474u
,,609.28k,23.36u
,,609.3k,24.37154u
,,609.32k,26.21044u
,,609.34k,26.92738u
,,609.36k,27.41457u
,,609.38k,28.43884u
,,609.4k,27.92863u
,,609.42k,25.62659u
,,609.44k,23.48035u
,,609.46k,22.93593u
,,609.48k,24.77191u
,,609.5k,29.1454u
,,609.52k,34.00449u
,,609.54k,32.63044u
,,609.56k,25.13385u
,,609.58k,21.55222u
,,609.6k,22.10829u
,,609.62k,21.59653u
,,609.64k,21.92993u
,,609.66k,23.57996u
,,609.68k,24.4804u
,,609.7k,23.78114u
,,609.72k,20.99892u
,,609.74k,19.1818u
,,609.76k,20.62209u
,,609.78k,21.86326u
,,609.8k,22.76583u
,,609.82k,22.99798u
,,609.84k,23.68998u
,,609.86k,25.27016u
,,609.88k,25.15124u
,,609.9k,22.59062u
,,609.92k,19.65708u
,,609.94k,18.80104u
,,609.96k,20.34143u
,,609.98k,21.17872u
,,610k,20.13115u
,,610.02k,19.43924u
,,610.04k,19.96504u
,,610.06k,20.65262u
,,610.08k,20.26488u
,,610.1k,19.95889u
,,610.12k,20.10834u
,,610.14k,19.81686u
,,610.16k,19.8188u
,,610.18k,19.96314u
,,610.2k,19.60953u
,,610.22k,18.78274u
,,610.24k,16.77501u
,,610.26k,16.17094u
,,610.28k,18.81741u
,,610.3k,20.357u
,,610.32k,18.4613u
,,610.34k,16.12056u
,,610.36k,14.7819u
,,610.38k,15.55758u
,,610.4k,16.97179u
,,610.42k,17.00195u
,,610.44k,18.68722u
,,610.46k,21.34197u
,,610.48k,21.45711u
,,610.5k,20.55849u
,,610.52k,19.28494u
,,610.54k,16.25555u
,,610.56k,15.40443u
,,610.58k,17.89026u
,,610.6k,18.61154u
,,610.62k,17.13762u
,,610.64k,14.22949u
,,610.66k,12.39069u
,,610.68k,12.94418u
,,610.7k,13.94007u
,,610.72k,14.21433u
,,610.74k,14.87797u
,,610.76k,14.96807u
,,610.78k,12.26862u
,,610.8k,10.21595u
,,610.82k,9.698759u
,,610.84k,9.408963u
,,610.86k,10.18504u
,,610.88k,10.82584u
,,610.9k,10.47895u
,,610.92k,8.563122u
,,610.94k,7.244956u
,,610.96k,7.07672u
,,610.98k,7.402205u
,,611k,7.655005u
,,611.02k,7.607581u
,,611.04k,7.953692u
,,611.06k,6.749248u
,,611.08k,4.180102u
,,611.1k,3.414597u
,,611.12k,3.26531u
,,611.14k,3.62821u
,,611.16k,3.109933u
,,611.18k,4.239024u
,,611.2k,8.527056u
,,611.22k,12.15787u
,,611.24k,12.92224u
,,611.26k,11.60518u
,,611.28k,9.384062u
,,611.3k,8.281325u
,,611.32k,7.542549u
,,611.34k,7.911238u
,,611.36k,8.75805u
,,611.38k,7.721795u
,,611.4k,3.945983u
,,611.42k,2.444129u
,,611.44k,1.843138u
,,611.46k,1.665442u
,,611.48k,3.254541u
,,611.5k,4.093258u
,,611.52k,5.353613u
,,611.54k,5.665222u
,,611.56k,4.903129u
,,611.58k,6.440207u
,,611.6k,10.19492u
,,611.62k,11.74978u
,,611.64k,12.29171u
,,611.66k,12.52259u
,,611.68k,10.80916u
,,611.7k,7.872368u
,,611.72k,5.634727u
,,611.74k,6.057973u
,,611.76k,7.694619u
,,611.78k,6.231606u
,,611.8k,3.314128u
,,611.82k,3.716939u
,,611.84k,5.691438u
,,611.86k,4.719774u
,,611.88k,3.177354u
,,611.9k,6.231623u
,,611.92k,9.495005u
,,611.94k,10.58348u
,,611.96k,11.77851u
,,611.98k,10.45445u
,,612k,7.518808u
,,612.02k,7.547043u
,,612.04k,7.843896u
,,612.06k,7.277887u
,,612.08k,9.488878u
,,612.1k,12.62059u
,,612.12k,11.74457u
,,612.14k,8.196876u
,,612.16k,5.768199u
,,612.18k,5.385729u
,,612.2k,7.952253u
,,612.22k,11.46696u
,,612.24k,13.3103u
,,612.26k,14.49303u
,,612.28k,15.50329u
,,612.3k,14.44824u
,,612.32k,12.43756u
,,612.34k,11.73073u
,,612.36k,10.84455u
,,612.38k,10.50427u
,,612.4k,9.219712u
,,612.42k,7.907947u
,,612.44k,9.495608u
,,612.46k,9.928151u
,,612.48k,9.115028u
,,612.5k,9.37876u
,,612.52k,8.654633u
,,612.54k,5.935412u
,,612.56k,5.067424u
,,612.58k,6.015407u
,,612.6k,6.015346u
,,612.62k,6.216937u
,,612.64k,6.594269u
,,612.66k,7.869561u
,,612.68k,9.667059u
,,612.7k,8.78373u
,,612.72k,7.655722u
,,612.74k,8.667536u
,,612.76k,9.032916u
,,612.78k,8.224641u
,,612.8k,8.646466u
,,612.82k,13.0349u
,,612.84k,16.57797u
,,612.86k,14.47377u
,,612.88k,12.40285u
,,612.9k,13.63931u
,,612.92k,14.59196u
,,612.94k,12.92843u
,,612.96k,10.98529u
,,612.98k,12.43875u
,,613k,16.77355u
,,613.02k,19.65381u
,,613.04k,20.29712u
,,613.06k,19.00699u
,,613.08k,17.17087u
,,613.1k,16.95513u
,,613.12k,17.76497u
,,613.14k,14.6222u
,,613.16k,10.04672u
,,613.18k,11.8909u
,,613.2k,15.49044u
,,613.22k,15.4308u
,,613.24k,15.83274u
,,613.26k,19.11645u
,,613.28k,21.12091u
,,613.3k,19.61377u
,,613.32k,17.37426u
,,613.34k,16.0336u
,,613.36k,16.13551u
,,613.38k,17.01105u
,,613.4k,18.62204u
,,613.42k,18.78158u
,,613.44k,16.69346u
,,613.46k,14.85084u
,,613.48k,14.73341u
,,613.5k,14.99918u
,,613.52k,15.847u
,,613.54k,17.29163u
,,613.56k,18.10566u
,,613.58k,19.02128u
,,613.6k,21.54775u
,,613.62k,22.11827u
,,613.64k,19.83369u
,,613.66k,19.78335u
,,613.68k,21.56682u
,,613.7k,19.53401u
,,613.72k,15.19648u
,,613.74k,14.84526u
,,613.76k,19.24336u
,,613.78k,24.59591u
,,613.8k,27.91805u
,,613.82k,29.55017u
,,613.84k,29.38664u
,,613.86k,26.72083u
,,613.88k,24.918u
,,613.9k,27.07643u
,,613.92k,29.15761u
,,613.94k,28.80237u
,,613.96k,27.53691u
,,613.98k,26.20555u
,,614k,25.88566u
,,614.02k,26.3515u
,,614.04k,26.27676u
,,614.06k,25.64617u
,,614.08k,26.47955u
,,614.1k,28.03572u
,,614.12k,27.96215u
,,614.14k,26.26124u
,,614.16k,25.23936u
,,614.18k,26.15306u
,,614.2k,28.08172u
,,614.22k,29.19781u
,,614.24k,28.92447u
,,614.26k,29.80345u
,,614.28k,30.17361u
,,614.3k,28.14269u
,,614.32k,27.02817u
,,614.34k,27.92597u
,,614.36k,30.33661u
,,614.38k,33.16571u
,,614.4k,33.48703u
,,614.42k,33.27574u
,,614.44k,33.9374u
,,614.46k,33.48478u
,,614.48k,35.25296u
,,614.5k,39.01972u
,,614.52k,39.06023u
,,614.54k,36.43344u
,,614.56k,33.48909u
,,614.58k,32.48411u
,,614.6k,33.55822u
,,614.62k,32.68795u
,,614.64k,30.74816u
,,614.66k,32.84821u
,,614.68k,37.67561u
,,614.7k,39.62079u
,,614.72k,39.20558u
,,614.74k,39.29635u
,,614.76k,39.59757u
,,614.78k,39.60119u
,,614.8k,39.48202u
,,614.82k,38.27203u
,,614.84k,37.91472u
,,614.86k,40.64293u
,,614.88k,42.53553u
,,614.9k,40.66816u
,,614.92k,40.08249u
,,614.94k,42.84653u
,,614.96k,43.70007u
,,614.98k,43.12648u
,,615k,45.42229u
,,615.02k,46.16459u
,,615.04k,43.1199u
,,615.06k,41.73245u
,,615.08k,43.39732u
,,615.1k,45.91936u
,,615.12k,47.49373u
,,615.14k,48.98649u
,,615.16k,51.17553u
,,615.18k,49.54198u
,,615.2k,43.50684u
,,615.22k,39.17219u
,,615.24k,38.00514u
,,615.26k,38.90267u
,,615.28k,41.03603u
,,615.3k,43.37611u
,,615.32k,46.84472u
,,615.34k,49.76256u
,,615.36k,49.85438u
,,615.38k,48.31234u
,,615.4k,47.18251u
,,615.42k,46.44864u
,,615.44k,44.64437u
,,615.46k,42.42306u
,,615.48k,43.91394u
,,615.5k,48.18527u
,,615.52k,50.17888u
,,615.54k,50.23014u
,,615.56k,50.778u
,,615.58k,50.79271u
,,615.6k,49.99738u
,,615.62k,49.35493u
,,615.64k,49.03181u
,,615.66k,50.57049u
,,615.68k,52.22608u
,,615.7k,49.55247u
,,615.72k,46.10146u
,,615.74k,47.64483u
,,615.76k,52.3149u
,,615.78k,55.33775u
,,615.8k,55.21246u
,,615.82k,53.75825u
,,615.84k,52.29861u
,,615.86k,51.68895u
,,615.88k,52.5579u
,,615.9k,53.57394u
,,615.92k,53.57223u
,,615.94k,52.33571u
,,615.96k,51.21478u
,,615.98k,52.29946u
,,616k,54.27935u
,,616.02k,54.19184u
,,616.04k,52.88988u
,,616.06k,53.2949u
,,616.08k,53.93023u
,,616.1k,53.21947u
,,616.12k,52.10044u
,,616.14k,51.24212u
,,616.16k,50.51583u
,,616.18k,50.57056u
,,616.2k,51.83707u
,,616.22k,52.37417u
,,616.24k,51.49082u
,,616.26k,51.86379u
,,616.28k,52.14334u
,,616.3k,49.865u
,,616.32k,48.21672u
,,616.34k,47.65882u
,,616.36k,46.25641u
,,616.38k,46.03518u
,,616.4k,46.11912u
,,616.42k,44.15112u
,,616.44k,43.31521u
,,616.46k,43.85137u
,,616.48k,42.62424u
,,616.5k,42.05137u
,,616.52k,44.39595u
,,616.54k,45.92262u
,,616.56k,45.96699u
,,616.58k,46.94405u
,,616.6k,47.88168u
,,616.62k,46.7334u
,,616.64k,43.59718u
,,616.66k,40.12168u
,,616.68k,36.5302u
,,616.7k,35.16309u
,,616.72k,38.8319u
,,616.74k,43.83836u
,,616.76k,45.09933u
,,616.78k,43.04282u
,,616.8k,39.14673u
,,616.82k,36.55948u
,,616.84k,37.47211u
,,616.86k,39.4058u
,,616.88k,38.81107u
,,616.9k,35.69286u
,,616.92k,34.97903u
,,616.94k,37.48251u
,,616.96k,40.13573u
,,616.98k,41.39734u
,,617k,40.63251u
,,617.02k,38.24712u
,,617.04k,35.96662u
,,617.06k,35.55782u
,,617.08k,37.89028u
,,617.1k,43.27318u
,,617.12k,47.44965u
,,617.14k,45.3569u
,,617.16k,40.91472u
,,617.18k,38.59964u
,,617.2k,36.22807u
,,617.22k,33.53585u
,,617.24k,33.03824u
,,617.26k,34.15987u
,,617.28k,33.95302u
,,617.3k,30.77337u
,,617.32k,27.5607u
,,617.34k,26.64348u
,,617.36k,26.22351u
,,617.38k,26.34346u
,,617.4k,27.26343u
,,617.42k,29.59705u
,,617.44k,31.86164u
,,617.46k,32.00971u
,,617.48k,30.12746u
,,617.5k,28.37729u
,,617.52k,27.5043u
,,617.54k,26.99337u
,,617.56k,27.34048u
,,617.58k,27.10811u
,,617.6k,25.47209u
,,617.62k,24.18883u
,,617.64k,22.52287u
,,617.66k,20.11847u
,,617.68k,19.93514u
,,617.7k,21.17394u
,,617.72k,19.90277u
,,617.74k,16.59247u
,,617.76k,14.64811u
,,617.78k,14.96567u
,,617.8k,16.31589u
,,617.82k,17.14752u
,,617.84k,16.84156u
,,617.86k,15.53673u
,,617.88k,14.81771u
,,617.9k,14.90542u
,,617.92k,13.43999u
,,617.94k,10.80842u
,,617.96k,10.84384u
,,617.98k,13.07891u
,,618k,13.94672u
,,618.02k,13.37759u
,,618.04k,13.00574u
,,618.06k,13.56025u
,,618.08k,12.65308u
,,618.1k,9.801961u
,,618.12k,6.819195u
,,618.14k,5.423419u
,,618.16k,5.730841u
,,618.18k,5.386532u
,,618.2k,4.90128u
,,618.22k,6.061526u
,,618.24k,7.971963u
,,618.26k,9.530651u
,,618.28k,10.31784u
,,618.3k,10.40418u
,,618.32k,8.703637u
,,618.34k,7.078813u
,,618.36k,7.186863u
,,618.38k,8.55903u
,,618.4k,8.649656u
,,618.42k,7.577932u
,,618.44k,9.409463u
,,618.46k,13.72387u
,,618.48k,14.94905u
,,618.5k,14.1329u
,,618.52k,14.12509u
,,618.54k,14.86545u
,,618.56k,16.27785u
,,618.58k,16.58249u
,,618.6k,14.52033u
,,618.62k,13.47837u
,,618.64k,14.95721u
,,618.66k,17.52074u
,,618.68k,19.35645u
,,618.7k,21.17204u
,,618.72k,24.17278u
,,618.74k,25.78896u
,,618.76k,24.73631u
,,618.78k,24.00162u
,,618.8k,23.91017u
,,618.82k,23.0635u
,,618.84k,23.91974u
,,618.86k,24.93325u
,,618.88k,23.86284u
,,618.9k,23.80952u
,,618.92k,26.32849u
,,618.94k,27.78528u
,,618.96k,27.96766u
,,618.98k,30.94249u
,,619k,33.30011u
,,619.02k,31.30314u
,,619.04k,29.96719u
,,619.06k,32.58134u
,,619.08k,34.03396u
,,619.1k,31.40072u
,,619.12k,29.57316u
,,619.14k,31.43354u
,,619.16k,33.23632u
,,619.18k,32.34109u
,,619.2k,31.78283u
,,619.22k,32.61074u
,,619.24k,34.12932u
,,619.26k,36.08734u
,,619.28k,37.4626u
,,619.3k,37.95557u
,,619.32k,38.8419u
,,619.34k,40.35411u
,,619.36k,41.43083u
,,619.38k,41.73164u
,,619.4k,41.41831u
,,619.42k,41.77681u
,,619.44k,43.2462u
,,619.46k,46.53201u
,,619.48k,49.53165u
,,619.5k,48.50725u
,,619.52k,46.69776u
,,619.54k,46.87865u
,,619.56k,47.75893u
,,619.58k,48.12712u
,,619.6k,48.74368u
,,619.62k,48.97995u
,,619.64k,48.33326u
,,619.66k,49.52835u
,,619.68k,50.73249u
,,619.7k,50.25065u
,,619.72k,51.60793u
,,619.74k,54.33585u
,,619.76k,54.76101u
,,619.78k,52.60994u
,,619.8k,51.27304u
,,619.82k,52.5952u
,,619.84k,54.67164u
,,619.86k,54.99018u
,,619.88k,54.26501u
,,619.9k,55.87409u
,,619.92k,58.74803u
,,619.94k,59.22987u
,,619.96k,57.78396u
,,619.98k,56.82248u
,,620k,57.6792u
,,620.02k,59.98744u
,,620.04k,62.26808u
,,620.06k,63.05056u
,,620.08k,62.03126u
,,620.1k,62.24469u
,,620.12k,62.60921u
,,620.14k,61.08274u
,,620.16k,59.97274u
,,620.18k,60.16443u
,,620.2k,62.8104u
,,620.22k,66.51447u
,,620.24k,66.47873u
,,620.26k,63.73134u
,,620.28k,62.6911u
,,620.3k,64.47853u
,,620.32k,67.26728u
,,620.34k,68.11876u
,,620.36k,66.71212u
,,620.38k,65.12661u
,,620.4k,63.69035u
,,620.42k,62.14991u
,,620.44k,61.37549u
,,620.46k,62.40499u
,,620.48k,64.26763u
,,620.5k,65.59221u
,,620.52k,66.9438u
,,620.54k,67.91388u
,,620.56k,66.84754u
,,620.58k,64.9657u
,,620.6k,65.43524u
,,620.62k,67.3677u
,,620.64k,68.07935u
,,620.66k,69.58534u
,,620.68k,72.76854u
,,620.7k,73.15861u
,,620.72k,70.57794u
,,620.74k,68.83346u
,,620.76k,69.01683u
,,620.78k,70.0025u
,,620.8k,67.99415u
,,620.82k,64.1601u
,,620.84k,63.73815u
,,620.86k,65.43147u
,,620.88k,66.34986u
,,620.9k,65.59513u
,,620.92k,65.20882u
,,620.94k,68.24435u
,,620.96k,70.35421u
,,620.98k,68.63159u
,,621k,67.26358u
,,621.02k,67.07288u
,,621.04k,66.15318u
,,621.06k,65.43383u
,,621.08k,64.94245u
,,621.1k,62.91065u
,,621.12k,61.18522u
,,621.14k,63.24435u
,,621.16k,67.17163u
,,621.18k,69.62642u
,,621.2k,69.88797u
,,621.22k,69.71826u
,,621.24k,69.97661u
,,621.26k,69.02557u
,,621.28k,67.32287u
,,621.3k,65.68673u
,,621.32k,63.98612u
,,621.34k,62.76373u
,,621.36k,63.33715u
,,621.38k,65.31522u
,,621.4k,65.31272u
,,621.42k,62.59405u
,,621.44k,61.82826u
,,621.46k,62.76757u
,,621.48k,61.84595u
,,621.5k,61.87099u
,,621.52k,62.81007u
,,621.54k,61.26788u
,,621.56k,59.04297u
,,621.58k,59.49233u
,,621.6k,62.48731u
,,621.62k,64.75421u
,,621.64k,64.09912u
,,621.66k,61.65674u
,,621.68k,59.97u
,,621.7k,59.8149u
,,621.72k,60.93372u
,,621.74k,61.44133u
,,621.76k,59.37816u
,,621.78k,58.47137u
,,621.8k,62.4172u
,,621.82k,66.09904u
,,621.84k,64.41785u
,,621.86k,62.37932u
,,621.88k,61.79297u
,,621.9k,60.49251u
,,621.92k,60.4071u
,,621.94k,61.23226u
,,621.96k,60.0088u
,,621.98k,56.81763u
,,622k,56.3407u
,,622.02k,60.10567u
,,622.04k,63.19686u
,,622.06k,64.53898u
,,622.08k,64.57184u
,,622.1k,62.22982u
,,622.12k,61.07037u
,,622.14k,61.92233u
,,622.16k,62.81688u
,,622.18k,64.26727u
,,622.2k,64.45299u
,,622.22k,62.12285u
,,622.24k,61.16943u
,,622.26k,63.38173u
,,622.28k,64.50873u
,,622.3k,62.5129u
,,622.32k,61.07209u
,,622.34k,61.29033u
,,622.36k,61.55339u
,,622.38k,62.85217u
,,622.4k,64.75295u
,,622.42k,65.64562u
,,622.44k,66.6859u
,,622.46k,67.50945u
,,622.48k,66.29353u
,,622.5k,63.08465u
,,622.52k,60.02281u
,,622.54k,58.4586u
,,622.56k,58.20199u
,,622.58k,59.03852u
,,622.6k,59.59348u
,,622.62k,59.51698u
,,622.64k,59.83562u
,,622.66k,62.11274u
,,622.68k,66.7426u
,,622.7k,68.28921u
,,622.72k,65.14476u
,,622.74k,62.5603u
,,622.76k,62.46003u
,,622.78k,62.71561u
,,622.8k,62.30306u
,,622.82k,63.61062u
,,622.84k,66.74744u
,,622.86k,67.26496u
,,622.88k,66.2535u
,,622.9k,67.38711u
,,622.92k,69.24712u
,,622.94k,68.77426u
,,622.96k,64.86223u
,,622.98k,60.50577u
,,623k,60.6305u
,,623.02k,63.31536u
,,623.04k,62.68234u
,,623.06k,60.63452u
,,623.08k,60.67646u
,,623.1k,60.81306u
,,623.12k,60.16066u
,,623.14k,58.30912u
,,623.16k,58.06983u
,,623.18k,62.20149u
,,623.2k,65.28321u
,,623.22k,64.21312u
,,623.24k,63.52727u
,,623.26k,65.6605u
,,623.28k,66.1322u
,,623.3k,62.58264u
,,623.32k,60.42914u
,,623.34k,61.40992u
,,623.36k,63.06678u
,,623.38k,63.86204u
,,623.4k,63.50175u
,,623.42k,63.34694u
,,623.44k,64.63497u
,,623.46k,67.09555u
,,623.48k,67.7413u
,,623.5k,66.48627u
,,623.52k,65.68487u
,,623.54k,65.31039u
,,623.56k,64.49366u
,,623.58k,62.39507u
,,623.6k,59.78681u
,,623.62k,58.6612u
,,623.64k,59.62666u
,,623.66k,62.23931u
,,623.68k,62.59526u
,,623.7k,59.71588u
,,623.72k,58.79957u
,,623.74k,58.94228u
,,623.76k,56.7033u
,,623.78k,55.42423u
,,623.8k,58.0781u
,,623.82k,62.35174u
,,623.84k,65.31578u
,,623.86k,65.93104u
,,623.88k,64.85459u
,,623.9k,64.09113u
,,623.92k,64.57645u
,,623.94k,64.8484u
,,623.96k,64.34191u
,,623.98k,64.7782u
,,624k,65.2315u
,,624.02k,63.56935u
,,624.04k,60.80535u
,,624.06k,58.34578u
,,624.08k,55.97433u
,,624.1k,55.47312u
,,624.12k,58.3034u
,,624.14k,61.32931u
,,624.16k,62.60581u
,,624.18k,64.69967u
,,624.2k,67.30199u
,,624.22k,67.40989u
,,624.24k,65.40867u
,,624.26k,63.96742u
,,624.28k,64.85666u
,,624.3k,65.81419u
,,624.32k,63.18456u
,,624.34k,59.65438u
,,624.36k,59.97762u
,,624.38k,63.48411u
,,624.4k,67.22156u
,,624.42k,68.11277u
,,624.44k,65.69014u
,,624.46k,62.13286u
,,624.48k,60.7015u
,,624.5k,62.51405u
,,624.52k,63.70382u
,,624.54k,62.28422u
,,624.56k,61.65754u
,,624.58k,63.74485u
,,624.6k,65.21402u
,,624.62k,64.76538u
,,624.64k,64.50685u
,,624.66k,65.24885u
,,624.68k,65.14995u
,,624.7k,62.88354u
,,624.72k,60.77416u
,,624.74k,61.26304u
,,624.76k,61.698u
,,624.78k,60.33548u
,,624.8k,61.42061u
,,624.82k,64.41242u
,,624.84k,65.88094u
,,624.86k,65.28157u
,,624.88k,62.21736u
,,624.9k,59.22567u
,,624.92k,59.46099u
,,624.94k,62.45674u
,,624.96k,65.55777u
,,624.98k,67.62023u
,,625k,68.3729u
,,625.02k,65.36903u
,,625.04k,61.1312u
,,625.06k,60.33764u
,,625.08k,61.48716u
,,625.1k,61.70899u
,,625.12k,60.93691u
,,625.14k,59.81618u
,,625.16k,60.32325u
,,625.18k,62.44893u
,,625.2k,62.5868u
,,625.22k,59.6841u
,,625.24k,57.04301u
,,625.26k,56.1516u
,,625.28k,55.58266u
,,625.3k,56.42607u
,,625.32k,59.53837u
,,625.34k,61.81441u
,,625.36k,60.93912u
,,625.38k,57.86202u
,,625.4k,55.61988u
,,625.42k,55.45015u
,,625.44k,54.84081u
,,625.46k,52.65899u
,,625.48k,51.19119u
,,625.5k,51.83145u
,,625.52k,52.77823u
,,625.54k,53.42401u
,,625.56k,54.44046u
,,625.58k,54.84434u
,,625.6k,56.48267u
,,625.62k,59.28812u
,,625.64k,57.63242u
,,625.66k,53.74258u
,,625.68k,52.70984u
,,625.7k,51.29327u
,,625.72k,49.99191u
,,625.74k,51.2181u
,,625.76k,51.1341u
,,625.78k,50.88795u
,,625.8k,53.63036u
,,625.82k,56.06592u
,,625.84k,56.0278u
,,625.86k,54.5084u
,,625.88k,52.66709u
,,625.9k,51.37002u
,,625.92k,49.83681u
,,625.94k,48.64194u
,,625.96k,48.57684u
,,625.98k,47.15291u
,,626k,44.00719u
,,626.02k,42.15542u
,,626.04k,41.52653u
,,626.06k,40.49411u
,,626.08k,40.98853u
,,626.1k,43.68255u
,,626.12k,44.19397u
,,626.14k,41.57908u
,,626.16k,39.86033u
,,626.18k,39.24429u
,,626.2k,39.35891u
,,626.22k,40.86521u
,,626.24k,42.48097u
,,626.26k,43.01789u
,,626.28k,41.35359u
,,626.3k,39.87729u
,,626.32k,39.49705u
,,626.34k,38.24049u
,,626.36k,37.31657u
,,626.38k,36.82711u
,,626.4k,38.58354u
,,626.42k,41.95535u
,,626.44k,43.13928u
,,626.46k,41.75743u
,,626.48k,39.77458u
,,626.5k,37.07968u
,,626.52k,33.82148u
,,626.54k,31.82866u
,,626.56k,30.85637u
,,626.58k,30.12814u
,,626.6k,30.55735u
,,626.62k,31.88405u
,,626.64k,32.52097u
,,626.66k,31.31228u
,,626.68k,30.39798u
,,626.7k,30.75239u
,,626.72k,29.55878u
,,626.74k,26.78092u
,,626.76k,26.04925u
,,626.78k,26.73117u
,,626.8k,25.73642u
,,626.82k,24.79172u
,,626.84k,25.50431u
,,626.86k,26.3708u
,,626.88k,26.64314u
,,626.9k,26.64322u
,,626.92k,26.87443u
,,626.94k,26.00051u
,,626.96k,24.02059u
,,626.98k,23.0835u
,,627k,23.20078u
,,627.02k,23.91385u
,,627.04k,25.27547u
,,627.06k,24.74498u
,,627.08k,22.60092u
,,627.1k,22.15591u
,,627.12k,24.32775u
,,627.14k,24.76707u
,,627.16k,23.45123u
,,627.18k,24.36353u
,,627.2k,26.48125u
,,627.22k,26.85597u
,,627.24k,27.28459u
,,627.26k,28.44002u
,,627.28k,26.89282u
,,627.3k,24.72487u
,,627.32k,25.42358u
,,627.34k,26.25218u
,,627.36k,25.51439u
,,627.38k,24.9569u
,,627.4k,26.46043u
,,627.42k,28.71509u
,,627.44k,28.33289u
,,627.46k,25.75491u
,,627.48k,23.73206u
,,627.5k,24.61761u
,,627.52k,28.2843u
,,627.54k,32.37666u
,,627.56k,35.33522u
,,627.58k,35.22117u
,,627.6k,33.11726u
,,627.62k,33.28146u
,,627.64k,34.03198u
,,627.66k,32.2667u
,,627.68k,29.975u
,,627.7k,30.48001u
,,627.72k,34.39289u
,,627.74k,37.84291u
,,627.76k,37.99547u
,,627.78k,37.25379u
,,627.8k,35.90576u
,,627.82k,33.73578u
,,627.84k,33.67571u
,,627.86k,34.91619u
,,627.88k,35.38721u
,,627.9k,36.65446u
,,627.92k,40.04393u
,,627.94k,42.0266u
,,627.96k,40.02715u
,,627.98k,37.90015u
,,628k,39.20933u
,,628.02k,41.61372u
,,628.04k,42.75005u
,,628.06k,41.86651u
,,628.08k,40.68971u
,,628.1k,42.60076u
,,628.12k,45.4703u
,,628.14k,44.9037u
,,628.16k,41.52803u
,,628.18k,38.92061u
,,628.2k,39.2023u
,,628.22k,42.65075u
,,628.24k,46.32693u
,,628.26k,47.20247u
,,628.28k,47.46223u
,,628.3k,47.8379u
,,628.32k,47.14984u
,,628.34k,47.19051u
,,628.36k,48.60298u
,,628.38k,50.65388u
,,628.4k,51.71346u
,,628.42k,50.69917u
,,628.44k,50.10217u
,,628.46k,50.60771u
,,628.48k,49.68938u
,,628.5k,47.42563u
,,628.52k,47.35734u
,,628.54k,50.71691u
,,628.56k,53.00912u
,,628.58k,53.1002u
,,628.6k,52.20664u
,,628.62k,49.75006u
,,628.64k,48.92326u
,,628.66k,50.53843u
,,628.68k,52.47649u
,,628.7k,55.05934u
,,628.72k,56.44506u
,,628.74k,55.83066u
,,628.76k,54.55789u
,,628.78k,53.06899u
,,628.8k,53.64178u
,,628.82k,55.67515u
,,628.84k,55.22394u
,,628.86k,55.94557u
,,628.88k,61.08057u
,,628.9k,64.32313u
,,628.92k,62.64775u
,,628.94k,60.76525u
,,628.96k,60.61417u
,,628.98k,60.07161u
,,629k,60.11956u
,,629.02k,61.48476u
,,629.04k,62.08525u
,,629.06k,63.0294u
,,629.08k,64.80802u
,,629.1k,64.97746u
,,629.12k,65.62082u
,,629.14k,69.98327u
,,629.16k,74.21094u
,,629.18k,73.3828u
,,629.2k,69.61917u
,,629.22k,67.48228u
,,629.24k,66.49661u
,,629.26k,64.79117u
,,629.28k,64.53447u
,,629.3k,65.32697u
,,629.32k,65.15293u
,,629.34k,66.35384u
,,629.36k,68.59233u
,,629.38k,69.6128u
,,629.4k,70.81111u
,,629.42k,71.81391u
,,629.44k,71.41086u
,,629.46k,69.71518u
,,629.48k,68.54879u
,,629.5k,69.79081u
,,629.52k,71.52171u
,,629.54k,73.03897u
,,629.56k,74.27873u
,,629.58k,74.5222u
,,629.6k,76.62619u
,,629.62k,79.88515u
,,629.64k,79.55767u
,,629.66k,76.30858u
,,629.68k,73.28005u
,,629.7k,71.3181u
,,629.72k,71.3895u
,,629.74k,73.60357u
,,629.76k,75.05316u
,,629.78k,75.17286u
,,629.8k,76.54304u
,,629.82k,78.86349u
,,629.84k,80.34075u
,,629.86k,80.48109u
,,629.88k,83.14382u
,,629.9k,88.83593u
,,629.92k,87.7277u
,,629.94k,76.46034u
,,629.96k,65.40207u
,,629.98k,63.86571u
,,630k,70.47099u
,,630.02k,80.35893u
,,630.04k,84.74875u
,,630.06k,81.78622u
,,630.08k,78.65537u
,,630.1k,78.86633u
,,630.12k,80.22409u
,,630.14k,81.15006u
,,630.16k,83.80773u
,,630.18k,87.37391u
,,630.2k,89.86741u
,,630.22k,91.84735u
,,630.24k,91.9764u
,,630.26k,89.8429u
,,630.28k,88.4496u
,,630.3k,88.37087u
,,630.32k,86.76885u
,,630.34k,85.11697u
,,630.36k,87.29862u
,,630.38k,89.12629u
,,630.4k,86.48583u
,,630.42k,83.99194u
,,630.44k,83.92155u
,,630.46k,84.01271u
,,630.48k,84.81685u
,,630.5k,86.87402u
,,630.52k,88.82954u
,,630.54k,88.89424u
,,630.56k,87.90053u
,,630.58k,88.54653u
,,630.6k,89.57711u
,,630.62k,90.95095u
,,630.64k,93.35343u
,,630.66k,93.84354u
,,630.68k,93.37267u
,,630.7k,93.70431u
,,630.72k,93.21762u
,,630.74k,92.19209u
,,630.76k,91.17614u
,,630.78k,91.06649u
,,630.8k,92.86123u
,,630.82k,94.74013u
,,630.84k,94.60792u
,,630.86k,92.03855u
,,630.88k,90.07442u
,,630.9k,89.94119u
,,630.92k,90.22213u
,,630.94k,90.91034u
,,630.96k,92.41266u
,,630.98k,93.77684u
,,631k,94.43274u
,,631.02k,94.70397u
,,631.04k,93.66683u
,,631.06k,91.91036u
,,631.08k,90.24191u
,,631.1k,88.33004u
,,631.12k,87.88267u
,,631.14k,90.11281u
,,631.16k,91.96473u
,,631.18k,91.9654u
,,631.2k,92.9967u
,,631.22k,94.28687u
,,631.24k,93.64401u
,,631.26k,93.19591u
,,631.28k,93.69829u
,,631.3k,93.33388u
,,631.32k,92.99471u
,,631.34k,94.2403u
,,631.36k,96.55228u
,,631.38k,99.76678u
,,631.4k,101.3909u
,,631.42k,100.6161u
,,631.44k,99.44431u
,,631.46k,96.948u
,,631.48k,94.55543u
,,631.5k,93.19045u
,,631.52k,91.49031u
,,631.54k,91.44634u
,,631.56k,92.01378u
,,631.58k,90.62901u
,,631.6k,91.63019u
,,631.62k,96.25186u
,,631.64k,98.13365u
,,631.66k,97.55973u
,,631.68k,98.61069u
,,631.7k,99.22139u
,,631.72k,98.12837u
,,631.74k,96.19468u
,,631.76k,93.15419u
,,631.78k,91.25125u
,,631.8k,92.45645u
,,631.82k,94.45645u
,,631.84k,94.978u
,,631.86k,94.46941u
,,631.88k,94.58862u
,,631.9k,95.90634u
,,631.92k,97.2489u
,,631.94k,97.30492u
,,631.96k,94.40033u
,,631.98k,89.56109u
,,632k,87.00667u
,,632.02k,86.77743u
,,632.04k,87.32891u
,,632.06k,88.28903u
,,632.08k,88.04029u
,,632.1k,86.94235u
,,632.12k,86.28866u
,,632.14k,86.47833u
,,632.16k,87.22378u
,,632.18k,88.28526u
,,632.2k,89.83411u
,,632.22k,90.26437u
,,632.24k,90.12552u
,,632.26k,89.46563u
,,632.28k,87.93738u
,,632.3k,88.48693u
,,632.32k,90.83492u
,,632.34k,91.23627u
,,632.36k,88.20523u
,,632.38k,84.46345u
,,632.4k,83.4355u
,,632.42k,83.85315u
,,632.44k,84.50919u
,,632.46k,84.86464u
,,632.48k,83.09158u
,,632.5k,81.55406u
,,632.52k,82.29715u
,,632.54k,81.89633u
,,632.56k,80.57491u
,,632.58k,81.01778u
,,632.6k,81.5501u
,,632.62k,82.06657u
,,632.64k,82.24809u
,,632.66k,80.4992u
,,632.68k,79.37278u
,,632.7k,78.5492u
,,632.72k,75.59132u
,,632.74k,72.8539u
,,632.76k,73.37406u
,,632.78k,75.47165u
,,632.8k,75.23619u
,,632.82k,73.66322u
,,632.84k,72.58691u
,,632.86k,73.02335u
,,632.88k,73.36709u
,,632.9k,73.32905u
,,632.92k,75.44619u
,,632.94k,75.92998u
,,632.96k,72.67579u
,,632.98k,70.64204u
,,633k,70.23722u
,,633.02k,69.08924u
,,633.04k,68.40146u
,,633.06k,69.22251u
,,633.08k,70.40413u
,,633.1k,70.58576u
,,633.12k,69.69965u
,,633.14k,67.70795u
,,633.16k,66.00312u
,,633.18k,66.28794u
,,633.2k,67.63136u
,,633.22k,68.29098u
,,633.24k,67.7208u
,,633.26k,67.26982u
,,633.28k,67.23172u
,,633.3k,66.95957u
,,633.32k,67.39424u
,,633.34k,68.26403u
,,633.36k,67.73021u
,,633.38k,66.74148u
,,633.4k,66.22812u
,,633.42k,65.93222u
,,633.44k,66.53063u
,,633.46k,66.3544u
,,633.48k,64.0856u
,,633.5k,62.54082u
,,633.52k,64.4941u
,,633.54k,67.84756u
,,633.56k,68.14565u
,,633.58k,66.58769u
,,633.6k,65.86834u
,,633.62k,64.85527u
,,633.64k,63.16001u
,,633.66k,61.87664u
,,633.68k,61.76998u
,,633.7k,62.37949u
,,633.72k,61.91999u
,,633.74k,60.2993u
,,633.76k,59.0454u
,,633.78k,57.1911u
,,633.8k,54.18187u
,,633.82k,53.61064u
,,633.84k,55.23146u
,,633.86k,56.53645u
,,633.88k,58.69509u
,,633.9k,60.47276u
,,633.92k,59.95146u
,,633.94k,58.25835u
,,633.96k,56.10619u
,,633.98k,53.58262u
,,634k,51.46404u
,,634.02k,51.65546u
,,634.04k,54.12833u
,,634.06k,55.8012u
,,634.08k,54.02871u
,,634.1k,52.5128u
,,634.12k,55.13427u
,,634.14k,57.95683u
,,634.16k,57.80103u
,,634.18k,55.38832u
,,634.2k,52.79455u
,,634.22k,52.89172u
,,634.24k,53.74541u
,,634.26k,52.70942u
,,634.28k,53.0133u
,,634.3k,56.35891u
,,634.32k,59.26782u
,,634.34k,58.5797u
,,634.36k,55.46696u
,,634.38k,53.14704u
,,634.4k,52.56274u
,,634.42k,54.33817u
,,634.44k,57.90444u
,,634.46k,59.90441u
,,634.48k,59.29351u
,,634.5k,58.34499u
,,634.52k,57.18508u
,,634.54k,56.38819u
,,634.56k,56.89057u
,,634.58k,56.89164u
,,634.6k,56.30202u
,,634.62k,55.8517u
,,634.64k,55.90684u
,,634.66k,57.07855u
,,634.68k,57.96058u
,,634.7k,57.29437u
,,634.72k,56.28125u
,,634.74k,55.20562u
,,634.76k,54.12944u
,,634.78k,53.14441u
,,634.8k,53.40235u
,,634.82k,55.08914u
,,634.84k,55.30033u
,,634.86k,56.20835u
,,634.88k,59.3411u
,,634.9k,60.34636u
,,634.92k,59.63012u
,,634.94k,59.43199u
,,634.96k,57.70984u
,,634.98k,54.36473u
,,635k,51.96144u
,,635.02k,50.54253u
,,635.04k,50.77905u
,,635.06k,53.77131u
,,635.08k,56.79666u
,,635.1k,58.72856u
,,635.12k,60.4192u
,,635.14k,60.6232u
,,635.16k,59.27766u
,,635.18k,57.48259u
,,635.2k,56.4317u
,,635.22k,57.72591u
,,635.24k,59.31367u
,,635.26k,57.54785u
,,635.28k,54.38437u
,,635.3k,52.41139u
,,635.32k,51.36857u
,,635.34k,52.21835u
,,635.36k,54.68842u
,,635.38k,56.66572u
,,635.4k,56.97544u
,,635.42k,57.03184u
,,635.44k,57.90842u
,,635.46k,57.76543u
,,635.48k,57.33117u
,,635.5k,57.51959u
,,635.52k,56.06766u
,,635.54k,55.12487u
,,635.56k,57.56133u
,,635.58k,61.01123u
,,635.6k,63.42292u
,,635.62k,63.08188u
,,635.64k,59.38593u
,,635.66k,56.21064u
,,635.68k,56.86825u
,,635.7k,59.02481u
,,635.72k,58.89929u
,,635.74k,58.07987u
,,635.76k,57.63796u
,,635.78k,56.22432u
,,635.8k,56.31734u
,,635.82k,59.23203u
,,635.84k,61.5761u
,,635.86k,61.56903u
,,635.88k,61.4511u
,,635.9k,61.49095u
,,635.92k,60.84187u
,,635.94k,62.45014u
,,635.96k,63.35582u
,,635.98k,59.27998u
,,636k,55.92642u
,,636.02k,55.36474u
,,636.04k,55.34866u
,,636.06k,57.65673u
,,636.08k,61.10181u
,,636.1k,61.59u
,,636.12k,60.3241u
,,636.14k,59.82189u
,,636.16k,58.27521u
,,636.18k,56.99954u
,,636.2k,57.78604u
,,636.22k,59.94467u
,,636.24k,62.81075u
,,636.26k,62.81809u
,,636.28k,60.44867u
,,636.3k,60.47901u
,,636.32k,62.60031u
,,636.34k,63.92957u
,,636.36k,64.31091u
,,636.38k,62.93781u
,,636.4k,60.43626u
,,636.42k,59.07898u
,,636.44k,58.57067u
,,636.46k,59.59101u
,,636.48k,62.40522u
,,636.5k,63.98813u
,,636.52k,63.86789u
,,636.54k,64.04636u
,,636.56k,63.99418u
,,636.58k,62.04431u
,,636.6k,59.11781u
,,636.62k,59.11772u
,,636.64k,62.1035u
,,636.66k,62.34002u
,,636.68k,60.50754u
,,636.7k,61.51906u
,,636.72k,62.76841u
,,636.74k,62.04628u
,,636.76k,61.53502u
,,636.78k,63.04498u
,,636.8k,64.53286u
,,636.82k,63.18175u
,,636.84k,61.61245u
,,636.86k,63.06309u
,,636.88k,64.41277u
,,636.9k,62.84464u
,,636.92k,62.01523u
,,636.94k,62.66715u
,,636.96k,61.8147u
,,636.98k,59.98541u
,,637k,58.23283u
,,637.02k,56.78304u
,,637.04k,56.92448u
,,637.06k,58.39133u
,,637.08k,58.25769u
,,637.1k,55.96169u
,,637.12k,55.01786u
,,637.14k,57.72677u
,,637.16k,60.81938u
,,637.18k,60.41712u
,,637.2k,57.33496u
,,637.22k,55.60333u
,,637.24k,57.16943u
,,637.26k,59.0251u
,,637.28k,58.62421u
,,637.3k,57.03926u
,,637.32k,57.01271u
,,637.34k,57.59424u
,,637.36k,56.27648u
,,637.38k,54.98099u
,,637.4k,55.38561u
,,637.42k,56.63925u
,,637.44k,56.95145u
,,637.46k,55.95274u
,,637.48k,54.94331u
,,637.5k,52.76494u
,,637.52k,52.08518u
,,637.54k,55.10566u
,,637.56k,56.68923u
,,637.58k,54.65639u
,,637.6k,52.87821u
,,637.62k,54.59498u
,,637.64k,58.16564u
,,637.66k,59.15348u
,,637.68k,58.24336u
,,637.7k,56.74015u
,,637.72k,55.19431u
,,637.74k,55.5265u
,,637.76k,56.58364u
,,637.78k,56.30879u
,,637.8k,53.84512u
,,637.82k,51.04122u
,,637.84k,50.76794u
,,637.86k,52.12681u
,,637.88k,54.66083u
,,637.9k,57.14737u
,,637.92k,56.34353u
,,637.94k,54.30141u
,,637.96k,54.81698u
,,637.98k,56.82155u
,,638k,57.41534u
,,638.02k,57.35863u
,,638.04k,56.67557u
,,638.06k,54.38414u
,,638.08k,53.65975u
,,638.1k,55.70554u
,,638.12k,56.61777u
,,638.14k,55.1528u
,,638.16k,54.19111u
,,638.18k,54.55248u
,,638.2k,56.50052u
,,638.22k,60.18137u
,,638.24k,62.52881u
,,638.26k,62.43212u
,,638.28k,61.76226u
,,638.3k,62.18214u
,,638.32k,62.40052u
,,638.34k,60.39615u
,,638.36k,59.22628u
,,638.38k,61.17727u
,,638.4k,62.17665u
,,638.42k,61.12986u
,,638.44k,60.56512u
,,638.46k,60.19582u
,,638.48k,59.04374u
,,638.5k,57.60201u
,,638.52k,57.8009u
,,638.54k,60.88827u
,,638.56k,63.09214u
,,638.58k,62.20041u
,,638.6k,61.2456u
,,638.62k,60.78462u
,,638.64k,59.30875u
,,638.66k,58.78883u
,,638.68k,61.15388u
,,638.7k,64.20233u
,,638.72k,65.49971u
,,638.74k,65.33264u
,,638.76k,64.8831u
,,638.78k,65.53343u
,,638.8k,66.81901u
,,638.82k,66.85812u
,,638.84k,66.53273u
,,638.86k,67.91249u
,,638.88k,71.24929u
,,638.9k,73.91322u
,,638.92k,73.82471u
,,638.94k,71.67959u
,,638.96k,68.65258u
,,638.98k,65.63787u
,,639k,63.68363u
,,639.02k,62.49743u
,,639.04k,63.23047u
,,639.06k,67.58051u
,,639.08k,70.14804u
,,639.1k,69.24646u
,,639.12k,70.15867u
,,639.14k,72.09192u
,,639.16k,71.05761u
,,639.18k,68.33967u
,,639.2k,67.72246u
,,639.22k,69.13965u
,,639.24k,70.63086u
,,639.26k,71.3143u
,,639.28k,70.51121u
,,639.3k,68.94252u
,,639.32k,69.09754u
,,639.34k,71.30837u
,,639.36k,72.94194u
,,639.38k,72.69693u
,,639.4k,71.03813u
,,639.42k,68.42524u
,,639.44k,66.41138u
,,639.46k,66.14747u
,,639.48k,68.02298u
,,639.5k,72.05543u
,,639.52k,74.74382u
,,639.54k,74.30732u
,,639.56k,73.76476u
,,639.58k,74.21021u
,,639.6k,73.04459u
,,639.62k,69.46191u
,,639.64k,66.81443u
,,639.66k,67.58925u
,,639.68k,68.10817u
,,639.7k,66.90823u
,,639.72k,67.90763u
,,639.74k,70.81417u
,,639.76k,72.12574u
,,639.78k,70.49173u
,,639.8k,67.49205u
,,639.82k,66.24569u
,,639.84k,69.21714u
,,639.86k,73.41818u
,,639.88k,74.23898u
,,639.9k,72.83233u
,,639.92k,71.1127u
,,639.94k,69.68728u
,,639.96k,70.06446u
,,639.98k,73.00748u
,,640k,75.66625u
,,640.02k,73.68276u
,,640.04k,69.19848u
,,640.06k,66.32005u
,,640.08k,64.86637u
,,640.1k,65.24798u
,,640.12k,66.83531u
,,640.14k,68.85314u
,,640.16k,71.12932u
,,640.18k,71.59852u
,,640.2k,70.38754u
,,640.22k,68.01715u
,,640.24k,65.0019u
,,640.26k,65.17395u
,,640.28k,68.86054u
,,640.3k,71.3814u
,,640.32k,70.83229u
,,640.34k,69.8938u
,,640.36k,70.16671u
,,640.38k,69.73224u
,,640.4k,67.78691u
,,640.42k,64.6793u
,,640.44k,61.91987u
,,640.46k,61.78987u
,,640.48k,63.61324u
,,640.5k,65.21888u
,,640.52k,66.29547u
,,640.54k,67.83767u
,,640.56k,68.83657u
,,640.58k,67.50953u
,,640.6k,65.42456u
,,640.62k,65.41272u
,,640.64k,67.68191u
,,640.66k,68.86272u
,,640.68k,67.21298u
,,640.7k,65.45592u
,,640.72k,64.75814u
,,640.74k,63.22237u
,,640.76k,60.69207u
,,640.78k,59.96144u
,,640.8k,61.01378u
,,640.82k,60.38123u
,,640.84k,58.20408u
,,640.86k,58.15055u
,,640.88k,60.29073u
,,640.9k,60.09697u
,,640.92k,57.07555u
,,640.94k,55.29923u
,,640.96k,55.90695u
,,640.98k,58.07454u
,,641k,61.1429u
,,641.02k,63.55222u
,,641.04k,64.89831u
,,641.06k,64.52746u
,,641.08k,61.68411u
,,641.1k,57.82155u
,,641.12k,55.16881u
,,641.14k,56.4338u
,,641.16k,61.52284u
,,641.18k,65.22821u
,,641.2k,63.09414u
,,641.22k,58.50282u
,,641.24k,57.65408u
,,641.26k,59.36105u
,,641.28k,59.57139u
,,641.3k,56.79124u
,,641.32k,54.16601u
,,641.34k,54.43583u
,,641.36k,53.6816u
,,641.38k,52.84841u
,,641.4k,55.126u
,,641.42k,57.83496u
,,641.44k,58.61479u
,,641.46k,59.02213u
,,641.48k,59.22998u
,,641.5k,58.09103u
,,641.52k,58.01469u
,,641.54k,59.39889u
,,641.56k,59.68746u
,,641.58k,58.67899u
,,641.6k,58.68789u
,,641.62k,59.52404u
,,641.64k,59.04015u
,,641.66k,58.76279u
,,641.68k,60.17373u
,,641.7k,61.48055u
,,641.72k,61.74268u
,,641.74k,61.16461u
,,641.76k,59.52745u
,,641.78k,57.17537u
,,641.8k,56.53364u
,,641.82k,59.93225u
,,641.84k,63.78748u
,,641.86k,63.86182u
,,641.88k,61.19248u
,,641.9k,59.34821u
,,641.92k,60.76078u
,,641.94k,64.24104u
,,641.96k,66.38623u
,,641.98k,64.95732u
,,642k,61.11263u
,,642.02k,58.79994u
,,642.04k,58.27952u
,,642.06k,57.40673u
,,642.08k,56.91531u
,,642.1k,57.86909u
,,642.12k,60.34012u
,,642.14k,61.05883u
,,642.16k,59.57265u
,,642.18k,59.23933u
,,642.2k,59.84465u
,,642.22k,60.46935u
,,642.24k,60.37362u
,,642.26k,60.05338u
,,642.28k,60.80933u
,,642.3k,62.69429u
,,642.32k,65.50946u
,,642.34k,67.37663u
,,642.36k,65.42981u
,,642.38k,60.73299u
,,642.4k,57.86875u
,,642.42k,58.36586u
,,642.44k,60.19562u
,,642.46k,61.90391u
,,642.48k,62.80723u
,,642.5k,63.22146u
,,642.52k,64.58766u
,,642.54k,66.94372u
,,642.56k,67.89861u
,,642.58k,67.56614u
,,642.6k,68.49675u
,,642.62k,69.80501u
,,642.64k,68.66243u
,,642.66k,65.91406u
,,642.68k,65.79889u
,,642.7k,67.89057u
,,642.72k,68.20601u
,,642.74k,67.25043u
,,642.76k,66.877u
,,642.78k,66.1042u
,,642.8k,63.3052u
,,642.82k,61.90526u
,,642.84k,64.72853u
,,642.86k,68.42392u
,,642.88k,69.87302u
,,642.9k,69.19309u
,,642.92k,67.3857u
,,642.94k,65.54823u
,,642.96k,66.57449u
,,642.98k,69.92903u
,,643k,71.57905u
,,643.02k,71.53649u
,,643.04k,71.8819u
,,643.06k,72.04444u
,,643.08k,71.36117u
,,643.1k,70.96027u
,,643.12k,72.24408u
,,643.14k,74.11046u
,,643.16k,75.00057u
,,643.18k,74.31827u
,,643.2k,72.5237u
,,643.22k,73.02362u
,,643.24k,75.94831u
,,643.26k,79.99726u
,,643.28k,83.95533u
,,643.3k,84.40908u
,,643.32k,82.35838u
,,643.34k,80.70637u
,,643.36k,79.14842u
,,643.38k,79.45413u
,,643.4k,82.78662u
,,643.42k,85.89464u
,,643.44k,86.62696u
,,643.46k,84.16887u
,,643.48k,80.19303u
,,643.5k,77.81391u
,,643.52k,78.48398u
,,643.54k,80.98261u
,,643.56k,82.43182u
,,643.58k,85.28783u
,,643.6k,89.56502u
,,643.62k,91.68453u
,,643.64k,91.12108u
,,643.66k,88.01465u
,,643.68k,84.13416u
,,643.7k,83.07109u
,,643.72k,84.2898u
,,643.74k,84.85894u
,,643.76k,85.91861u
,,643.78k,89.19828u
,,643.8k,91.45445u
,,643.82k,90.75311u
,,643.84k,91.03873u
,,643.86k,93.0604u
,,643.88k,94.16044u
,,643.9k,95.1491u
,,643.92k,95.93938u
,,643.94k,94.73793u
,,643.96k,93.23643u
,,643.98k,94.6504u
,,644k,97.15043u
,,644.02k,97.94665u
,,644.04k,97.6581u
,,644.06k,98.45437u
,,644.08k,100.1108u
,,644.1k,99.80135u
,,644.12k,98.47248u
,,644.14k,98.58483u
,,644.16k,98.42991u
,,644.18k,98.02592u
,,644.2k,100.1263u
,,644.22k,102.5313u
,,644.24k,102.7454u
,,644.26k,102.474u
,,644.28k,103.024u
,,644.3k,103.609u
,,644.32k,103.0448u
,,644.34k,102.007u
,,644.36k,102.1836u
,,644.38k,104.4748u
,,644.4k,107.2123u
,,644.42k,107.7565u
,,644.44k,105.9908u
,,644.46k,103.4849u
,,644.48k,102.5191u
,,644.5k,104.1468u
,,644.52k,106.5825u
,,644.54k,108.3777u
,,644.56k,109.1043u
,,644.58k,109.816u
,,644.6k,111.5707u
,,644.62k,112.5514u
,,644.64k,112.2594u
,,644.66k,113.5738u
,,644.68k,116.4473u
,,644.7k,117.2753u
,,644.72k,114.93u
,,644.74k,112.5277u
,,644.76k,113.7786u
,,644.78k,116.2579u
,,644.8k,116.3833u
,,644.82k,115.0323u
,,644.84k,114.1491u
,,644.86k,113.978u
,,644.88k,114.0684u
,,644.9k,114.7104u
,,644.92k,114.7716u
,,644.94k,113.9241u
,,644.96k,114.1436u
,,644.98k,117.8257u
,,645k,122.8084u
,,645.02k,124.757u
,,645.04k,124.6223u
,,645.06k,123.8981u
,,645.08k,122.5573u
,,645.1k,121.9412u
,,645.12k,122.3266u
,,645.14k,123.0194u
,,645.16k,123.0939u
,,645.18k,120.7468u
,,645.2k,118.4406u
,,645.22k,119.3416u
,,645.24k,120.0507u
,,645.26k,120.3796u
,,645.28k,122.5633u
,,645.3k,123.8431u
,,645.32k,123.483u
,,645.34k,123.5155u
,,645.36k,123.4671u
,,645.38k,123.0908u
,,645.4k,124.4418u
,,645.42k,126.3995u
,,645.44k,127.4342u
,,645.46k,129.6083u
,,645.48k,132.3908u
,,645.5k,132.4328u
,,645.52k,129.9309u
,,645.54k,130.2199u
,,645.56k,133.1803u
,,645.58k,133.0222u
,,645.6k,130.6762u
,,645.62k,129.9134u
,,645.64k,129.7218u
,,645.66k,129.1599u
,,645.68k,131.1207u
,,645.7k,134.4235u
,,645.72k,134.5473u
,,645.74k,131.7314u
,,645.76k,129.9926u
,,645.78k,132.0858u
,,645.8k,134.6632u
,,645.82k,134.916u
,,645.84k,135.6538u
,,645.86k,137.674u
,,645.88k,138.3056u
,,645.9k,136.9202u
,,645.92k,135.0762u
,,645.94k,133.0212u
,,645.96k,131.1012u
,,645.98k,130.702u
,,646k,130.7877u
,,646.02k,129.8518u
,,646.04k,130.0742u
,,646.06k,132.9612u
,,646.08k,136.1369u
,,646.1k,137.4704u
,,646.12k,136.734u
,,646.14k,136.06u
,,646.16k,136.8817u
,,646.18k,137.4021u
,,646.2k,137.0075u
,,646.22k,136.5762u
,,646.24k,136.9492u
,,646.26k,137.6631u
,,646.28k,138.5208u
,,646.3k,139.0954u
,,646.32k,137.3736u
,,646.34k,135.5595u
,,646.36k,137.0414u
,,646.38k,137.7771u
,,646.4k,135.0194u
,,646.42k,132.9821u
,,646.44k,132.2526u
,,646.46k,132.2561u
,,646.48k,135.0296u
,,646.5k,137.42u
,,646.52k,137.4459u
,,646.54k,138.6701u
,,646.56k,141.7045u
,,646.58k,143.3081u
,,646.6k,142.0365u
,,646.62k,140.3807u
,,646.64k,139.504u
,,646.66k,139.6722u
,,646.68k,141.7265u
,,646.7k,143.0277u
,,646.72k,140.4762u
,,646.74k,136.9353u
,,646.76k,136.7794u
,,646.78k,139.6128u
,,646.8k,142.4902u
,,646.82k,143.2692u
,,646.84k,144.2625u
,,646.86k,146.8897u
,,646.88k,146.719u
,,646.9k,144.1478u
,,646.92k,143.5118u
,,646.94k,145.2612u
,,646.96k,146.9261u
,,646.98k,146.2357u
,,647k,145.7396u
,,647.02k,147.1469u
,,647.04k,148.6733u
,,647.06k,148.6113u
,,647.08k,146.1264u
,,647.1k,144.164u
,,647.12k,144.31u
,,647.14k,144.7872u
,,647.16k,145.6068u
,,647.18k,145.8704u
,,647.2k,144.592u
,,647.22k,144.0803u
,,647.24k,145.068u
,,647.26k,146.4508u
,,647.28k,148.3818u
,,647.3k,150.4157u
,,647.32k,150.4285u
,,647.34k,149.7598u
,,647.36k,151.4502u
,,647.38k,152.142u
,,647.4k,149.9065u
,,647.42k,148.9807u
,,647.44k,150.9033u
,,647.46k,151.8286u
,,647.48k,151.5058u
,,647.5k,152.6591u
,,647.52k,154.0111u
,,647.54k,155.1181u
,,647.56k,156.4574u
,,647.58k,156.2502u
,,647.6k,156.1991u
,,647.62k,158.8482u
,,647.64k,160.0878u
,,647.66k,157.5597u
,,647.68k,154.7291u
,,647.7k,153.6683u
,,647.72k,153.5655u
,,647.74k,153.7919u
,,647.76k,155.556u
,,647.78k,158.9083u
,,647.8k,160.0878u
,,647.82k,158.3963u
,,647.84k,157.7321u
,,647.86k,158.3732u
,,647.88k,159.2484u
,,647.9k,159.9081u
,,647.92k,160.2006u
,,647.94k,161.0237u
,,647.96k,161.5316u
,,647.98k,161.2049u
,,648k,160.2725u
,,648.02k,160.7807u
,,648.04k,162.7458u
,,648.06k,162.0669u
,,648.08k,160.2701u
,,648.1k,159.5155u
,,648.12k,159.9148u
,,648.14k,163.0428u
,,648.16k,165.9383u
,,648.18k,166.2181u
,,648.2k,166.4319u
,,648.22k,168.1403u
,,648.24k,169.0903u
,,648.26k,168.5942u
,,648.28k,168.3652u
,,648.3k,168.1507u
,,648.32k,167.7413u
,,648.34k,169.5042u
,,648.36k,173.2242u
,,648.38k,173.6465u
,,648.4k,170.319u
,,648.42k,169.367u
,,648.44k,172.5418u
,,648.46k,175.2046u
,,648.48k,174.212u
,,648.5k,170.9682u
,,648.52k,169.5071u
,,648.54k,170.4385u
,,648.56k,170.4954u
,,648.58k,170.8533u
,,648.6k,173.7914u
,,648.62k,176.4599u
,,648.64k,176.271u
,,648.66k,174.3191u
,,648.68k,173.1055u
,,648.7k,172.9699u
,,648.72k,173.0855u
,,648.74k,173.3118u
,,648.76k,174.678u
,,648.78k,176.7606u
,,648.8k,178.016u
,,648.82k,179.0987u
,,648.84k,179.5668u
,,648.86k,178.9614u
,,648.88k,178.3924u
,,648.9k,177.7632u
,,648.92k,175.939u
,,648.94k,175.1876u
,,648.96k,178.1647u
,,648.98k,181.8469u
,,649k,181.9264u
,,649.02k,180.3504u
,,649.04k,181.6206u
,,649.06k,183.2455u
,,649.08k,182.9348u
,,649.1k,182.1842u
,,649.12k,180.1131u
,,649.14k,178.3005u
,,649.16k,178.721u
,,649.18k,179.1289u
,,649.2k,180.3068u
,,649.22k,183.0808u
,,649.24k,183.5828u
,,649.26k,181.5682u
,,649.28k,180.772u
,,649.3k,184.2266u
,,649.32k,191.018u
,,649.34k,195.6888u
,,649.36k,194.7521u
,,649.38k,191.1345u
,,649.4k,188.3864u
,,649.42k,186.8342u
,,649.44k,188.8748u
,,649.46k,193.345u
,,649.48k,193.9736u
,,649.5k,190.5487u
,,649.52k,187.8101u
,,649.54k,188.5013u
,,649.56k,190.5367u
,,649.58k,191.1254u
,,649.6k,190.798u
,,649.62k,191.0609u
,,649.64k,192.7832u
,,649.66k,195.9915u
,,649.68k,198.1612u
,,649.7k,196.693u
,,649.72k,193.6019u
,,649.74k,191.3636u
,,649.76k,190.5474u
,,649.78k,190.4477u
,,649.8k,190.3563u
,,649.82k,191.2538u
,,649.84k,192.451u
,,649.86k,192.4853u
,,649.88k,192.583u
,,649.9k,192.8205u
,,649.92k,192.9178u
,,649.94k,193.7418u
,,649.96k,194.2354u
,,649.98k,193.6695u
,,650k,193.6446u
,,650.02k,194.5039u
,,650.04k,194.378u
,,650.06k,194.3583u
,,650.08k,195.2286u
,,650.1k,194.9788u
,,650.12k,193.682u
,,650.14k,193.0106u
,,650.16k,192.6549u
,,650.18k,192.194u
,,650.2k,193.1155u
,,650.22k,194.781u
,,650.24k,195.1172u
,,650.26k,193.6716u
,,650.28k,191.8722u
,,650.3k,191.7559u
,,650.32k,192.4474u
,,650.34k,192.3617u
,,650.36k,192.2392u
,,650.38k,192.0455u
,,650.4k,191.4446u
,,650.42k,192.2853u
,,650.44k,195.1507u
,,650.46k,195.3641u
,,650.48k,191.4636u
,,650.5k,187.4945u
,,650.52k,186.7224u
,,650.54k,190.5337u
,,650.56k,194.7597u
,,650.58k,195.5249u
,,650.6k,195.073u
,,650.62k,194.0501u
,,650.64k,191.5177u
,,650.66k,189.6702u
,,650.68k,189.8486u
,,650.7k,190.0825u
,,650.72k,188.9454u
,,650.74k,188.3706u
,,650.76k,189.3027u
,,650.78k,190.7902u
,,650.8k,192.0063u
,,650.82k,191.903u
,,650.84k,191.0858u
,,650.86k,190.8794u
,,650.88k,189.8778u
,,650.9k,186.3792u
,,650.92k,185.3597u
,,650.94k,189.0559u
,,650.96k,189.9365u
,,650.98k,187.1945u
,,651k,187.4853u
,,651.02k,188.5186u
,,651.04k,186.1029u
,,651.06k,183.7525u
,,651.08k,183.216u
,,651.1k,183.6476u
,,651.12k,184.0822u
,,651.14k,183.9171u
,,651.16k,184.2901u
,,651.18k,184.6217u
,,651.2k,183.6432u
,,651.22k,180.8339u
,,651.24k,177.3798u
,,651.26k,174.661u
,,651.28k,172.7524u
,,651.3k,173.6021u
,,651.32k,175.6044u
,,651.34k,175.3226u
,,651.36k,173.6399u
,,651.38k,171.1632u
,,651.4k,170.2295u
,,651.42k,171.4438u
,,651.44k,171.9585u
,,651.46k,172.075u
,,651.48k,172.527u
,,651.5k,172.3265u
,,651.52k,171.4078u
,,651.54k,170.8816u
,,651.56k,169.2731u
,,651.58k,165.6681u
,,651.6k,163.3314u
,,651.62k,163.2163u
,,651.64k,162.3789u
,,651.66k,161.403u
,,651.68k,162.1474u
,,651.7k,163.4753u
,,651.72k,165.1923u
,,651.74k,165.0797u
,,651.76k,161.9583u
,,651.78k,159.8093u
,,651.8k,159.8592u
,,651.82k,160.9233u
,,651.84k,160.686u
,,651.86k,156.606u
,,651.88k,152.2908u
,,651.9k,152.2436u
,,651.92k,154.3068u
,,651.94k,155.4316u
,,651.96k,156.9708u
,,651.98k,158.0988u
,,652k,156.3607u
,,652.02k,153.9038u
,,652.04k,152.801u
,,652.06k,152.7179u
,,652.08k,153.989u
,,652.1k,155.4855u
,,652.12k,155.0259u
,,652.14k,153.6413u
,,652.16k,151.972u
,,652.18k,148.8164u
,,652.2k,146.432u
,,652.22k,145.905u
,,652.24k,144.5941u
,,652.26k,143.8136u
,,652.28k,144.5917u
,,652.3k,144.801u
,,652.32k,144.3144u
,,652.34k,142.6072u
,,652.36k,140.4049u
,,652.38k,138.6707u
,,652.4k,136.8941u
,,652.42k,136.8395u
,,652.44k,138.4588u
,,652.46k,138.5467u
,,652.48k,136.2173u
,,652.5k,134.5182u
,,652.52k,134.2842u
,,652.54k,133.6981u
,,652.56k,133.4415u
,,652.58k,134.4896u
,,652.6k,135.6953u
,,652.62k,135.4476u
,,652.64k,135.2604u
,,652.66k,137.0388u
,,652.68k,137.0013u
,,652.7k,133.5254u
,,652.72k,131.6713u
,,652.74k,133.0287u
,,652.76k,134.724u
,,652.78k,134.7769u
,,652.8k,133.1999u
,,652.82k,131.6061u
,,652.84k,130.7663u
,,652.86k,131.0766u
,,652.88k,132.1334u
,,652.9k,131.6714u
,,652.92k,130.0251u
,,652.94k,129.9765u
,,652.96k,131.0713u
,,652.98k,132.0599u
,,653k,133.3563u
,,653.02k,133.5914u
,,653.04k,131.7746u
,,653.06k,128.3893u
,,653.08k,125.3792u
,,653.1k,125.1586u
,,653.12k,125.8227u
,,653.14k,125.0457u
,,653.16k,123.9739u
,,653.18k,123.9136u
,,653.2k,125.6729u
,,653.22k,127.4228u
,,653.24k,125.9818u
,,653.26k,124.468u
,,653.28k,126.7376u
,,653.3k,129.2517u
,,653.32k,128.3063u
,,653.34k,126.2671u
,,653.36k,125.2228u
,,653.38k,123.8937u
,,653.4k,123.5205u
,,653.42k,123.4775u
,,653.44k,122.0347u
,,653.46k,122.1897u
,,653.48k,123.2415u
,,653.5k,122.3451u
,,653.52k,122.1636u
,,653.54k,123.1732u
,,653.56k,123.7135u
,,653.58k,123.2578u
,,653.6k,120.9199u
,,653.62k,119.5777u
,,653.64k,119.1571u
,,653.66k,117.6401u
,,653.68k,118.1145u
,,653.7k,120.5849u
,,653.72k,120.9345u
,,653.74k,117.3327u
,,653.76k,113.4653u
,,653.78k,113.343u
,,653.8k,115.3688u
,,653.82k,116.3042u
,,653.84k,116.905u
,,653.86k,117.5688u
,,653.88k,117.5475u
,,653.9k,117.2398u
,,653.92k,116.6592u
,,653.94k,116.1107u
,,653.96k,116.0373u
,,653.98k,117.5066u
,,654k,118.1431u
,,654.02k,115.8886u
,,654.04k,115.0705u
,,654.06k,116.8053u
,,654.08k,117.9115u
,,654.1k,117.1978u
,,654.12k,115.4974u
,,654.14k,114.0988u
,,654.16k,113.0908u
,,654.18k,112.5149u
,,654.2k,112.5598u
,,654.22k,111.9955u
,,654.24k,110.3693u
,,654.26k,109.5936u
,,654.28k,110.5856u
,,654.3k,112.486u
,,654.32k,114.3421u
,,654.34k,115.3829u
,,654.36k,115.4586u
,,654.38k,115.7712u
,,654.4k,115.6639u
,,654.42k,113.5726u
,,654.44k,111.968u
,,654.46k,112.0053u
,,654.48k,112.9175u
,,654.5k,114.7339u
,,654.52k,115.4873u
,,654.54k,114.0415u
,,654.56k,111.0665u
,,654.58k,108.942u
,,654.6k,109.5093u
,,654.62k,110.4347u
,,654.64k,110.3181u
,,654.66k,111.2165u
,,654.68k,112.7118u
,,654.7k,112.7789u
,,654.72k,113.852u
,,654.74k,116.663u
,,654.76k,117.4202u
,,654.78k,114.2558u
,,654.8k,109.5023u
,,654.82k,106.5537u
,,654.84k,104.9176u
,,654.86k,103.2386u
,,654.88k,103.472u
,,654.9k,105.5029u
,,654.92k,107.4646u
,,654.94k,108.5706u
,,654.96k,107.7067u
,,654.98k,105.8909u
,,655k,105.1029u
,,655.02k,106.0362u
,,655.04k,108.6971u
,,655.06k,110.2928u
,,655.08k,108.4809u
,,655.1k,106.2063u
,,655.12k,106.0344u
,,655.14k,107.4547u
,,655.16k,108.6276u
,,655.18k,107.031u
,,655.2k,103.1094u
,,655.22k,99.37041u
,,655.24k,98.5065u
,,655.26k,100.652u
,,655.28k,101.7174u
,,655.3k,101.3312u
,,655.32k,101.5641u
,,655.34k,101.2487u
,,655.36k,99.95704u
,,655.38k,98.70842u
,,655.4k,97.54992u
,,655.42k,96.56537u
,,655.44k,97.48347u
,,655.46k,99.28905u
,,655.48k,98.74469u
,,655.5k,96.85027u
,,655.52k,95.1451u
,,655.54k,94.45589u
,,655.56k,96.22757u
,,655.58k,97.89032u
,,655.6k,97.16963u
,,655.62k,95.63329u
,,655.64k,94.00168u
,,655.66k,93.95255u
,,655.68k,97.29552u
,,655.7k,99.82634u
,,655.72k,99.82407u
,,655.74k,100.6691u
,,655.76k,100.8576u
,,655.78k,98.00664u
,,655.8k,95.34529u
,,655.82k,95.37287u
,,655.84k,95.44671u
,,655.86k,95.01683u
,,655.88k,95.10967u
,,655.9k,93.30553u
,,655.92k,89.85808u
,,655.94k,88.38384u
,,655.96k,89.18089u
,,655.98k,90.01246u
,,656k,90.84494u
,,656.02k,90.06895u
,,656.04k,88.02712u
,,656.06k,89.62065u
,,656.08k,93.41975u
,,656.1k,95.39995u
,,656.12k,96.45018u
,,656.14k,96.2431u
,,656.16k,94.24629u
,,656.18k,91.40342u
,,656.2k,89.87112u
,,656.22k,91.53869u
,,656.24k,93.73146u
,,656.26k,93.33279u
,,656.28k,90.74082u
,,656.3k,88.36121u
,,656.32k,87.51155u
,,656.34k,87.29374u
,,656.36k,87.05626u
,,656.38k,87.30683u
,,656.4k,86.41404u
,,656.42k,84.55055u
,,656.44k,84.97537u
,,656.46k,85.92885u
,,656.48k,85.36298u
,,656.5k,82.49095u
,,656.52k,77.8366u
,,656.54k,76.71806u
,,656.56k,79.68416u
,,656.58k,82.7831u
,,656.6k,85.88878u
,,656.62k,88.66152u
,,656.64k,87.87811u
,,656.66k,83.45988u
,,656.68k,79.72521u
,,656.7k,78.68877u
,,656.72k,80.30919u
,,656.74k,84.18894u
,,656.76k,87.32772u
,,656.78k,88.62446u
,,656.8k,88.25791u
,,656.82k,86.40839u
,,656.84k,85.34618u
,,656.86k,86.2362u
,,656.88k,86.69465u
,,656.9k,84.98261u
,,656.92k,83.49619u
,,656.94k,83.38639u
,,656.96k,83.14397u
,,656.98k,82.90896u
,,657k,85.53868u
,,657.02k,87.85507u
,,657.04k,85.40416u
,,657.06k,83.54362u
,,657.08k,85.71696u
,,657.1k,87.5051u
,,657.12k,85.94243u
,,657.14k,83.9827u
,,657.16k,84.73272u
,,657.18k,86.27419u
,,657.2k,86.53939u
,,657.22k,86.32401u
,,657.24k,86.67775u
,,657.26k,88.91874u
,,657.28k,91.60628u
,,657.3k,91.39159u
,,657.32k,89.25815u
,,657.34k,88.10764u
,,657.36k,88.63538u
,,657.38k,88.94594u
,,657.4k,89.22964u
,,657.42k,90.61764u
,,657.44k,91.86121u
,,657.46k,92.81794u
,,657.48k,94.09001u
,,657.5k,94.19175u
,,657.52k,92.20641u
,,657.54k,91.04546u
,,657.56k,92.02571u
,,657.58k,92.60371u
,,657.6k,92.89985u
,,657.62k,94.23043u
,,657.64k,95.51591u
,,657.66k,95.30235u
,,657.68k,92.969u
,,657.7k,90.48613u
,,657.72k,90.81249u
,,657.74k,93.01106u
,,657.76k,93.97928u
,,657.78k,94.15093u
,,657.8k,95.50566u
,,657.82k,96.92085u
,,657.84k,97.64262u
,,657.86k,98.02902u
,,657.88k,97.76639u
,,657.9k,97.36523u
,,657.92k,96.88548u
,,657.94k,95.77781u
,,657.96k,95.37973u
,,657.98k,97.59428u
,,658k,101.6219u
,,658.02k,104.1645u
,,658.04k,102.9485u
,,658.06k,100.734u
,,658.08k,100.9578u
,,658.1k,101.7689u
,,658.12k,101.44u
,,658.14k,101.2839u
,,658.16k,101.1094u
,,658.18k,99.70906u
,,658.2k,99.44656u
,,658.22k,101.0248u
,,658.24k,102.1292u
,,658.26k,103.7568u
,,658.28k,106.1293u
,,658.3k,107.4839u
,,658.32k,107.7965u
,,658.34k,107.7291u
,,658.36k,107.6501u
,,658.38k,107.9275u
,,658.4k,107.8567u
,,658.42k,106.1365u
,,658.44k,104.7019u
,,658.46k,105.1167u
,,658.48k,104.2709u
,,658.5k,100.8661u
,,658.52k,98.73715u
,,658.54k,100.4425u
,,658.56k,103.7304u
,,658.58k,104.4521u
,,658.6k,102.2718u
,,658.62k,101.8531u
,,658.64k,105.0056u
,,658.66k,107.5777u
,,658.68k,107.074u
,,658.7k,105.1247u
,,658.72k,103.8174u
,,658.74k,103.3403u
,,658.76k,101.7774u
,,658.78k,98.57031u
,,658.8k,96.51132u
,,658.82k,97.29071u
,,658.84k,98.76178u
,,658.86k,100.2124u
,,658.88k,102.381u
,,658.9k,103.0418u
,,658.92k,101.5503u
,,658.94k,100.8622u
,,658.96k,101.8494u
,,658.98k,102.9971u
,,659k,103.254u
,,659.02k,102.5817u
,,659.04k,102.3313u
,,659.06k,101.9186u
,,659.08k,100.2287u
,,659.1k,97.46345u
,,659.12k,93.70905u
,,659.14k,93.13205u
,,659.16k,97.74001u
,,659.18k,102.6908u
,,659.2k,104.7922u
,,659.22k,105.2338u
,,659.24k,104.2415u
,,659.26k,101.3405u
,,659.28k,99.28423u
,,659.3k,99.20809u
,,659.32k,98.87518u
,,659.34k,97.74315u
,,659.36k,96.70036u
,,659.38k,96.27728u
,,659.4k,96.96369u
,,659.42k,96.74389u
,,659.44k,94.51637u
,,659.46k,94.92177u
,,659.48k,98.71705u
,,659.5k,100.4546u
,,659.52k,98.11388u
,,659.54k,95.27798u
,,659.56k,92.51443u
,,659.58k,89.66113u
,,659.6k,90.52536u
,,659.62k,94.42256u
,,659.64k,97.32103u
,,659.66k,98.15266u
,,659.68k,97.54797u
,,659.7k,96.2086u
,,659.72k,93.65895u
,,659.74k,90.20712u
,,659.76k,89.67173u
,,659.78k,92.98406u
,,659.8k,95.71337u
,,659.82k,94.98894u
,,659.84k,93.68578u
,,659.86k,94.56746u
,,659.88k,94.18435u
,,659.9k,91.22909u
,,659.92k,89.02969u
,,659.94k,87.35373u
,,659.96k,85.05895u
,,659.98k,84.11037u
,,660k,85.78635u
,,660.02k,88.81923u
,,660.04k,89.46663u
,,660.06k,86.82443u
,,660.08k,85.07228u
,,660.1k,85.59021u
,,660.12k,87.00283u
,,660.14k,88.79931u
,,660.16k,89.44966u
,,660.18k,87.69882u
,,660.2k,84.19659u
,,660.22k,82.04005u
,,660.24k,83.08636u
,,660.26k,85.75945u
,,660.28k,88.58345u
,,660.3k,88.55418u
,,660.32k,83.80705u
,,660.34k,78.49785u
,,660.36k,76.80003u
,,660.38k,78.43927u
,,660.4k,81.15548u
,,660.42k,83.82163u
,,660.44k,85.17533u
,,660.46k,84.45529u
,,660.48k,83.18062u
,,660.5k,81.91132u
,,660.52k,81.24761u
,,660.54k,82.02035u
,,660.56k,81.08508u
,,660.58k,78.23326u
,,660.6k,77.95224u
,,660.62k,79.72088u
,,660.64k,79.09832u
,,660.66k,77.08599u
,,660.68k,77.38558u
,,660.7k,79.86657u
,,660.72k,81.3786u
,,660.74k,80.37658u
,,660.76k,78.55181u
,,660.78k,75.94896u
,,660.8k,74.45293u
,,660.82k,75.05706u
,,660.84k,74.46447u
,,660.86k,73.76073u
,,660.88k,74.92623u
,,660.9k,76.64705u
,,660.92k,78.97553u
,,660.94k,81.1148u
,,660.96k,80.98511u
,,660.98k,78.73829u
,,661k,74.73296u
,,661.02k,71.10743u
,,661.04k,70.24688u
,,661.06k,71.23322u
,,661.08k,73.01298u
,,661.1k,73.67331u
,,661.12k,73.81508u
,,661.14k,75.62318u
,,661.16k,75.3457u
,,661.18k,71.45064u
,,661.2k,69.46153u
,,661.22k,71.96076u
,,661.24k,75.61504u
,,661.26k,76.67621u
,,661.28k,75.82556u
,,661.3k,74.87302u
,,661.32k,73.61207u
,,661.34k,74.31923u
,,661.36k,78.44775u
,,661.38k,82.68346u
,,661.4k,82.56181u
,,661.42k,77.71994u
,,661.44k,72.26981u
,,661.46k,69.4363u
,,661.48k,69.30067u
,,661.5k,71.02137u
,,661.52k,72.91968u
,,661.54k,74.42137u
,,661.56k,76.65128u
,,661.58k,76.22104u
,,661.6k,72.70816u
,,661.62k,70.89872u
,,661.64k,70.13085u
,,661.66k,69.36545u
,,661.68k,70.88957u
,,661.7k,73.79586u
,,661.72k,74.6419u
,,661.74k,73.70236u
,,661.76k,73.23255u
,,661.78k,74.31228u
,,661.8k,75.63139u
,,661.82k,74.06019u
,,661.84k,71.09084u
,,661.86k,70.82987u
,,661.88k,73.96821u
,,661.9k,77.312u
,,661.92k,78.30799u
,,661.94k,77.17813u
,,661.96k,74.22787u
,,661.98k,70.00463u
,,662k,67.76439u
,,662.02k,68.95585u
,,662.04k,71.87089u
,,662.06k,75.92036u
,,662.08k,78.22834u
,,662.1k,77.32723u
,,662.12k,76.30642u
,,662.14k,75.81744u
,,662.16k,74.49984u
,,662.18k,73.31774u
,,662.2k,72.90123u
,,662.22k,73.41924u
,,662.24k,73.54651u
,,662.26k,72.34431u
,,662.28k,71.85867u
,,662.3k,71.99859u
,,662.32k,71.17976u
,,662.34k,69.76878u
,,662.36k,69.88454u
,,662.38k,72.34942u
,,662.4k,74.56912u
,,662.42k,73.39462u
,,662.44k,70.61188u
,,662.46k,70.99691u
,,662.48k,73.61665u
,,662.5k,74.30755u
,,662.52k,73.53948u
,,662.54k,74.51318u
,,662.56k,75.4877u
,,662.58k,73.95654u
,,662.6k,71.98666u
,,662.62k,72.5909u
,,662.64k,74.5458u
,,662.66k,74.51582u
,,662.68k,73.10772u
,,662.7k,72.70043u
,,662.72k,74.14663u
,,662.74k,76.47923u
,,662.76k,78.46897u
,,662.78k,77.91175u
,,662.8k,74.66038u
,,662.82k,73.57734u
,,662.84k,76.37904u
,,662.86k,78.75516u
,,662.88k,79.18889u
,,662.9k,79.32197u
,,662.92k,77.828u
,,662.94k,75.43379u
,,662.96k,73.92111u
,,662.98k,74.15602u
,,663k,77.13788u
,,663.02k,79.00099u
,,663.04k,78.39205u
,,663.06k,76.16541u
,,663.08k,74.07916u
,,663.1k,75.44319u
,,663.12k,77.68506u
,,663.14k,78.25045u
,,663.16k,79.72728u
,,663.18k,80.43508u
,,663.2k,77.5899u
,,663.22k,75.60436u
,,663.24k,77.35955u
,,663.26k,78.67766u
,,663.28k,76.92357u
,,663.3k,75.88891u
,,663.32k,77.17639u
,,663.34k,78.79586u
,,663.36k,80.24959u
,,663.38k,79.58019u
,,663.4k,76.55932u
,,663.42k,75.16064u
,,663.44k,76.0227u
,,663.46k,77.56901u
,,663.48k,80.75475u
,,663.5k,83.32445u
,,663.52k,83.59025u
,,663.54k,83.39837u
,,663.56k,81.87491u
,,663.58k,79.12321u
,,663.6k,77.42059u
,,663.62k,77.73687u
,,663.64k,78.33443u
,,663.66k,76.96542u
,,663.68k,75.97192u
,,663.7k,77.62515u
,,663.72k,80.22144u
,,663.74k,83.3593u
,,663.76k,85.66927u
,,663.78k,85.54563u
,,663.8k,85.05341u
,,663.82k,85.25025u
,,663.84k,84.43103u
,,663.86k,80.49865u
,,663.88k,76.86372u
,,663.9k,78.64616u
,,663.92k,82.21249u
,,663.94k,83.17561u
,,663.96k,82.93336u
,,663.98k,84.34532u
,,664k,87.95908u
,,664.02k,89.40141u
,,664.04k,87.00882u
,,664.06k,84.4693u
,,664.08k,83.84785u
,,664.1k,85.03277u
,,664.12k,85.54742u
,,664.14k,84.30533u
,,664.16k,82.31425u
,,664.18k,79.39227u
,,664.2k,78.90478u
,,664.22k,83.28316u
,,664.24k,86.53781u
,,664.26k,85.52288u
,,664.28k,86.06029u
,,664.3k,89.21431u
,,664.32k,90.81149u
,,664.34k,90.44371u
,,664.36k,89.84801u
,,664.38k,89.79428u
,,664.4k,89.2999u
,,664.42k,88.5759u
,,664.44k,89.1227u
,,664.46k,90.43689u
,,664.48k,90.22637u
,,664.5k,87.8306u
,,664.52k,86.95456u
,,664.54k,88.50469u
,,664.56k,88.85474u
,,664.58k,88.74775u
,,664.6k,89.94021u
,,664.62k,90.77536u
,,664.64k,91.30445u
,,664.66k,92.92609u
,,664.68k,93.17977u
,,664.7k,90.14283u
,,664.72k,87.73005u
,,664.74k,87.57716u
,,664.76k,88.09037u
,,664.78k,89.78059u
,,664.8k,91.41741u
,,664.82k,91.07142u
,,664.84k,91.59157u
,,664.86k,94.51005u
,,664.88k,96.31966u
,,664.9k,96.90361u
,,664.92k,98.2624u
,,664.94k,99.5736u
,,664.96k,99.22664u
,,664.98k,96.56769u
,,665k,94.30028u
,,665.02k,94.49238u
,,665.04k,95.04779u
,,665.06k,95.56275u
,,665.08k,96.16219u
,,665.1k,95.45568u
,,665.12k,95.35719u
,,665.14k,97.80148u
,,665.16k,101.3697u
,,665.18k,102.4826u
,,665.2k,101.3057u
,,665.22k,100.5403u
,,665.24k,99.44612u
,,665.26k,99.19558u
,,665.28k,101.9895u
,,665.3k,105.3634u
,,665.32k,107.3379u
,,665.34k,108.0824u
,,665.36k,105.6109u
,,665.38k,101.1971u
,,665.4k,99.66268u
,,665.42k,101.9051u
,,665.44k,104.7189u
,,665.46k,105.4903u
,,665.48k,105.1471u
,,665.5k,103.8598u
,,665.52k,101.8711u
,,665.54k,102.3629u
,,665.56k,105.0102u
,,665.58k,105.9686u
,,665.6k,105.5445u
,,665.62k,105.48u
,,665.64k,105.0497u
,,665.66k,104.9937u
,,665.68k,106.3215u
,,665.7k,108.2614u
,,665.72k,108.6585u
,,665.74k,108.0083u
,,665.76k,108.5919u
,,665.78k,109.1277u
,,665.8k,108.6162u
,,665.82k,109.6519u
,,665.84k,111.3956u
,,665.86k,111.8285u
,,665.88k,113.1407u
,,665.9k,114.0541u
,,665.92k,113.1533u
,,665.94k,113.4043u
,,665.96k,115.8113u
,,665.98k,116.878u
,,666k,114.8984u
,,666.02k,114.5259u
,,666.04k,117.5921u
,,666.06k,120.5694u
,,666.08k,121.7805u
,,666.1k,121.3835u
,,666.12k,119.792u
,,666.14k,119.2509u
,,666.16k,120.3205u
,,666.18k,120.8543u
,,666.2k,119.7408u
,,666.22k,116.8862u
,,666.24k,114.334u
,,666.26k,113.4032u
,,666.28k,113.2953u
,,666.3k,113.974u
,,666.32k,116.1466u
,,666.34k,119.8962u
,,666.36k,122.4104u
,,666.38k,122.9163u
,,666.4k,123.5903u
,,666.42k,123.3798u
,,666.44k,121.3793u
,,666.46k,120.5524u
,,666.48k,122.4208u
,,666.5k,123.6665u
,,666.52k,122.735u
,,666.54k,122.3833u
,,666.56k,122.8977u
,,666.58k,123.3063u
,,666.6k,123.5724u
,,666.62k,122.9447u
,,666.64k,122.3724u
,,666.66k,123.7038u
,,666.68k,126.0263u
,,666.7k,127.9398u
,,666.72k,129.2261u
,,666.74k,129.9292u
,,666.76k,129.6084u
,,666.78k,129.0807u
,,666.8k,129.7592u
,,666.82k,130.247u
,,666.84k,130.3351u
,,666.86k,131.3568u
,,666.88k,132.7173u
,,666.9k,132.0045u
,,666.92k,130.0213u
,,666.94k,129.2074u
,,666.96k,129.5008u
,,666.98k,130.8683u
,,667k,131.5338u
,,667.02k,130.2035u
,,667.04k,128.7431u
,,667.06k,128.4453u
,,667.08k,129.5578u
,,667.1k,131.2429u
,,667.12k,133.1649u
,,667.14k,134.5788u
,,667.16k,134.7395u
,,667.18k,134.8041u
,,667.2k,136.2157u
,,667.22k,138.3224u
,,667.24k,137.7543u
,,667.26k,136.4285u
,,667.28k,136.8014u
,,667.3k,135.2401u
,,667.32k,132.8163u
,,667.34k,134.4424u
,,667.36k,138.9608u
,,667.38k,140.2724u
,,667.4k,136.8956u
,,667.42k,134.7639u
,,667.44k,135.9574u
,,667.46k,137.2157u
,,667.48k,137.4898u
,,667.5k,138.1041u
,,667.52k,139.0442u
,,667.54k,139.0246u
,,667.56k,138.0355u
,,667.58k,138.0812u
,,667.6k,140.1508u
,,667.62k,140.3096u
,,667.64k,138.3822u
,,667.66k,138.2143u
,,667.68k,138.3862u
,,667.7k,137.8401u
,,667.72k,138.4688u
,,667.74k,138.902u
,,667.76k,139.0998u
,,667.78k,141.4696u
,,667.8k,142.9345u
,,667.82k,141.9482u
,,667.84k,141.059u
,,667.86k,139.5447u
,,667.88k,139.1147u
,,667.9k,140.9923u
,,667.92k,140.6187u
,,667.94k,139.516u
,,667.96k,141.0752u
,,667.98k,142.8767u
,,668k,143.9817u
,,668.02k,144.72u
,,668.04k,144.9957u
,,668.06k,144.5513u
,,668.08k,144.0625u
,,668.1k,142.9657u
,,668.12k,140.5641u
,,668.14k,139.3599u
,,668.16k,139.6605u
,,668.18k,139.3134u
,,668.2k,138.5404u
,,668.22k,138.3237u
,,668.24k,139.4786u
,,668.26k,141.9451u
,,668.28k,142.8158u
,,668.3k,140.367u
,,668.32k,138.4899u
,,668.34k,139.2767u
,,668.36k,139.0111u
,,668.38k,136.8989u
,,668.4k,135.4525u
,,668.42k,135.5892u
,,668.44k,135.871u
,,668.46k,136.4632u
,,668.48k,138.3533u
,,668.5k,138.9772u
,,668.52k,135.6447u
,,668.54k,130.2799u
,,668.56k,128.3822u
,,668.58k,131.3614u
,,668.6k,135.1918u
,,668.62k,135.9657u
,,668.64k,134.0506u
,,668.66k,132.6193u
,,668.68k,132.5436u
,,668.7k,132.1856u
,,668.72k,130.9754u
,,668.74k,129.5748u
,,668.76k,128.2513u
,,668.78k,126.3519u
,,668.8k,124.2375u
,,668.82k,122.6967u
,,668.84k,120.0817u
,,668.86k,116.6648u
,,668.88k,116.0254u
,,668.9k,118.3164u
,,668.92k,120.9662u
,,668.94k,122.395u
,,668.96k,122.6737u
,,668.98k,122.0678u
,,669k,120.3057u
,,669.02k,117.7827u
,,669.04k,115.0502u
,,669.06k,113.7379u
,,669.08k,115.8942u
,,669.1k,118.1529u
,,669.12k,116.636u
,,669.14k,113.934u
,,669.16k,112.989u
,,669.18k,113.7009u
,,669.2k,113.6664u
,,669.22k,111.5993u
,,669.24k,108.6056u
,,669.26k,105.408u
,,669.28k,104.4165u
,,669.3k,106.0651u
,,669.32k,105.9281u
,,669.34k,103.2018u
,,669.36k,102.2803u
,,669.38k,102.8191u
,,669.4k,100.8595u
,,669.42k,97.79366u
,,669.44k,97.9273u
,,669.46k,99.87179u
,,669.48k,100.4748u
,,669.5k,100.8759u
,,669.52k,100.6496u
,,669.54k,98.70534u
,,669.56k,97.32507u
,,669.58k,97.23821u
,,669.6k,96.88277u
,,669.62k,95.57209u
,,669.64k,93.95138u
,,669.66k,93.66356u
,,669.68k,93.82748u
,,669.7k,92.82541u
,,669.72k,91.68131u
,,669.74k,91.29985u
,,669.76k,91.70169u
,,669.78k,91.46944u
,,669.8k,90.18421u
,,669.82k,89.53472u
,,669.84k,89.73174u
,,669.86k,89.21178u
,,669.88k,87.47897u
,,669.9k,85.34119u
,,669.92k,83.92979u
,,669.94k,84.17184u
,,669.96k,84.4686u
,,669.98k,82.76754u
,,670k,79.93301u
,,670.02k,77.26123u
,,670.04k,76.17147u
,,670.06k,77.08286u
,,670.08k,78.53123u
,,670.1k,78.20662u
,,670.12k,73.98045u
,,670.14k,70.17475u
,,670.16k,71.246u
,,670.18k,74.18504u
,,670.2k,74.54674u
,,670.22k,72.62977u
,,670.24k,73.75538u
,,670.26k,78.00519u
,,670.28k,78.70366u
,,670.3k,75.71692u
,,670.32k,73.57553u
,,670.34k,73.37314u
,,670.36k,74.40787u
,,670.38k,75.52469u
,,670.4k,75.96707u
,,670.42k,75.08699u
,,670.44k,74.35769u
,,670.46k,74.44541u
,,670.48k,74.6639u
,,670.5k,76.29378u
,,670.52k,78.10652u
,,670.54k,78.60873u
,,670.56k,77.90467u
,,670.58k,77.44561u
,,670.6k,78.50421u
,,670.62k,78.17155u
,,670.64k,77.40925u
,,670.66k,78.6213u
,,670.68k,79.21643u
,,670.7k,77.89701u
,,670.72k,76.27299u
,,670.74k,75.50595u
,,670.76k,74.61064u
,,670.78k,74.85446u
,,670.8k,76.75889u
,,670.82k,78.19763u
,,670.84k,78.97849u
,,670.86k,81.16261u
,,670.88k,85.19241u
,,670.9k,87.60482u
,,670.92k,87.61973u
,,670.94k,88.56926u
,,670.96k,90.13464u
,,670.98k,89.55573u
,,671k,87.41198u
,,671.02k,86.4355u
,,671.04k,87.25678u
,,671.06k,88.88665u
,,671.08k,89.56054u
,,671.1k,88.34011u
,,671.12k,88.76197u
,,671.14k,91.69322u
,,671.16k,92.97709u
,,671.18k,92.10823u
,,671.2k,92.66732u
,,671.22k,95.74408u
,,671.24k,97.41802u
,,671.26k,95.30832u
,,671.28k,92.8443u
,,671.3k,93.72791u
,,671.32k,96.16712u
,,671.34k,97.84919u
,,671.36k,99.00861u
,,671.38k,99.2307u
,,671.4k,100.6347u
,,671.42k,103.3597u
,,671.44k,103.0551u
,,671.46k,100.4428u
,,671.48k,100.1308u
,,671.5k,102.3085u
,,671.52k,104.0731u
,,671.54k,104.6151u
,,671.56k,104.5871u
,,671.58k,105.9507u
,,671.6k,108.9626u
,,671.62k,109.9335u
,,671.64k,109.503u
,,671.66k,111.7104u
,,671.68k,114.5946u
,,671.7k,114.5589u
,,671.72k,114.2207u
,,671.74k,115.1406u
,,671.76k,115.3405u
,,671.78k,116.535u
,,671.8k,118.7428u
,,671.82k,119.8158u
,,671.84k,120.4322u
,,671.86k,121.2194u
,,671.88k,121.4503u
,,671.9k,121.8284u
,,671.92k,123.4512u
,,671.94k,124.8168u
,,671.96k,124.5175u
,,671.98k,124.1627u
,,672k,124.832u
,,672.02k,125.3919u
,,672.04k,125.7764u
,,672.06k,125.9893u
,,672.08k,125.5906u
,,672.1k,126.2731u
,,672.12k,129.1602u
,,672.14k,131.8956u
,,672.16k,132.5329u
,,672.18k,131.9244u
,,672.2k,132.2822u
,,672.22k,134.2154u
,,672.24k,135.8756u
,,672.26k,135.4365u
,,672.28k,133.2013u
,,672.3k,132.0935u
,,672.32k,133.1439u
,,672.34k,134.7525u
,,672.36k,136.2705u
,,672.38k,136.2571u
,,672.4k,134.6682u
,,672.42k,134.3267u
,,672.44k,135.5338u
,,672.46k,136.204u
,,672.48k,136.3499u
,,672.5k,137.0209u
,,672.52k,137.8591u
,,672.54k,137.9778u
,,672.56k,137.6156u
,,672.58k,138.3259u
,,672.6k,138.9229u
,,672.62k,138.9801u
,,672.64k,141.3153u
,,672.66k,144.7834u
,,672.68k,146.9032u
,,672.7k,147.9337u
,,672.72k,148.2496u
,,672.74k,148.3403u
,,672.76k,148.8516u
,,672.78k,147.5551u
,,672.8k,144.5737u
,,672.82k,143.9259u
,,672.84k,146.0492u
,,672.86k,148.6879u
,,672.88k,150.1031u
,,672.9k,151.1351u
,,672.92k,151.9619u
,,672.94k,151.1737u
,,672.96k,150.7491u
,,672.98k,151.2847u
,,673k,150.8316u
,,673.02k,151.2893u
,,673.04k,152.662u
,,673.06k,152.4241u
,,673.08k,151.9184u
,,673.1k,152.1678u
,,673.12k,151.9043u
,,673.14k,150.0854u
,,673.16k,148.2094u
,,673.18k,148.317u
,,673.2k,149.9429u
,,673.22k,151.3662u
,,673.24k,151.9705u
,,673.26k,152.4441u
,,673.28k,152.6123u
,,673.3k,151.5289u
,,673.32k,149.1582u
,,673.34k,147.3937u
,,673.36k,147.5031u
,,673.38k,147.9626u
,,673.4k,148.2836u
,,673.42k,149.4043u
,,673.44k,149.1112u
,,673.46k,148.1602u
,,673.48k,150.2836u
,,673.5k,152.8067u
,,673.52k,151.8543u
,,673.54k,150.2695u
,,673.56k,151.4711u
,,673.58k,153.0371u
,,673.6k,152.1448u
,,673.62k,149.6291u
,,673.64k,147.4397u
,,673.66k,145.7674u
,,673.68k,144.6312u
,,673.7k,145.6851u
,,673.72k,148.3772u
,,673.74k,149.128u
,,673.76k,147.466u
,,673.78k,145.2568u
,,673.8k,143.7877u
,,673.82k,144.6589u
,,673.84k,147.0224u
,,673.86k,148.4368u
,,673.88k,148.4816u
,,673.9k,148.082u
,,673.92k,147.5687u
,,673.94k,146.294u
,,673.96k,143.1277u
,,673.98k,139.848u
,,674k,139.9276u
,,674.02k,141.781u
,,674.04k,141.9244u
,,674.06k,141.5566u
,,674.08k,141.6717u
,,674.1k,141.0395u
,,674.12k,140.1945u
,,674.14k,139.784u
,,674.16k,139.8252u
,,674.18k,140.0794u
,,674.2k,140.5315u
,,674.22k,139.9334u
,,674.24k,137.7206u
,,674.26k,136.617u
,,674.28k,137.4614u
,,674.3k,138.2263u
,,674.32k,138.1652u
,,674.34k,137.1261u
,,674.36k,134.6045u
,,674.38k,133.1948u
,,674.4k,135.0317u
,,674.42k,137.7208u
,,674.44k,139.6776u
,,674.46k,139.4347u
,,674.48k,137.6656u
,,674.5k,137.3416u
,,674.52k,137.8607u
,,674.54k,138.2295u
,,674.56k,137.4u
,,674.58k,135.0962u
,,674.6k,134.0017u
,,674.62k,134.2628u
,,674.64k,134.2621u
,,674.66k,134.1903u
,,674.68k,134.4894u
,,674.7k,133.7874u
,,674.72k,132.5387u
,,674.74k,133.187u
,,674.76k,134.6869u
,,674.78k,134.8329u
,,674.8k,134.6971u
,,674.82k,134.4221u
,,674.84k,132.4004u
,,674.86k,130.2111u
,,674.88k,129.8071u
,,674.9k,132.3986u
,,674.92k,136.7248u
,,674.94k,137.8248u
,,674.96k,135.7849u
,,674.98k,134.4453u
,,675k,133.7163u
,,675.02k,132.0885u
,,675.04k,130.8125u
,,675.06k,130.4181u
,,675.08k,129.435u
,,675.1k,127.7947u
,,675.12k,127.6208u
,,675.14k,129.2871u
,,675.16k,131.1208u
,,675.18k,132.9694u
,,675.2k,134.451u
,,675.22k,133.037u
,,675.24k,129.4575u
,,675.26k,128.6197u
,,675.28k,130.4784u
,,675.3k,131.4502u
,,675.32k,132.1467u
,,675.34k,133.1559u
,,675.36k,133.04u
,,675.38k,132.4353u
,,675.4k,131.2397u
,,675.42k,129.4864u
,,675.44k,128.6546u
,,675.46k,128.2089u
,,675.48k,127.1907u
,,675.5k,126.56u
,,675.52k,126.9645u
,,675.54k,127.5897u
,,675.56k,126.9506u
,,675.58k,123.2734u
,,675.6k,119.7537u
,,675.62k,120.7258u
,,675.64k,123.6095u
,,675.66k,126.089u
,,675.68k,128.4662u
,,675.7k,129.2506u
,,675.72k,127.4234u
,,675.74k,123.6436u
,,675.76k,121.303u
,,675.78k,124.5971u
,,675.8k,129.4142u
,,675.82k,129.6938u
,,675.84k,128.0085u
,,675.86k,125.7395u
,,675.88k,121.8351u
,,675.9k,119.4683u
,,675.92k,119.8694u
,,675.94k,121.8768u
,,675.96k,123.5849u
,,675.98k,124.133u
,,676k,125.0743u
,,676.02k,127.4547u
,,676.04k,128.747u
,,676.06k,126.6137u
,,676.08k,124.2953u
,,676.1k,123.1783u
,,676.12k,121.9593u
,,676.14k,120.1464u
,,676.16k,118.1379u
,,676.18k,117.8952u
,,676.2k,117.9051u
,,676.22k,116.4713u
,,676.24k,116.6621u
,,676.26k,118.5846u
,,676.28k,120.0239u
,,676.3k,120.8633u
,,676.32k,120.4543u
,,676.34k,119.891u
,,676.36k,119.3416u
,,676.38k,118.503u
,,676.4k,119.3631u
,,676.42k,118.9685u
,,676.44k,115.606u
,,676.46k,114.1742u
,,676.48k,116.6579u
,,676.5k,119.0841u
,,676.52k,118.3809u
,,676.54k,115.5091u
,,676.56k,113.4531u
,,676.58k,113.1932u
,,676.6k,112.5919u
,,676.62k,111.4644u
,,676.64k,111.5306u
,,676.66k,111.2914u
,,676.68k,107.8242u
,,676.7k,104.8905u
,,676.72k,107.6352u
,,676.74k,111.9154u
,,676.76k,112.3386u
,,676.78k,111.1395u
,,676.8k,110.7794u
,,676.82k,110.2547u
,,676.84k,108.9915u
,,676.86k,106.6539u
,,676.88k,105.4227u
,,676.9k,106.7325u
,,676.92k,107.6488u
,,676.94k,108.1063u
,,676.96k,107.8422u
,,676.98k,104.74u
,,677k,101.3744u
,,677.02k,99.73682u
,,677.04k,99.36301u
,,677.06k,100.7464u
,,677.08k,103.4315u
,,677.1k,106.1145u
,,677.12k,105.6244u
,,677.14k,101.641u
,,677.16k,99.3835u
,,677.18k,100.1798u
,,677.2k,100.534u
,,677.22k,100.3914u
,,677.24k,102.2806u
,,677.26k,105.42u
,,677.28k,106.9531u
,,677.3k,105.7064u
,,677.32k,102.8166u
,,677.34k,100.9069u
,,677.36k,100.7607u
,,677.38k,99.15377u
,,677.4k,95.46766u
,,677.42k,94.43247u
,,677.44k,96.71044u
,,677.46k,99.47407u
,,677.48k,100.9967u
,,677.5k,99.58474u
,,677.52k,96.92985u
,,677.54k,94.34872u
,,677.56k,91.45831u
,,677.58k,89.64278u
,,677.6k,88.27656u
,,677.62k,87.84597u
,,677.64k,90.35966u
,,677.66k,93.88928u
,,677.68k,95.43919u
,,677.7k,94.36454u
,,677.72k,91.2069u
,,677.74k,88.06813u
,,677.76k,86.96279u
,,677.78k,87.93926u
,,677.8k,90.14147u
,,677.82k,90.11952u
,,677.84k,86.83683u
,,677.86k,84.33072u
,,677.88k,83.6611u
,,677.9k,82.77349u
,,677.92k,81.96119u
,,677.94k,82.32776u
,,677.96k,82.65802u
,,677.98k,82.19933u
,,678k,81.88603u
,,678.02k,81.94459u
,,678.04k,82.00889u
,,678.06k,82.32494u
,,678.08k,80.89715u
,,678.1k,77.06835u
,,678.12k,75.63242u
,,678.14k,78.29404u
,,678.16k,81.01572u
,,678.18k,81.01043u
,,678.2k,80.1472u
,,678.22k,79.55975u
,,678.24k,77.35405u
,,678.26k,74.08802u
,,678.28k,73.22474u
,,678.3k,75.94479u
,,678.32k,78.70645u
,,678.34k,77.3129u
,,678.36k,73.56048u
,,678.38k,71.83404u
,,678.4k,71.88205u
,,678.42k,72.61843u
,,678.44k,74.86254u
,,678.46k,76.71745u
,,678.48k,76.3295u
,,678.5k,73.73738u
,,678.52k,70.4259u
,,678.54k,68.85695u
,,678.56k,68.81145u
,,678.58k,67.62289u
,,678.6k,65.18193u
,,678.62k,64.73037u
,,678.64k,66.8265u
,,678.66k,68.20931u
,,678.68k,67.15598u
,,678.7k,64.84153u
,,678.72k,62.5357u
,,678.74k,61.54644u
,,678.76k,62.13248u
,,678.78k,63.04719u
,,678.8k,64.43496u
,,678.82k,66.34429u
,,678.84k,67.98359u
,,678.86k,69.022u
,,678.88k,69.02489u
,,678.9k,67.37123u
,,678.92k,64.04189u
,,678.94k,61.25414u
,,678.96k,61.84255u
,,678.98k,64.70727u
,,679k,65.54258u
,,679.02k,64.2692u
,,679.04k,63.96681u
,,679.06k,64.51737u
,,679.08k,63.9878u
,,679.1k,62.15596u
,,679.12k,60.43169u
,,679.14k,59.78024u
,,679.16k,59.94325u
,,679.18k,61.64936u
,,679.2k,63.20106u
,,679.22k,62.66502u
,,679.24k,61.38487u
,,679.26k,61.2597u
,,679.28k,62.28704u
,,679.3k,63.01618u
,,679.32k,63.61766u
,,679.34k,63.97101u
,,679.36k,62.7639u
,,679.38k,61.29168u
,,679.4k,60.39574u
,,679.42k,59.54917u
,,679.44k,59.65786u
,,679.46k,60.22741u
,,679.48k,60.38483u
,,679.5k,61.32122u
,,679.52k,61.44628u
,,679.54k,59.05006u
,,679.56k,57.32734u
,,679.58k,56.83237u
,,679.6k,56.89393u
,,679.62k,59.78093u
,,679.64k,63.88117u
,,679.66k,65.19703u
,,679.68k,63.50257u
,,679.7k,61.71348u
,,679.72k,61.78739u
,,679.74k,61.14469u
,,679.76k,59.65059u
,,679.78k,58.53151u
,,679.8k,54.61177u
,,679.82k,49.92206u
,,679.84k,48.99317u
,,679.86k,52.89748u
,,679.88k,57.73886u
,,679.9k,56.77388u
,,679.92k,52.26197u
,,679.94k,50.50292u
,,679.96k,50.5918u
,,679.98k,51.85176u
,,680k,54.6935u
,,680.02k,54.90554u
,,680.04k,54.27387u
,,680.06k,56.67699u
,,680.08k,58.28424u
,,680.1k,56.33034u
,,680.12k,53.8622u
,,680.14k,54.57155u
,,680.16k,56.91797u
,,680.18k,57.08403u
,,680.2k,56.61466u
,,680.22k,56.78476u
,,680.24k,55.47978u
,,680.26k,53.70795u
,,680.28k,53.10388u
,,680.3k,54.00495u
,,680.32k,55.86848u
,,680.34k,56.1303u
,,680.36k,54.47278u
,,680.38k,53.79091u
,,680.4k,54.09144u
,,680.42k,54.41877u
,,680.44k,54.30423u
,,680.46k,54.34663u
,,680.48k,54.24952u
,,680.5k,53.1991u
,,680.52k,54.06134u
,,680.54k,56.49256u
,,680.56k,58.15571u
,,680.58k,59.54519u
,,680.6k,60.08664u
,,680.62k,59.50127u
,,680.64k,58.03212u
,,680.66k,56.19604u
,,680.68k,53.23648u
,,680.7k,50.32545u
,,680.72k,51.56612u
,,680.74k,54.5542u
,,680.76k,55.23158u
,,680.78k,53.59041u
,,680.8k,52.51009u
,,680.82k,54.75003u
,,680.84k,57.92259u
,,680.86k,58.99119u
,,680.88k,59.23922u
,,680.9k,59.67554u
,,680.92k,60.28267u
,,680.94k,60.70265u
,,680.96k,61.69771u
,,680.98k,61.89547u
,,681k,59.68295u
,,681.02k,59.3065u
,,681.04k,61.67977u
,,681.06k,62.24948u
,,681.08k,59.96965u
,,681.1k,56.82633u
,,681.12k,54.7547u
,,681.14k,55.01u
,,681.16k,56.13343u
,,681.18k,56.63283u
,,681.2k,56.48649u
,,681.22k,56.371u
,,681.24k,56.91141u
,,681.26k,57.033u
,,681.28k,57.3752u
,,681.3k,59.18088u
,,681.32k,60.14729u
,,681.34k,59.04637u
,,681.36k,57.70027u
,,681.38k,55.97509u
,,681.4k,55.36515u
,,681.42k,58.6396u
,,681.44k,61.58938u
,,681.46k,61.00113u
,,681.48k,60.4473u
,,681.5k,60.65614u
,,681.52k,58.51917u
,,681.54k,55.12609u
,,681.56k,55.8391u
,,681.58k,59.4034u
,,681.6k,61.16064u
,,681.62k,60.13214u
,,681.64k,58.35477u
,,681.66k,57.77651u
,,681.68k,59.30657u
,,681.7k,61.95289u
,,681.72k,62.86332u
,,681.74k,61.86781u
,,681.76k,61.09263u
,,681.78k,62.07597u
,,681.8k,64.09424u
,,681.82k,64.52633u
,,681.84k,63.06755u
,,681.86k,61.27374u
,,681.88k,59.97676u
,,681.9k,60.72402u
,,681.92k,62.15971u
,,681.94k,62.09406u
,,681.96k,62.45876u
,,681.98k,61.78777u
,,682k,58.48775u
,,682.02k,56.27977u
,,682.04k,57.2174u
,,682.06k,59.6847u
,,682.08k,61.99732u
,,682.1k,63.93369u
,,682.12k,63.5002u
,,682.14k,60.23903u
,,682.16k,59.14283u
,,682.18k,61.52397u
,,682.2k,62.74145u
,,682.22k,63.06128u
,,682.24k,65.17091u
,,682.26k,67.05296u
,,682.28k,66.68742u
,,682.3k,64.36591u
,,682.32k,62.2342u
,,682.34k,62.36408u
,,682.36k,62.54371u
,,682.38k,62.59058u
,,682.4k,63.92159u
,,682.42k,64.94599u
,,682.44k,64.55865u
,,682.46k,64.00354u
,,682.48k,64.11693u
,,682.5k,63.89031u
,,682.52k,63.18946u
,,682.54k,63.54262u
,,682.56k,65.10534u
,,682.58k,66.40295u
,,682.6k,66.55601u
,,682.62k,65.58884u
,,682.64k,65.51998u
,,682.66k,67.49344u
,,682.68k,68.53771u
,,682.7k,67.39552u
,,682.72k,66.07279u
,,682.74k,65.49153u
,,682.76k,64.94152u
,,682.78k,63.64642u
,,682.8k,63.60824u
,,682.82k,64.58634u
,,682.84k,65.93713u
,,682.86k,67.20513u
,,682.88k,65.91807u
,,682.9k,63.43928u
,,682.92k,62.33553u
,,682.94k,63.4823u
,,682.96k,66.29251u
,,682.98k,68.22096u
,,683k,68.37304u
,,683.02k,68.11094u
,,683.04k,68.36111u
,,683.06k,68.31567u
,,683.08k,67.63129u
,,683.1k,67.68287u
,,683.12k,68.00123u
,,683.14k,66.81585u
,,683.16k,66.55383u
,,683.18k,69.11752u
,,683.2k,68.83693u
,,683.22k,65.18874u
,,683.24k,65.35522u
,,683.26k,67.34476u
,,683.28k,66.44755u
,,683.3k,66.05842u
,,683.32k,66.81883u
,,683.34k,66.97984u
,,683.36k,68.03709u
,,683.38k,69.05062u
,,683.4k,69.10844u
,,683.42k,68.40797u
,,683.44k,66.43404u
,,683.46k,64.52866u
,,683.48k,63.50005u
,,683.5k,62.6602u
,,683.52k,63.20362u
,,683.54k,65.389u
,,683.56k,67.96089u
,,683.58k,70.25756u
,,683.6k,71.29673u
,,683.62k,71.84161u
,,683.64k,71.93953u
,,683.66k,70.13505u
,,683.68k,67.05785u
,,683.7k,65.8019u
,,683.72k,67.0099u
,,683.74k,68.49847u
,,683.76k,69.31546u
,,683.78k,69.81517u
,,683.8k,69.75782u
,,683.82k,68.98485u
,,683.84k,68.82614u
,,683.86k,70.26396u
,,683.88k,72.12342u
,,683.9k,71.75779u
,,683.92k,71.08532u
,,683.94k,71.99461u
,,683.96k,71.1709u
,,683.98k,68.49473u
,,684k,68.87727u
,,684.02k,70.38636u
,,684.04k,69.03682u
,,684.06k,66.64625u
,,684.08k,64.79588u
,,684.1k,66.62326u
,,684.12k,71.8935u
,,684.14k,74.27231u
,,684.16k,72.47992u
,,684.18k,69.92967u
,,684.2k,67.94717u
,,684.22k,67.20041u
,,684.24k,68.83313u
,,684.26k,70.42438u
,,684.28k,70.76182u
,,684.3k,72.79319u
,,684.32k,75.88315u
,,684.34k,77.7268u
,,684.36k,79.22431u
,,684.38k,78.8704u
,,684.4k,74.90184u
,,684.42k,71.1534u
,,684.44k,71.31793u
,,684.46k,73.49523u
,,684.48k,76.29655u
,,684.5k,79.97019u
,,684.52k,82.11783u
,,684.54k,82.62046u
,,684.56k,81.97029u
,,684.58k,78.67605u
,,684.6k,76.77939u
,,684.62k,79.71877u
,,684.64k,82.62401u
,,684.66k,82.75557u
,,684.68k,83.68934u
,,684.7k,85.9917u
,,684.72k,85.76888u
,,684.74k,83.07535u
,,684.76k,82.08934u
,,684.78k,83.50999u
,,684.8k,85.27062u
,,684.82k,85.4971u
,,684.84k,83.98844u
,,684.86k,82.97576u
,,684.88k,83.23971u
,,684.9k,84.13918u
,,684.92k,85.51981u
,,684.94k,87.58663u
,,684.96k,90.34478u
,,684.98k,91.32161u
,,685k,89.87608u
,,685.02k,89.461u
,,685.04k,90.43388u
,,685.06k,90.84346u
,,685.08k,92.35527u
,,685.1k,96.48468u
,,685.12k,100.0439u
,,685.14k,99.17906u
,,685.16k,95.66147u
,,685.18k,93.62569u
,,685.2k,93.25697u
,,685.22k,93.78135u
,,685.24k,95.58256u
,,685.26k,96.94573u
,,685.28k,97.205u
,,685.3k,97.49121u
,,685.32k,96.08845u
,,685.34k,93.61793u
,,685.36k,92.23893u
,,685.38k,91.84882u
,,685.4k,92.58222u
,,685.42k,92.83357u
,,685.44k,93.02333u
,,685.46k,95.77238u
,,685.48k,98.14619u
,,685.5k,98.14738u
,,685.52k,98.67148u
,,685.54k,99.94209u
,,685.56k,101.511u
,,685.58k,103.5428u
,,685.6k,105.0904u
,,685.62k,106.2091u
,,685.64k,106.1113u
,,685.66k,104.8094u
,,685.68k,103.8507u
,,685.7k,102.0156u
,,685.72k,99.42853u
,,685.74k,98.7661u
,,685.76k,99.9247u
,,685.78k,101.9787u
,,685.8k,103.8204u
,,685.82k,103.5963u
,,685.84k,102.4805u
,,685.86k,101.7223u
,,685.88k,100.3169u
,,685.9k,98.37049u
,,685.92k,98.50385u
,,685.94k,100.4435u
,,685.96k,101.59u
,,685.98k,101.063u
,,686k,99.25133u
,,686.02k,98.98991u
,,686.04k,101.4138u
,,686.06k,103.9907u
,,686.08k,105.5027u
,,686.1k,106.8442u
,,686.12k,107.7883u
,,686.14k,107.1411u
,,686.16k,104.9209u
,,686.18k,102.6364u
,,686.2k,101.5545u
,,686.22k,102.4691u
,,686.24k,103.8309u
,,686.26k,104.0303u
,,686.28k,103.8342u
,,686.3k,104.176u
,,686.32k,106.014u
,,686.34k,107.2289u
,,686.36k,106.2151u
,,686.38k,104.7639u
,,686.4k,104.2877u
,,686.42k,106.4545u
,,686.44k,110.3583u
,,686.46k,111.4693u
,,686.48k,108.5212u
,,686.5k,106.371u
,,686.52k,107.8487u
,,686.54k,110.3728u
,,686.56k,111.444u
,,686.58k,111.4131u
,,686.6k,110.2123u
,,686.62k,107.956u
,,686.64k,106.8644u
,,686.66k,106.4393u
,,686.68k,106.1782u
,,686.7k,107.1032u
,,686.72k,106.5725u
,,686.74k,103.8293u
,,686.76k,101.8975u
,,686.78k,102.0396u
,,686.8k,104.2465u
,,686.82k,106.776u
,,686.84k,107.1522u
,,686.86k,106.4085u
,,686.88k,105.6184u
,,686.9k,104.1869u
,,686.92k,103.9941u
,,686.94k,105.5858u
,,686.96k,107.0552u
,,686.98k,108.4329u
,,687k,109.0941u
,,687.02k,108.1728u
,,687.04k,106.3713u
,,687.06k,106.251u
,,687.08k,107.5413u
,,687.1k,105.9084u
,,687.12k,102.374u
,,687.14k,100.1431u
,,687.16k,100.978u
,,687.18k,105.4426u
,,687.2k,107.8896u
,,687.22k,104.4656u
,,687.24k,101.771u
,,687.26k,103.2969u
,,687.28k,103.4134u
,,687.3k,102.0715u
,,687.32k,103.9124u
,,687.34k,105.6186u
,,687.36k,102.6028u
,,687.38k,100.2948u
,,687.4k,103.0128u
,,687.42k,105.1985u
,,687.44k,104.2324u
,,687.46k,102.5266u
,,687.48k,100.6842u
,,687.5k,99.41347u
,,687.52k,98.38963u
,,687.54k,96.76334u
,,687.56k,95.67066u
,,687.58k,95.58641u
,,687.6k,95.59638u
,,687.62k,95.84134u
,,687.64k,97.06017u
,,687.66k,97.60951u
,,687.68k,96.28541u
,,687.7k,94.48591u
,,687.72k,93.26643u
,,687.74k,92.74575u
,,687.76k,92.94762u
,,687.78k,93.54191u
,,687.8k,93.57313u
,,687.82k,93.23209u
,,687.84k,93.00384u
,,687.86k,94.04334u
,,687.88k,94.76943u
,,687.9k,91.77522u
,,687.92k,89.59916u
,,687.94k,90.85369u
,,687.96k,91.72936u
,,687.98k,91.08092u
,,688k,90.06294u
,,688.02k,88.6327u
,,688.04k,85.7401u
,,688.06k,82.95971u
,,688.08k,82.89852u
,,688.1k,86.01679u
,,688.12k,88.43721u
,,688.14k,86.3748u
,,688.16k,83.73259u
,,688.18k,84.56092u
,,688.2k,85.73185u
,,688.22k,84.67957u
,,688.24k,83.33683u
,,688.26k,82.65007u
,,688.28k,81.11835u
,,688.3k,80.9838u
,,688.32k,83.59871u
,,688.34k,85.34891u
,,688.36k,86.52638u
,,688.38k,87.22757u
,,688.4k,85.53311u
,,688.42k,83.41402u
,,688.44k,83.43887u
,,688.46k,84.6696u
,,688.48k,84.2438u
,,688.5k,81.87634u
,,688.52k,80.33236u
,,688.54k,80.54973u
,,688.56k,80.63213u
,,688.58k,80.04019u
,,688.6k,77.5465u
,,688.62k,73.92272u
,,688.64k,73.09157u
,,688.66k,73.95443u
,,688.68k,75.36065u
,,688.7k,77.57008u
,,688.72k,78.11222u
,,688.74k,77.04818u
,,688.76k,74.90078u
,,688.78k,72.70216u
,,688.8k,72.02015u
,,688.82k,72.53246u
,,688.84k,74.28028u
,,688.86k,74.6211u
,,688.88k,72.6351u
,,688.9k,71.98609u
,,688.92k,72.19475u
,,688.94k,71.60115u
,,688.96k,71.6451u
,,688.98k,72.27567u
,,689k,71.93688u
,,689.02k,70.70657u
,,689.04k,69.60675u
,,689.06k,69.98464u
,,689.08k,72.14854u
,,689.1k,72.67989u
,,689.12k,70.58906u
,,689.14k,68.56627u
,,689.16k,66.45273u
,,689.18k,63.90936u
,,689.2k,63.65181u
,,689.22k,66.81636u
,,689.24k,69.09187u
,,689.26k,66.99571u
,,689.28k,63.51564u
,,689.3k,62.23364u
,,689.32k,62.114u
,,689.34k,62.1816u
,,689.36k,61.69794u
,,689.38k,60.53806u
,,689.4k,60.7899u
,,689.42k,63.01348u
,,689.44k,64.85753u
,,689.46k,64.13511u
,,689.48k,62.68014u
,,689.5k,62.6218u
,,689.52k,63.63062u
,,689.54k,65.44817u
,,689.56k,65.39741u
,,689.58k,62.49413u
,,689.6k,59.71139u
,,689.62k,58.69058u
,,689.64k,59.38886u
,,689.66k,60.72613u
,,689.68k,61.78748u
,,689.7k,61.39776u
,,689.72k,57.1302u
,,689.74k,51.11924u
,,689.76k,48.88108u
,,689.78k,50.62467u
,,689.8k,53.5151u
,,689.82k,55.50364u
,,689.84k,55.21813u
,,689.86k,53.93643u
,,689.88k,53.85733u
,,689.9k,54.258u
,,689.92k,53.40414u
,,689.94k,52.31597u
,,689.96k,52.91065u
,,689.98k,54.60339u
,,690k,55.48883u
,,690.02k,54.8354u
,,690.04k,54.06449u
,,690.06k,53.87057u
,,690.08k,54.10439u
,,690.1k,52.68984u
,,690.12k,49.34913u
,,690.14k,49.00452u
,,690.16k,51.53627u
,,690.18k,51.3076u
,,690.2k,48.46316u
,,690.22k,46.36769u
,,690.24k,45.65171u
,,690.26k,46.9539u
,,690.28k,50.10715u
,,690.3k,52.28065u
,,690.32k,51.88974u
,,690.34k,49.91519u
,,690.36k,47.96195u
,,690.38k,46.6603u
,,690.4k,45.72062u
,,690.42k,45.49171u
,,690.44k,46.48268u
,,690.46k,47.54657u
,,690.48k,47.40833u
,,690.5k,45.079u
,,690.52k,41.20968u
,,690.54k,39.04641u
,,690.56k,40.14779u
,,690.58k,42.85992u
,,690.6k,43.94625u
,,690.62k,42.49084u
,,690.64k,41.40484u
,,690.66k,40.68035u
,,690.68k,39.06163u
,,690.7k,40.11101u
,,690.72k,42.92351u
,,690.74k,43.40468u
,,690.76k,42.335u
,,690.78k,41.59731u
,,690.8k,42.52485u
,,690.82k,44.87309u
,,690.84k,45.22973u
,,690.86k,43.07433u
,,690.88k,41.96808u
,,690.9k,41.46311u
,,690.92k,41.79136u
,,690.94k,44.13583u
,,690.96k,45.38725u
,,690.98k,44.20722u
,,691k,41.82626u
,,691.02k,40.46725u
,,691.04k,41.67473u
,,691.06k,42.00678u
,,691.08k,40.57361u
,,691.1k,39.90251u
,,691.12k,40.7309u
,,691.14k,41.34272u
,,691.16k,39.62656u
,,691.18k,37.02385u
,,691.2k,34.94434u
,,691.22k,34.55727u
,,691.24k,35.07506u
,,691.26k,35.17317u
,,691.28k,36.77155u
,,691.3k,38.58401u
,,691.32k,39.86873u
,,691.34k,40.20898u
,,691.36k,36.4723u
,,691.38k,30.05367u
,,691.4k,26.13301u
,,691.42k,27.06093u
,,691.44k,29.94007u
,,691.46k,31.69453u
,,691.48k,31.61532u
,,691.5k,31.2056u
,,691.52k,31.81773u
,,691.54k,32.35897u
,,691.56k,31.08359u
,,691.58k,28.04607u
,,691.6k,27.27395u
,,691.62k,31.27076u
,,691.64k,35.6039u
,,691.66k,35.13224u
,,691.68k,32.51623u
,,691.7k,31.97338u
,,691.72k,32.32815u
,,691.74k,31.4934u
,,691.76k,30.25333u
,,691.78k,28.90112u
,,691.8k,26.55304u
,,691.82k,25.86539u
,,691.84k,28.28828u
,,691.86k,29.77973u
,,691.88k,28.54387u
,,691.9k,27.49482u
,,691.92k,27.50152u
,,691.94k,28.43082u
,,691.96k,29.15414u
,,691.98k,28.34004u
,,692k,27.23234u
,,692.02k,26.42439u
,,692.04k,26.32607u
,,692.06k,27.26482u
,,692.08k,26.25913u
,,692.1k,23.48789u
,,692.12k,22.87858u
,,692.14k,24.42334u
,,692.16k,25.77212u
,,692.18k,25.76079u
,,692.2k,25.71089u
,,692.22k,27.51311u
,,692.24k,29.11883u
,,692.26k,28.73133u
,,692.28k,27.00852u
,,692.3k,24.2995u
,,692.32k,22.15576u
,,692.34k,22.69291u
,,692.36k,24.44185u
,,692.38k,24.64451u
,,692.4k,23.38233u
,,692.42k,22.11765u
,,692.44k,21.99252u
,,692.46k,22.43283u
,,692.48k,21.90942u
,,692.5k,20.64323u
,,692.52k,21.26142u
,,692.54k,22.47914u
,,692.56k,20.87508u
,,692.58k,19.16373u
,,692.6k,20.17431u
,,692.62k,20.71402u
,,692.64k,21.73445u
,,692.66k,24.05023u
,,692.68k,23.49676u
,,692.7k,21.60554u
,,692.72k,20.94973u
,,692.74k,20.42475u
,,692.76k,20.0488u
,,692.78k,19.37141u
,,692.8k,19.70696u
,,692.82k,20.7101u
,,692.84k,19.78535u
,,692.86k,18.0163u
,,692.88k,18.1725u
,,692.9k,19.26333u
,,692.92k,18.89651u
,,692.94k,18.36457u
,,692.96k,19.37372u
,,692.98k,19.40185u
,,693k,17.0399u
,,693.02k,16.86802u
,,693.04k,18.53878u
,,693.06k,20.34864u
,,693.08k,20.98028u
,,693.1k,18.76308u
,,693.12k,16.21226u
,,693.14k,14.75449u
,,693.16k,15.98876u
,,693.18k,17.44225u
,,693.2k,16.39192u
,,693.22k,16.15012u
,,693.24k,17.96176u
,,693.26k,19.93222u
,,693.28k,19.912u
,,693.3k,16.44878u
,,693.32k,12.66038u
,,693.34k,13.21504u
,,693.36k,16.32915u
,,693.38k,17.4828u
,,693.4k,16.61091u
,,693.42k,16.4506u
,,693.44k,16.30429u
,,693.46k,16.88357u
,,693.48k,18.17843u
,,693.5k,16.65077u
,,693.52k,13.22951u
,,693.54k,12.74016u
,,693.56k,14.02989u
,,693.58k,13.94917u
,,693.6k,13.19095u
,,693.62k,13.08449u
,,693.64k,12.67616u
,,693.66k,12.59137u
,,693.68k,13.33128u
,,693.7k,14.10101u
,,693.72k,14.25892u
,,693.74k,13.3706u
,,693.76k,11.90112u
,,693.78k,11.56211u
,,693.8k,14.3115u
,,693.82k,16.78721u
,,693.84k,16.40993u
,,693.86k,13.81759u
,,693.88k,10.84968u
,,693.9k,10.22444u
,,693.92k,11.42213u
,,693.94k,11.44056u
,,693.96k,10.91714u
,,693.98k,11.24617u
,,694k,10.23692u
,,694.02k,8.514875u
,,694.04k,9.917215u
,,694.06k,12.00168u
,,694.08k,11.09562u
,,694.1k,9.287378u
,,694.12k,9.269166u
,,694.14k,11.76724u
,,694.16k,13.09362u
,,694.18k,12.33239u
,,694.2k,11.57272u
,,694.22k,10.06697u
,,694.24k,7.827072u
,,694.26k,7.058108u
,,694.28k,6.578085u
,,694.3k,5.308375u
,,694.32k,6.024575u
,,694.34k,8.991522u
,,694.36k,10.42106u
,,694.38k,8.273543u
,,694.4k,6.162032u
,,694.42k,5.747415u
,,694.44k,5.840255u
,,694.46k,6.152024u
,,694.48k,6.660563u
,,694.5k,6.827406u
,,694.52k,7.15896u
,,694.54k,7.333131u
,,694.56k,6.604674u
,,694.58k,6.215011u
,,694.6k,6.765086u
,,694.62k,7.218154u
,,694.64k,6.756305u
,,694.66k,6.3384u
,,694.68k,6.696116u
,,694.7k,6.817674u
,,694.72k,6.842385u
,,694.74k,6.831583u
,,694.76k,6.998456u
,,694.78k,5.302447u
,,694.8k,2.332u
,,694.82k,1.782175u
,,694.84k,3.062184u
,,694.86k,5.280866u
,,694.88k,6.406778u
,,694.9k,5.904058u
,,694.92k,6.517234u
,,694.94k,8.154225u
,,694.96k,8.639512u
,,694.98k,7.975746u
,,695k,6.841034u
,,695.02k,5.4278u
,,695.04k,4.000463u
,,695.06k,3.297925u
,,695.08k,2.556679u
,,695.1k,5.86284u
,,695.12k,8.654428u
,,695.14k,8.922854u
,,695.16k,7.223929u
,,695.18k,6.007904u
,,695.2k,6.050999u
,,695.22k,4.390839u
,,695.24k,3.054206u
,,695.26k,5.045278u
,,695.28k,7.337703u
,,695.3k,8.063773u
,,695.32k,10.53802u
,,695.34k,13.8495u
,,695.36k,13.09757u
,,695.38k,9.685523u
,,695.4k,7.36742u
,,695.42k,6.658581u
,,695.44k,7.311345u
,,695.46k,9.536495u
,,695.48k,11.39559u
,,695.5k,12.43609u
,,695.52k,13.22534u
,,695.54k,13.69262u
,,695.56k,13.20578u
,,695.58k,12.71494u
,,695.6k,13.45874u
,,695.62k,14.14025u
,,695.64k,14.36391u
,,695.66k,12.9746u
,,695.68k,11.43442u
,,695.7k,12.98154u
,,695.72k,14.82573u
,,695.74k,13.63219u
,,695.76k,10.72119u
,,695.78k,10.27219u
,,695.8k,13.42863u
,,695.82k,16.86268u
,,695.84k,16.38691u
,,695.86k,13.89756u
,,695.88k,14.14155u
,,695.9k,15.82303u
,,695.92k,14.93069u
,,695.94k,11.90736u
,,695.96k,10.29957u
,,695.98k,10.34342u
,,696k,11.24026u
,,696.02k,13.43441u
,,696.04k,15.57381u
,,696.06k,13.92482u
,,696.08k,11.50984u
,,696.1k,11.52316u
,,696.12k,11.71081u
,,696.14k,11.02807u
,,696.16k,11.75027u
,,696.18k,14.76893u
,,696.2k,16.05328u
,,696.22k,15.20408u
,,696.24k,15.41081u
,,696.26k,16.78599u
,,696.28k,18.1294u
,,696.3k,17.85703u
,,696.32k,16.76838u
,,696.34k,15.62005u
,,696.36k,13.26906u
,,696.38k,11.12825u
,,696.4k,11.67376u
,,696.42k,14.9526u
,,696.44k,19.98071u
,,696.46k,22.76048u
,,696.48k,22.00506u
,,696.5k,20.58309u
,,696.52k,19.25787u
,,696.54k,17.82584u
,,696.56k,16.73418u
,,696.58k,16.40404u
,,696.6k,16.3674u
,,696.62k,15.96014u
,,696.64k,15.54856u
,,696.66k,15.33787u
,,696.68k,15.18597u
,,696.7k,14.80954u
,,696.72k,15.11147u
,,696.74k,16.9171u
,,696.76k,17.45539u
,,696.78k,15.39717u
,,696.8k,14.22457u
,,696.82k,14.26741u
,,696.84k,14.24912u
,,696.86k,15.53301u
,,696.88k,19.26204u
,,696.9k,21.61005u
,,696.92k,21.41383u
,,696.94k,19.72852u
,,696.96k,17.64986u
,,696.98k,15.8808u
,,697k,15.33125u
,,697.02k,15.1669u
,,697.04k,14.78441u
,,697.06k,14.66589u
,,697.08k,14.6739u
,,697.1k,16.26253u
,,697.12k,17.05826u
,,697.14k,16.73351u
,,697.16k,16.76487u
,,697.18k,16.11279u
,,697.2k,16.04264u
,,697.22k,18.70118u
,,697.24k,21.08539u
,,697.26k,22.13414u
,,697.28k,21.17564u
,,697.3k,18.11171u
,,697.32k,15.74449u
,,697.34k,15.12901u
,,697.36k,15.85449u
,,697.38k,16.65444u
,,697.4k,16.86914u
,,697.42k,18.54712u
,,697.44k,21.56588u
,,697.46k,22.22381u
,,697.48k,20.30158u
,,697.5k,19.52211u
,,697.52k,21.0521u
,,697.54k,22.44285u
,,697.56k,23.67816u
,,697.58k,24.75048u
,,697.6k,22.63774u
,,697.62k,18.64359u
,,697.64k,14.60509u
,,697.66k,12.25276u
,,697.68k,13.56636u
,,697.7k,16.3906u
,,697.72k,18.88193u
,,697.74k,19.76838u
,,697.76k,17.81192u
,,697.78k,15.98122u
,,697.8k,14.90407u
,,697.82k,13.45047u
,,697.84k,12.53954u
,,697.86k,13.20458u
,,697.88k,15.0243u
,,697.9k,17.68757u
,,697.92k,19.64942u
,,697.94k,19.55768u
,,697.96k,19.60333u
,,697.98k,21.34905u
,,698k,22.56396u
,,698.02k,22.31736u
,,698.04k,20.87754u
,,698.06k,19.07931u
,,698.08k,18.40886u
,,698.1k,18.58177u
,,698.12k,17.9681u
,,698.14k,17.09645u
,,698.16k,18.29782u
,,698.18k,21.88438u
,,698.2k,22.83281u
,,698.22k,19.18945u
,,698.24k,16.45649u
,,698.26k,17.17682u
,,698.28k,19.88458u
,,698.3k,21.63192u
,,698.32k,20.08033u
,,698.34k,17.529u
,,698.36k,17.97365u
,,698.38k,19.87991u
,,698.4k,20.01456u
,,698.42k,18.66767u
,,698.44k,17.88842u
,,698.46k,18.37345u
,,698.48k,20.46276u
,,698.5k,22.51877u
,,698.52k,23.39522u
,,698.54k,24.23705u
,,698.56k,24.99598u
,,698.58k,24.40912u
,,698.6k,23.25817u
,,698.62k,23.31181u
,,698.64k,23.00149u
,,698.66k,20.6417u
,,698.68k,17.38279u
,,698.7k,17.28627u
,,698.72k,19.71678u
,,698.74k,21.80888u
,,698.76k,22.18571u
,,698.78k,21.32u
,,698.8k,21.54818u
,,698.82k,22.86522u
,,698.84k,22.94772u
,,698.86k,22.01678u
,,698.88k,22.38164u
,,698.9k,23.54184u
,,698.92k,23.60253u
,,698.94k,23.80248u
,,698.96k,26.83409u
,,698.98k,31.04571u
,,699k,31.50221u
,,699.02k,27.02187u
,,699.04k,22.53048u
,,699.06k,22.03916u
,,699.08k,23.37308u
,,699.1k,23.45992u
,,699.12k,23.82723u
,,699.14k,25.73448u
,,699.16k,25.22867u
,,699.18k,21.52339u
,,699.2k,19.12587u
,,699.22k,19.26792u
,,699.24k,19.9479u
,,699.26k,20.89962u
,,699.28k,21.97179u
,,699.3k,23.03043u
,,699.32k,24.51982u
,,699.34k,24.81466u
,,699.36k,22.43175u
,,699.38k,18.91011u
,,699.4k,18.3226u
,,699.42k,20.87857u
,,699.44k,22.53698u
,,699.46k,22.41812u
,,699.48k,22.5446u
,,699.5k,23.7773u
,,699.52k,23.29121u
,,699.54k,21.44602u
,,699.56k,21.94879u
,,699.58k,24.55961u
,,699.6k,25.7872u
,,699.62k,23.35085u
,,699.64k,19.36569u
,,699.66k,18.23616u
,,699.68k,19.2107u
,,699.7k,19.62782u
,,699.72k,18.98346u
,,699.74k,16.56553u
,,699.76k,15.09139u
,,699.78k,17.49099u
,,699.8k,19.89922u
,,699.82k,19.45235u
,,699.84k,16.87991u
,,699.86k,16.22518u
,,699.88k,18.73885u
,,699.9k,19.11628u
,,699.92k,17.71294u
,,699.94k,17.37365u
,,699.96k,17.25334u
,,699.98k,17.32577u
,,700k,16.55434u
,,700.02k,14.77991u
,,700.04k,13.88395u
,,700.06k,15.85967u
,,700.08k,20.49905u
,,700.1k,24.44069u
,,700.12k,24.70345u
,,700.14k,21.77272u
,,700.16k,18.37085u
,,700.18k,18.30588u
,,700.2k,20.0743u
,,700.22k,19.79122u
,,700.24k,19.55619u
,,700.26k,21.8735u
,,700.28k,23.78605u
,,700.3k,21.25498u
,,700.32k,17.17097u
,,700.34k,15.15397u
,,700.36k,14.08438u
,,700.38k,14.25641u
,,700.4k,15.24692u
,,700.42k,16.11139u
,,700.44k,17.23098u
,,700.46k,18.33683u
,,700.48k,17.89573u
,,700.5k,16.99163u
,,700.52k,17.44345u
,,700.54k,16.74975u
,,700.56k,15.26658u
,,700.58k,16.38573u
,,700.6k,18.89599u
,,700.62k,18.72051u
,,700.64k,17.38726u
,,700.66k,17.84462u
,,700.68k,19.10679u
,,700.7k,18.95401u
,,700.72k,17.7209u
,,700.74k,16.72719u
,,700.76k,16.27498u
,,700.78k,15.42924u
,,700.8k,15.86757u
,,700.82k,17.67328u
,,700.84k,18.37986u
,,700.86k,18.73576u
,,700.88k,17.98022u
,,700.9k,14.45647u
,,700.92k,12.06327u
,,700.94k,14.55372u
,,700.96k,18.03351u
,,700.98k,17.57607u
,,701k,15.34841u
,,701.02k,14.70368u
,,701.04k,12.91651u
,,701.06k,11.74901u
,,701.08k,14.12243u
,,701.1k,17.6684u
,,701.12k,18.29119u
,,701.14k,16.84568u
,,701.16k,17.56075u
,,701.18k,17.831u
,,701.2k,16.17597u
,,701.22k,15.87693u
,,701.24k,16.34947u
,,701.26k,15.23387u
,,701.28k,14.80033u
,,701.3k,16.23218u
,,701.32k,16.47575u
,,701.34k,17.71641u
,,701.36k,19.57266u
,,701.38k,17.90261u
,,701.4k,15.17858u
,,701.42k,13.41491u
,,701.44k,11.34243u
,,701.46k,10.04455u
,,701.48k,11.6896u
,,701.5k,14.9109u
,,701.52k,17.11767u
,,701.54k,17.55565u
,,701.56k,16.84045u
,,701.58k,15.70048u
,,701.6k,14.81612u
,,701.62k,15.41331u
,,701.64k,16.64699u
,,701.66k,17.76411u
,,701.68k,19.11596u
,,701.7k,18.00398u
,,701.72k,14.66225u
,,701.74k,13.31929u
,,701.76k,15.34883u
,,701.78k,18.00569u
,,701.8k,18.92622u
,,701.82k,18.28447u
,,701.84k,15.51446u
,,701.86k,13.56341u
,,701.88k,13.61747u
,,701.9k,13.73637u
,,701.92k,13.48551u
,,701.94k,15.16442u
,,701.96k,18.58132u
,,701.98k,19.53798u
,,702k,16.94543u
,,702.02k,13.59351u
,,702.04k,12.14577u
,,702.06k,12.69838u
,,702.08k,14.38026u
,,702.1k,15.58666u
,,702.12k,14.98776u
,,702.14k,13.12282u
,,702.16k,12.9821u
,,702.18k,14.888u
,,702.2k,15.66506u
,,702.22k,15.93214u
,,702.24k,16.93717u
,,702.26k,16.99499u
,,702.28k,13.97036u
,,702.3k,10.05702u
,,702.32k,10.5242u
,,702.34k,13.8057u
,,702.36k,14.75686u
,,702.38k,14.0555u
,,702.4k,13.37618u
,,702.42k,12.57682u
,,702.44k,11.00928u
,,702.46k,11.44095u
,,702.48k,13.68714u
,,702.5k,12.48797u
,,702.52k,10.05548u
,,702.54k,12.89981u
,,702.56k,16.20606u
,,702.58k,15.3082u
,,702.6k,14.78417u
,,702.62k,16.19384u
,,702.64k,15.11735u
,,702.66k,13.47517u
,,702.68k,15.02372u
,,702.7k,16.62296u
,,702.72k,16.468u
,,702.74k,14.94527u
,,702.76k,12.11951u
,,702.78k,9.898055u
,,702.8k,11.03868u
,,702.82k,14.83966u
,,702.84k,17.11504u
,,702.86k,15.76185u
,,702.88k,13.54261u
,,702.9k,14.31214u
,,702.92k,17.13198u
,,702.94k,18.58783u
,,702.96k,17.23199u
,,702.98k,14.25564u
,,703k,13.65673u
,,703.02k,14.68072u
,,703.04k,13.20418u
,,703.06k,12.38267u
,,703.08k,14.48066u
,,703.1k,16.5777u
,,703.12k,16.80661u
,,703.14k,16.15072u
,,703.16k,16.51822u
,,703.18k,17.67869u
,,703.2k,18.03767u
,,703.22k,17.16885u
,,703.24k,15.25905u
,,703.26k,15.3476u
,,703.28k,18.23122u
,,703.3k,21.13429u
,,703.32k,21.1375u
,,703.34k,18.0849u
,,703.36k,13.88172u
,,703.38k,11.50864u
,,703.4k,12.27106u
,,703.42k,14.85478u
,,703.44k,16.93709u
,,703.46k,18.46995u
,,703.48k,21.35439u
,,703.5k,23.23033u
,,703.52k,22.00616u
,,703.54k,19.8123u
,,703.56k,19.87102u
,,703.58k,21.62208u
,,703.6k,20.46874u
,,703.62k,17.25868u
,,703.64k,15.64288u
,,703.66k,14.15514u
,,703.68k,13.43632u
,,703.7k,13.72085u
,,703.72k,13.89571u
,,703.74k,15.17317u
,,703.76k,18.54085u
,,703.78k,22.76634u
,,703.8k,24.85063u
,,703.82k,25.31995u
,,703.84k,26.14436u
,,703.86k,26.47446u
,,703.88k,26.33466u
,,703.9k,24.76899u
,,703.92k,21.50984u
,,703.94k,20.85282u
,,703.96k,23.26175u
,,703.98k,24.81176u
,,704k,24.78849u
,,704.02k,23.62937u
,,704.04k,22.14951u
,,704.06k,21.37947u
,,704.08k,20.61711u
,,704.1k,21.83671u
,,704.12k,24.97967u
,,704.14k,24.91563u
,,704.16k,20.88766u
,,704.18k,16.9542u
,,704.2k,16.29232u
,,704.22k,17.99966u
,,704.24k,18.77118u
,,704.26k,18.84319u
,,704.28k,19.3452u
,,704.3k,20.1879u
,,704.32k,21.37301u
,,704.34k,22.89832u
,,704.36k,23.73176u
,,704.38k,23.82343u
,,704.4k,24.66251u
,,704.42k,25.66191u
,,704.44k,27.28781u
,,704.46k,29.43346u
,,704.48k,29.19293u
,,704.5k,26.63639u
,,704.52k,25.80813u
,,704.54k,26.88043u
,,704.56k,26.47102u
,,704.58k,26.02911u
,,704.6k,26.49041u
,,704.62k,25.05892u
,,704.64k,23.77658u
,,704.66k,25.57989u
,,704.68k,27.06391u
,,704.7k,25.83271u
,,704.72k,24.53396u
,,704.74k,25.27518u
,,704.76k,26.15287u
,,704.78k,27.90602u
,,704.8k,30.26858u
,,704.82k,29.59914u
,,704.84k,26.90667u
,,704.86k,25.23562u
,,704.88k,25.06602u
,,704.9k,25.58436u
,,704.92k,26.31372u
,,704.94k,26.31943u
,,704.96k,25.65132u
,,704.98k,26.63975u
,,705k,28.26212u
,,705.02k,28.14325u
,,705.04k,27.43661u
,,705.06k,26.89568u
,,705.08k,26.58584u
,,705.1k,28.10227u
,,705.12k,30.71771u
,,705.14k,30.73111u
,,705.16k,29.22368u
,,705.18k,27.97285u
,,705.2k,25.05307u
,,705.22k,23.26954u
,,705.24k,24.20824u
,,705.26k,25.15177u
,,705.28k,26.04487u
,,705.3k,28.24163u
,,705.32k,29.91035u
,,705.34k,30.29582u
,,705.36k,28.58028u
,,705.38k,25.94008u
,,705.4k,25.96342u
,,705.42k,27.85072u
,,705.44k,27.49472u
,,705.46k,24.91745u
,,705.48k,21.80685u
,,705.5k,20.95954u
,,705.52k,23.85761u
,,705.54k,26.98007u
,,705.56k,28.81285u
,,705.58k,28.46021u
,,705.6k,26.01275u
,,705.62k,25.30849u
,,705.64k,26.80759u
,,705.66k,27.03129u
,,705.68k,26.30575u
,,705.7k,24.68119u
,,705.72k,22.28277u
,,705.74k,20.28302u
,,705.76k,21.1057u
,,705.78k,24.59315u
,,705.8k,25.54449u
,,705.82k,25.87121u
,,705.84k,28.44496u
,,705.86k,28.30486u
,,705.88k,23.83919u
,,705.9k,21.34476u
,,705.92k,23.14389u
,,705.94k,23.75312u
,,705.96k,20.12005u
,,705.98k,17.15419u
,,706k,19.11138u
,,706.02k,21.88369u
,,706.04k,21.32747u
,,706.06k,20.04385u
,,706.08k,19.23114u
,,706.1k,18.71628u
,,706.12k,19.47151u
,,706.14k,19.40411u
,,706.16k,17.40867u
,,706.18k,16.49867u
,,706.2k,19.30302u
,,706.22k,23.71922u
,,706.24k,25.67536u
,,706.26k,24.90553u
,,706.28k,23.61933u
,,706.3k,20.98695u
,,706.32k,17.94744u
,,706.34k,17.99917u
,,706.36k,19.02977u
,,706.38k,18.66803u
,,706.4k,18.37688u
,,706.42k,17.58043u
,,706.44k,16.82144u
,,706.46k,18.76841u
,,706.48k,21.15701u
,,706.5k,21.35054u
,,706.52k,19.42653u
,,706.54k,16.75453u
,,706.56k,15.45479u
,,706.58k,16.18201u
,,706.6k,18.3084u
,,706.62k,21.39866u
,,706.64k,21.59743u
,,706.66k,20.17184u
,,706.68k,21.05293u
,,706.7k,22.24507u
,,706.72k,22.399u
,,706.74k,21.98501u
,,706.76k,20.81128u
,,706.78k,19.83069u
,,706.8k,20.50659u
,,706.82k,20.96546u
,,706.84k,20.51699u
,,706.86k,22.22434u
,,706.88k,23.99614u
,,706.9k,22.80256u
,,706.92k,21.88592u
,,706.94k,22.10159u
,,706.96k,21.68887u
,,706.98k,19.75899u
,,707k,17.92196u
,,707.02k,17.06123u
,,707.04k,15.55409u
,,707.06k,14.86508u
,,707.08k,18.72243u
,,707.1k,24.59596u
,,707.12k,26.65594u
,,707.14k,25.11464u
,,707.16k,22.25093u
,,707.18k,20.39541u
,,707.2k,19.6136u
,,707.22k,18.20183u
,,707.24k,15.84042u
,,707.26k,15.42226u
,,707.28k,18.19249u
,,707.3k,19.07002u
,,707.32k,15.5132u
,,707.34k,12.48468u
,,707.36k,12.58271u
,,707.38k,13.58069u
,,707.4k,14.33867u
,,707.42k,15.54462u
,,707.44k,17.35739u
,,707.46k,17.28552u
,,707.48k,14.60434u
,,707.5k,12.30731u
,,707.52k,12.92753u
,,707.54k,15.1797u
,,707.56k,17.60362u
,,707.58k,18.31235u
,,707.6k,15.86543u
,,707.62k,13.73005u
,,707.64k,15.11945u
,,707.66k,17.56737u
,,707.68k,16.57145u
,,707.7k,13.37695u
,,707.72k,14.17858u
,,707.74k,16.71285u
,,707.76k,17.69312u
,,707.78k,18.03315u
,,707.8k,17.05377u
,,707.82k,15.59717u
,,707.84k,15.32562u
,,707.86k,15.83257u
,,707.88k,16.9874u
,,707.9k,16.91869u
,,707.92k,15.20625u
,,707.94k,14.91301u
,,707.96k,15.42162u
,,707.98k,13.35586u
,,708k,10.34518u
,,708.02k,10.53662u
,,708.04k,13.63371u
,,708.06k,15.72459u
,,708.08k,16.67471u
,,708.1k,17.67829u
,,708.12k,17.15781u
,,708.14k,14.02849u
,,708.16k,10.04738u
,,708.18k,9.60154u
,,708.2k,12.70349u
,,708.22k,15.19406u
,,708.24k,17.51153u
,,708.26k,19.98772u
,,708.28k,20.55463u
,,708.3k,19.98648u
,,708.32k,18.7368u
,,708.34k,16.89226u
,,708.36k,16.06308u
,,708.38k,16.89988u
,,708.4k,18.30958u
,,708.42k,19.02081u
,,708.44k,18.68588u
,,708.46k,16.77496u
,,708.48k,14.46409u
,,708.5k,14.05122u
,,708.52k,15.23145u
,,708.54k,14.93398u
,,708.56k,13.72313u
,,708.58k,14.20907u
,,708.6k,13.95475u
,,708.62k,12.3827u
,,708.64k,13.97988u
,,708.66k,16.11706u
,,708.68k,15.86913u
,,708.7k,15.02263u
,,708.72k,14.07266u
,,708.74k,12.3263u
,,708.76k,11.58044u
,,708.78k,11.69945u
,,708.8k,11.33661u
,,708.82k,12.42934u
,,708.84k,13.39526u
,,708.86k,11.5787u
,,708.88k,11.27519u
,,708.9k,13.52803u
,,708.92k,15.37354u
,,708.94k,15.76838u
,,708.96k,15.28693u
,,708.98k,14.27967u
,,709k,13.52457u
,,709.02k,12.75673u
,,709.04k,12.41085u
,,709.06k,11.85668u
,,709.08k,9.427644u
,,709.1k,7.770706u
,,709.12k,8.94807u
,,709.14k,9.750065u
,,709.16k,9.5358u
,,709.18k,10.07097u
,,709.2k,10.86533u
,,709.22k,12.30299u
,,709.24k,14.21141u
,,709.26k,14.53578u
,,709.28k,13.79575u
,,709.3k,14.49757u
,,709.32k,13.80133u
,,709.34k,11.44007u
,,709.36k,10.90332u
,,709.38k,12.52416u
,,709.4k,13.44924u
,,709.42k,13.42138u
,,709.44k,12.45253u
,,709.46k,10.06668u
,,709.48k,9.39366u
,,709.5k,10.87223u
,,709.52k,11.69837u
,,709.54k,11.34364u
,,709.56k,11.07087u
,,709.58k,12.56636u
,,709.6k,14.58264u
,,709.62k,15.63867u
,,709.64k,15.14601u
,,709.66k,13.05563u
,,709.68k,11.45538u
,,709.7k,11.65814u
,,709.72k,12.88388u
,,709.74k,13.59748u
,,709.76k,13.55122u
,,709.78k,14.15567u
,,709.8k,13.53961u
,,709.82k,11.45745u
,,709.84k,10.18665u
,,709.86k,10.11559u
,,709.88k,10.94864u
,,709.9k,12.83575u
,,709.92k,15.53319u
,,709.94k,16.40188u
,,709.96k,15.50373u
,,709.98k,14.91977u
,,710k,15.85921u
,,710.02k,16.65527u
,,710.04k,16.6766u
,,710.06k,15.9022u
,,710.08k,16.41627u
,,710.1k,17.82157u
,,710.12k,16.79128u
,,710.14k,16.68291u
,,710.16k,19.88844u
,,710.18k,21.09766u
,,710.2k,17.63981u
,,710.22k,15.90139u
,,710.24k,15.94817u
,,710.26k,15.94416u
,,710.28k,18.55224u
,,710.3k,22.37799u
,,710.32k,23.15018u
,,710.34k,22.31862u
,,710.36k,21.63902u
,,710.38k,20.05068u
,,710.4k,19.12769u
,,710.42k,18.98769u
,,710.44k,18.53945u
,,710.46k,19.80471u
,,710.48k,21.4047u
,,710.5k,19.8466u
,,710.52k,16.54916u
,,710.54k,15.44299u
,,710.56k,17.12821u
,,710.58k,19.17819u
,,710.6k,21.12685u
,,710.62k,21.62782u
,,710.64k,21.26562u
,,710.66k,21.92138u
,,710.68k,21.76271u
,,710.7k,20.36708u
,,710.72k,20.2602u
,,710.74k,21.2366u
,,710.76k,21.1494u
,,710.78k,20.56279u
,,710.8k,20.54843u
,,710.82k,20.1085u
,,710.84k,20.82456u
,,710.86k,22.16688u
,,710.88k,22.26947u
,,710.9k,22.38353u
,,710.92k,23.4563u
,,710.94k,24.61098u
,,710.96k,25.89847u
,,710.98k,26.49024u
,,711k,25.83038u
,,711.02k,25.14228u
,,711.04k,24.62329u
,,711.06k,24.24597u
,,711.08k,24.85338u
,,711.1k,27.97143u
,,711.12k,31.26551u
,,711.14k,31.24161u
,,711.16k,28.61154u
,,711.18k,25.40873u
,,711.2k,25.06046u
,,711.22k,27.77784u
,,711.24k,29.45289u
,,711.26k,29.74501u
,,711.28k,30.29761u
,,711.3k,29.60995u
,,711.32k,29.06935u
,,711.34k,31.46014u
,,711.36k,33.63372u
,,711.38k,32.13704u
,,711.4k,30.02617u
,,711.42k,30.69079u
,,711.44k,31.34146u
,,711.46k,30.86891u
,,711.48k,31.50194u
,,711.5k,32.92039u
,,711.52k,31.38147u
,,711.54k,29.82854u
,,711.56k,33.05571u
,,711.58k,37.30481u
,,711.6k,38.26686u
,,711.62k,36.40627u
,,711.64k,34.23815u
,,711.66k,34.95933u
,,711.68k,38.36711u
,,711.7k,41.15106u
,,711.72k,41.77718u
,,711.74k,40.45203u
,,711.76k,39.50836u
,,711.78k,40.07177u
,,711.8k,38.9888u
,,711.82k,37.45981u
,,711.84k,38.20169u
,,711.86k,39.61185u
,,711.88k,41.67935u
,,711.9k,43.85498u
,,711.92k,44.29692u
,,711.94k,43.40157u
,,711.96k,43.0838u
,,711.98k,43.74042u
,,712k,44.29802u
,,712.02k,44.02682u
,,712.04k,42.6739u
,,712.06k,41.07939u
,,712.08k,42.3641u
,,712.1k,45.93324u
,,712.12k,48.36741u
,,712.14k,49.46905u
,,712.16k,48.72318u
,,712.18k,46.01521u
,,712.2k,45.7493u
,,712.22k,48.46191u
,,712.24k,50.22132u
,,712.26k,51.39573u
,,712.28k,52.6236u
,,712.3k,52.15681u
,,712.32k,49.67424u
,,712.34k,47.89009u
,,712.36k,47.53638u
,,712.38k,46.90012u
,,712.4k,47.35608u
,,712.42k,49.87578u
,,712.44k,51.55436u
,,712.46k,51.78252u
,,712.48k,51.50792u
,,712.5k,49.72839u
,,712.52k,49.03981u
,,712.54k,52.24764u
,,712.56k,56.28652u
,,712.58k,58.39288u
,,712.6k,57.05107u
,,712.62k,53.73918u
,,712.64k,53.2542u
,,712.66k,55.64951u
,,712.68k,59.17652u
,,712.7k,62.57039u
,,712.72k,63.97935u
,,712.74k,63.4697u
,,712.76k,61.13489u
,,712.78k,58.38514u
,,712.8k,57.91427u
,,712.82k,59.87882u
,,712.84k,61.94829u
,,712.86k,62.35307u
,,712.88k,61.35788u
,,712.9k,60.73945u
,,712.92k,60.57591u
,,712.94k,57.50231u
,,712.96k,53.24402u
,,712.98k,54.20114u
,,713k,58.38432u
,,713.02k,61.67878u
,,713.04k,64.32312u
,,713.06k,64.97531u
,,713.08k,64.28756u
,,713.1k,64.97799u
,,713.12k,65.46961u
,,713.14k,63.24042u
,,713.16k,61.36825u
,,713.18k,61.87529u
,,713.2k,61.97838u
,,713.22k,61.0927u
,,713.24k,60.76644u
,,713.26k,61.93506u
,,713.28k,63.70598u
,,713.3k,63.9466u
,,713.32k,62.0917u
,,713.34k,60.84057u
,,713.36k,61.78243u
,,713.38k,61.45499u
,,713.4k,61.00202u
,,713.42k,62.15355u
,,713.44k,61.09768u
,,713.46k,58.1448u
,,713.48k,57.65288u
,,713.5k,60.20459u
,,713.52k,62.84705u
,,713.54k,62.39704u
,,713.56k,58.84729u
,,713.58k,56.50967u
,,713.6k,57.56122u
,,713.62k,58.96093u
,,713.64k,58.04648u
,,713.66k,56.13166u
,,713.68k,55.95301u
,,713.7k,57.07878u
,,713.72k,57.71209u
,,713.74k,57.98447u
,,713.76k,57.94751u
,,713.78k,57.66524u
,,713.8k,58.17856u
,,713.82k,58.25303u
,,713.84k,57.16406u
,,713.86k,56.47948u
,,713.88k,55.8629u
,,713.9k,55.09558u
,,713.92k,55.31218u
,,713.94k,55.47467u
,,713.96k,54.41424u
,,713.98k,54.49923u
,,714k,56.16409u
,,714.02k,57.08462u
,,714.04k,56.54698u
,,714.06k,55.35967u
,,714.08k,55.13534u
,,714.1k,56.216u
,,714.12k,56.69044u
,,714.14k,55.70539u
,,714.16k,55.62442u
,,714.18k,57.12671u
,,714.2k,55.79605u
,,714.22k,52.03612u
,,714.24k,49.43508u
,,714.26k,48.2304u
,,714.28k,48.28529u
,,714.3k,50.3802u
,,714.32k,51.50534u
,,714.34k,49.04129u
,,714.36k,47.55187u
,,714.38k,47.97575u
,,714.4k,46.85491u
,,714.42k,46.0455u
,,714.44k,47.77531u
,,714.46k,49.579u
,,714.48k,50.3549u
,,714.5k,50.11071u
,,714.52k,47.34467u
,,714.54k,44.40815u
,,714.56k,43.89859u
,,714.58k,43.28578u
,,714.6k,41.35304u
,,714.62k,40.28544u
,,714.64k,40.67275u
,,714.66k,41.91937u
,,714.68k,42.95834u
,,714.7k,42.63921u
,,714.72k,40.16198u
,,714.74k,36.12645u
,,714.76k,34.38008u
,,714.78k,36.80973u
,,714.8k,39.81552u
,,714.82k,41.19498u
,,714.84k,42.48035u
,,714.86k,42.77552u
,,714.88k,39.94166u
,,714.9k,36.08583u
,,714.92k,34.26663u
,,714.94k,34.57579u
,,714.96k,34.84729u
,,714.98k,34.69226u
,,715k,34.9173u
,,715.02k,34.03324u
,,715.04k,32.85613u
,,715.06k,32.79618u
,,715.08k,32.46628u
,,715.1k,33.27622u
,,715.12k,35.87169u
,,715.14k,36.62461u
,,715.16k,35.02699u
,,715.18k,33.94557u
,,715.2k,33.78805u
,,715.22k,32.94684u
,,715.24k,31.99062u
,,715.26k,31.33991u
,,715.28k,30.31126u
,,715.3k,29.06428u
,,715.32k,28.0642u
,,715.34k,28.59921u
,,715.36k,30.86541u
,,715.38k,33.74844u
,,715.4k,34.52647u
,,715.42k,33.42728u
,,715.44k,32.51042u
,,715.46k,30.45403u
,,715.48k,28.15045u
,,715.5k,27.91526u
,,715.52k,28.43356u
,,715.54k,28.43108u
,,715.56k,28.2839u
,,715.58k,28.398u
,,715.6k,27.67667u
,,715.62k,27.17751u
,,715.64k,30.26734u
,,715.66k,32.58803u
,,715.68k,30.48793u
,,715.7k,27.91638u
,,715.72k,28.83296u
,,715.74k,31.97276u
,,715.76k,33.01153u
,,715.78k,31.63918u
,,715.8k,31.14432u
,,715.82k,32.27075u
,,715.84k,33.63395u
,,715.86k,34.11257u
,,715.88k,32.19166u
,,715.9k,29.01396u
,,715.92k,26.98771u
,,715.94k,27.06987u
,,715.96k,28.7239u
,,715.98k,30.1431u
,,716k,30.3813u
,,716.02k,29.98072u
,,716.04k,30.80733u
,,716.06k,32.13469u
,,716.08k,32.13735u
,,716.1k,33.06738u
,,716.12k,34.91542u
,,716.14k,35.08465u
,,716.16k,35.71768u
,,716.18k,37.565u
,,716.2k,38.17469u
,,716.22k,36.42897u
,,716.24k,34.02791u
,,716.26k,32.39825u
,,716.28k,31.41016u
,,716.3k,30.86785u
,,716.32k,31.44953u
,,716.34k,33.05878u
,,716.36k,34.70327u
,,716.38k,36.07257u
,,716.4k,36.28624u
,,716.42k,34.88113u
,,716.44k,33.47795u
,,716.46k,33.84755u
,,716.48k,34.85094u
,,716.5k,34.67868u
,,716.52k,34.08738u
,,716.54k,34.57386u
,,716.56k,34.06015u
,,716.58k,31.08028u
,,716.6k,28.50402u
,,716.62k,27.75898u
,,716.64k,28.69169u
,,716.66k,29.63892u
,,716.68k,29.30276u
,,716.7k,28.84524u
,,716.72k,30.12452u
,,716.74k,32.43799u
,,716.76k,33.06609u
,,716.78k,32.87418u
,,716.8k,33.92035u
,,716.82k,34.3519u
,,716.84k,34.01985u
,,716.86k,35.46042u
,,716.88k,37.66879u
,,716.9k,38.73882u
,,716.92k,37.27619u
,,716.94k,33.62091u
,,716.96k,31.85969u
,,716.98k,32.63597u
,,717k,32.43842u
,,717.02k,30.81445u
,,717.04k,29.41718u
,,717.06k,29.52732u
,,717.08k,31.65374u
,,717.1k,32.60886u
,,717.12k,29.95436u
,,717.14k,29.45088u
,,717.16k,31.94078u
,,717.18k,33.7062u
,,717.2k,33.75079u
,,717.22k,31.96816u
,,717.24k,28.07205u
,,717.26k,25.23881u
,,717.28k,27.28994u
,,717.3k,29.72016u
,,717.32k,28.07596u
,,717.34k,25.89381u
,,717.36k,26.15627u
,,717.38k,28.58219u
,,717.4k,31.36548u
,,717.42k,32.23334u
,,717.44k,31.53004u
,,717.46k,30.03223u
,,717.48k,26.78298u
,,717.5k,23.53151u
,,717.52k,22.93563u
,,717.54k,25.04873u
,,717.56k,28.00796u
,,717.58k,29.18286u
,,717.6k,29.12948u
,,717.62k,28.1018u
,,717.64k,25.1804u
,,717.66k,22.60499u
,,717.68k,22.63617u
,,717.7k,24.99918u
,,717.72k,28.12259u
,,717.74k,30.17077u
,,717.76k,30.88726u
,,717.78k,31.651u
,,717.8k,31.41188u
,,717.82k,27.64168u
,,717.84k,22.34431u
,,717.86k,19.57024u
,,717.88k,20.20981u
,,717.9k,22.5289u
,,717.92k,23.1415u
,,717.94k,22.51391u
,,717.96k,22.71319u
,,717.98k,23.19494u
,,718k,23.86336u
,,718.02k,25.02099u
,,718.04k,26.50598u
,,718.06k,26.36475u
,,718.08k,24.90297u
,,718.1k,25.12728u
,,718.12k,25.73186u
,,718.14k,25.38784u
,,718.16k,26.40587u
,,718.18k,28.05097u
,,718.2k,28.20372u
,,718.22k,27.13691u
,,718.24k,25.2452u
,,718.26k,23.03573u
,,718.28k,22.57898u
,,718.3k,24.13477u
,,718.32k,25.20246u
,,718.34k,25.81539u
,,718.36k,25.56349u
,,718.38k,23.48206u
,,718.4k,22.51836u
,,718.42k,22.93891u
,,718.44k,21.71875u
,,718.46k,20.93793u
,,718.48k,22.01188u
,,718.5k,22.13275u
,,718.52k,21.17535u
,,718.54k,20.97929u
,,718.56k,21.93434u
,,718.58k,24.30198u
,,718.6k,26.10809u
,,718.62k,27.05958u
,,718.64k,27.32637u
,,718.66k,25.6486u
,,718.68k,21.30134u
,,718.7k,17.58336u
,,718.72k,17.88128u
,,718.74k,19.65654u
,,718.76k,20.00677u
,,718.78k,19.93516u
,,718.8k,20.84689u
,,718.82k,21.46482u
,,718.84k,21.01808u
,,718.86k,20.5006u
,,718.88k,20.34697u
,,718.9k,21.30561u
,,718.92k,22.18007u
,,718.94k,20.9485u
,,718.96k,18.62087u
,,718.98k,17.89907u
,,719k,17.24685u
,,719.02k,15.8575u
,,719.04k,17.7139u
,,719.06k,19.80368u
,,719.08k,20.09041u
,,719.1k,19.10073u
,,719.12k,16.34036u
,,719.14k,15.0513u
,,719.16k,16.7143u
,,719.18k,18.06367u
,,719.2k,18.37458u
,,719.22k,18.16231u
,,719.24k,16.85258u
,,719.26k,15.63259u
,,719.28k,15.86663u
,,719.3k,16.54482u
,,719.32k,16.52952u
,,719.34k,16.22213u
,,719.36k,17.80804u
,,719.38k,19.71418u
,,719.4k,19.05393u
,,719.42k,17.14175u
,,719.44k,15.7714u
,,719.46k,14.8078u
,,719.48k,15.45969u
,,719.5k,14.9517u
,,719.52k,13.2578u
,,719.54k,13.59161u
,,719.56k,14.28585u
,,719.58k,13.78324u
,,719.6k,13.0278u
,,719.62k,13.78568u
,,719.64k,15.82999u
,,719.66k,15.49119u
,,719.68k,12.40935u
,,719.7k,10.72851u
,,719.72k,11.69885u
,,719.74k,11.78383u
,,719.76k,10.63111u
,,719.78k,9.182087u
,,719.8k,10.82125u
,,719.82k,13.86997u
,,719.84k,15.39284u
,,719.86k,16.2631u
,,719.88k,16.23516u
,,719.9k,12.915u
,,719.92k,8.008627u
,,719.94k,4.719427u
,,719.96k,8.137937u
,,719.98k,11.69176u
,,720k,12.51106u
,,720.02k,10.01628u
,,720.04k,7.772697u
,,720.06k,6.162177u
,,720.08k,3.132777u
,,720.1k,1.482986u
,,720.12k,110.5021n
,,720.14k,2.797285u
,,720.16k,5.101231u
,,720.18k,6.450038u
,,720.2k,7.336354u
,,720.22k,6.229522u
,,720.24k,5.171707u
,,720.26k,6.181895u
,,720.28k,4.841026u
,,720.3k,1.688217u
,,720.32k,2.094807u
,,720.34k,5.401723u
,,720.36k,7.072498u
,,720.38k,8.213824u
,,720.4k,8.057863u
,,720.42k,5.056466u
,,720.44k,3.80339u
,,720.46k,7.568878u
,,720.48k,9.455528u
,,720.5k,8.389615u
,,720.52k,8.931002u
,,720.54k,9.568366u
,,720.56k,8.642449u
,,720.58k,7.759425u
,,720.6k,9.533969u
,,720.62k,9.900245u
,,720.64k,7.802891u
,,720.66k,6.937616u
,,720.68k,7.578794u
,,720.7k,7.365043u
,,720.72k,6.762573u
,,720.74k,8.749446u
,,720.76k,11.7616u
,,720.78k,12.37428u
,,720.8k,11.49304u
,,720.82k,11.72134u
,,720.84k,12.84571u
,,720.86k,14.59747u
,,720.88k,16.12245u
,,720.9k,14.9014u
,,720.92k,12.30211u
,,720.94k,11.19002u
,,720.96k,13.54486u
,,720.98k,16.86599u
,,721k,17.47042u
,,721.02k,16.04997u
,,721.04k,15.52493u
,,721.06k,16.08753u
,,721.08k,17.40535u
,,721.1k,19.80528u
,,721.12k,23.08877u
,,721.14k,25.8093u
,,721.16k,25.59502u
,,721.18k,24.10483u
,,721.2k,25.0471u
,,721.22k,26.75953u
,,721.24k,26.48435u
,,721.26k,24.57417u
,,721.28k,22.99052u
,,721.3k,21.78371u
,,721.32k,20.34673u
,,721.34k,19.84635u
,,721.36k,19.90967u
,,721.38k,21.61922u
,,721.4k,26.22784u
,,721.42k,30.70408u
,,721.44k,32.82278u
,,721.46k,32.52811u
,,721.48k,31.10459u
,,721.5k,30.53196u
,,721.52k,29.20351u
,,721.54k,27.18053u
,,721.56k,27.51348u
,,721.58k,29.96825u
,,721.6k,32.51488u
,,721.62k,33.6098u
,,721.64k,33.50955u
,,721.66k,33.07588u
,,721.68k,31.84383u
,,721.7k,31.09119u
,,721.72k,32.40327u
,,721.74k,34.57656u
,,721.76k,35.7026u
,,721.78k,36.53682u
,,721.8k,37.66563u
,,721.82k,39.33719u
,,721.84k,41.89587u
,,721.86k,42.22197u
,,721.88k,39.91002u
,,721.9k,38.79945u
,,721.92k,39.832u
,,721.94k,40.51673u
,,721.96k,40.00911u
,,721.98k,39.47317u
,,722k,41.33676u
,,722.02k,45.42757u
,,722.04k,47.22282u
,,722.06k,45.60299u
,,722.08k,43.57405u
,,722.1k,42.46714u
,,722.12k,42.70316u
,,722.14k,44.44761u
,,722.16k,45.56098u
,,722.18k,44.94582u
,,722.2k,44.83339u
,,722.22k,45.61403u
,,722.24k,44.21264u
,,722.26k,41.3245u
,,722.28k,41.25541u
,,722.3k,43.05645u
,,722.32k,43.77122u
,,722.34k,43.61645u
,,722.36k,44.23418u
,,722.38k,45.26073u
,,722.4k,44.99505u
,,722.42k,44.21576u
,,722.44k,44.2003u
,,722.46k,43.17108u
,,722.48k,41.81008u
,,722.5k,43.8128u
,,722.52k,48.36298u
,,722.54k,51.28063u
,,722.56k,50.74626u
,,722.58k,48.99588u
,,722.6k,48.49756u
,,722.62k,48.42799u
,,722.64k,47.51701u
,,722.66k,46.83469u
,,722.68k,47.90355u
,,722.7k,49.46123u
,,722.72k,49.74984u
,,722.74k,49.49074u
,,722.76k,48.75089u
,,722.78k,48.29345u
,,722.8k,49.08179u
,,722.82k,49.65704u
,,722.84k,49.87748u
,,722.86k,49.99047u
,,722.88k,50.21673u
,,722.9k,50.45422u
,,722.92k,49.66007u
,,722.94k,48.41169u
,,722.96k,48.61083u
,,722.98k,49.17287u
,,723k,48.94092u
,,723.02k,50.46082u
,,723.04k,52.67442u
,,723.06k,53.21768u
,,723.08k,53.7397u
,,723.1k,53.75364u
,,723.12k,52.34106u
,,723.14k,51.46282u
,,723.16k,51.48934u
,,723.18k,50.89788u
,,723.2k,50.83736u
,,723.22k,53.18043u
,,723.24k,56.13173u
,,723.26k,57.69912u
,,723.28k,58.24394u
,,723.3k,58.94443u
,,723.32k,60.50539u
,,723.34k,62.67281u
,,723.36k,63.43046u
,,723.38k,61.78094u
,,723.4k,59.05091u
,,723.42k,56.8834u
,,723.44k,56.52805u
,,723.46k,57.18112u
,,723.48k,57.06189u
,,723.5k,56.97699u
,,723.52k,57.94829u
,,723.54k,58.26779u
,,723.56k,58.69934u
,,723.58k,61.05681u
,,723.6k,62.01415u
,,723.62k,60.8577u
,,723.64k,61.73842u
,,723.66k,64.82107u
,,723.68k,66.7556u
,,723.7k,65.43175u
,,723.72k,61.36894u
,,723.74k,59.29593u
,,723.76k,61.91373u
,,723.78k,64.77786u
,,723.8k,65.00508u
,,723.82k,64.00536u
,,723.84k,63.05176u
,,723.86k,62.44113u
,,723.88k,63.65544u
,,723.9k,65.55079u
,,723.92k,65.40156u
,,723.94k,65.40133u
,,723.96k,66.34228u
,,723.98k,65.77221u
,,724k,64.76276u
,,724.02k,64.60478u
,,724.04k,63.71279u
,,724.06k,63.54391u
,,724.08k,64.88503u
,,724.1k,65.63547u
,,724.12k,66.00395u
,,724.14k,67.13152u
,,724.16k,68.25315u
,,724.18k,68.11018u
,,724.2k,66.61803u
,,724.22k,64.86771u
,,724.24k,64.8332u
,,724.26k,66.56316u
,,724.28k,66.95732u
,,724.3k,66.55146u
,,724.32k,67.63393u
,,724.34k,69.05402u
,,724.36k,69.45215u
,,724.38k,68.65561u
,,724.4k,68.29429u
,,724.42k,68.27293u
,,724.44k,67.09398u
,,724.46k,65.99995u
,,724.48k,66.86052u
,,724.5k,68.99218u
,,724.52k,69.90709u
,,724.54k,69.26642u
,,724.56k,68.31219u
,,724.58k,69.29028u
,,724.6k,72.46251u
,,724.62k,73.26014u
,,724.64k,71.22183u
,,724.66k,70.96163u
,,724.68k,72.71435u
,,724.7k,73.37766u
,,724.72k,71.48529u
,,724.74k,69.58886u
,,724.76k,71.25658u
,,724.78k,75.00047u
,,724.8k,75.23258u
,,724.82k,71.01959u
,,724.84k,67.7195u
,,724.86k,67.42903u
,,724.88k,67.72715u
,,724.9k,67.40254u
,,724.92k,67.64287u
,,724.94k,69.53549u
,,724.96k,71.41926u
,,724.98k,71.63205u
,,725k,71.87047u
,,725.02k,73.66339u
,,725.04k,74.39794u
,,725.06k,73.70706u
,,725.08k,73.64948u
,,725.1k,73.71464u
,,725.12k,74.00518u
,,725.14k,74.82589u
,,725.16k,75.02884u
,,725.18k,74.88091u
,,725.2k,74.09482u
,,725.22k,73.12037u
,,725.24k,72.96187u
,,725.26k,72.85556u
,,725.28k,72.44449u
,,725.3k,72.58708u
,,725.32k,72.78244u
,,725.34k,72.93513u
,,725.36k,74.5278u
,,725.38k,76.24023u
,,725.4k,75.20733u
,,725.42k,72.77552u
,,725.44k,71.68633u
,,725.46k,71.33443u
,,725.48k,71.02204u
,,725.5k,71.44236u
,,725.52k,71.82773u
,,725.54k,72.40974u
,,725.56k,74.73095u
,,725.58k,76.74547u
,,725.6k,76.73498u
,,725.62k,75.68242u
,,725.64k,73.63827u
,,725.66k,72.52562u
,,725.68k,73.64072u
,,725.7k,73.17832u
,,725.72k,71.56784u
,,725.74k,71.43124u
,,725.76k,71.14991u
,,725.78k,70.96399u
,,725.8k,72.10802u
,,725.82k,74.08409u
,,725.84k,76.21678u
,,725.86k,76.55211u
,,725.88k,75.45933u
,,725.9k,74.74837u
,,725.92k,73.20793u
,,725.94k,70.76752u
,,725.96k,69.63832u
,,725.98k,69.1923u
,,726k,68.78483u
,,726.02k,68.87098u
,,726.04k,68.44154u
,,726.06k,69.07162u
,,726.08k,71.05025u
,,726.1k,71.33091u
,,726.12k,70.90083u
,,726.14k,71.55162u
,,726.16k,73.42859u
,,726.18k,75.20796u
,,726.2k,74.25575u
,,726.22k,69.93741u
,,726.24k,65.7057u
,,726.26k,65.82044u
,,726.28k,67.99635u
,,726.3k,70.07537u
,,726.32k,72.6268u
,,726.34k,72.43896u
,,726.36k,69.83239u
,,726.38k,67.87961u
,,726.4k,66.76141u
,,726.42k,67.2772u
,,726.44k,69.24314u
,,726.46k,69.42865u
,,726.48k,67.92192u
,,726.5k,66.1694u
,,726.52k,63.6282u
,,726.54k,62.7164u
,,726.56k,64.2499u
,,726.58k,63.85902u
,,726.6k,62.30078u
,,726.62k,64.85632u
,,726.64k,67.36729u
,,726.66k,65.69111u
,,726.68k,65.19548u
,,726.7k,67.44555u
,,726.72k,68.04964u
,,726.74k,67.04218u
,,726.76k,67.14461u
,,726.78k,66.7464u
,,726.8k,65.64287u
,,726.82k,66.34307u
,,726.84k,67.45843u
,,726.86k,67.68457u
,,726.88k,68.58617u
,,726.9k,68.65258u
,,726.92k,66.34431u
,,726.94k,64.35596u
,,726.96k,63.23706u
,,726.98k,61.35405u
,,727k,61.61589u
,,727.02k,64.99945u
,,727.04k,66.45382u
,,727.06k,64.8043u
,,727.08k,62.4553u
,,727.1k,61.04469u
,,727.12k,60.40079u
,,727.14k,58.70456u
,,727.16k,55.50346u
,,727.18k,53.6643u
,,727.2k,55.02884u
,,727.22k,57.55936u
,,727.24k,58.83359u
,,727.26k,59.20308u
,,727.28k,58.55081u
,,727.3k,56.68502u
,,727.32k,56.14743u
,,727.34k,56.60861u
,,727.36k,55.74048u
,,727.38k,54.16501u
,,727.4k,52.36787u
,,727.42k,51.6656u
,,727.44k,52.22995u
,,727.46k,52.41064u
,,727.48k,53.51851u
,,727.5k,54.88877u
,,727.52k,53.81577u
,,727.54k,53.38338u
,,727.56k,56.27335u
,,727.58k,58.11418u
,,727.6k,56.86171u
,,727.62k,55.07981u
,,727.64k,52.83445u
,,727.66k,50.46843u
,,727.68k,49.79198u
,,727.7k,50.07264u
,,727.72k,50.00279u
,,727.74k,50.41978u
,,727.76k,51.06358u
,,727.78k,50.6023u
,,727.8k,50.19983u
,,727.82k,49.35128u
,,727.84k,47.98474u
,,727.86k,48.21131u
,,727.88k,48.85905u
,,727.9k,48.97938u
,,727.92k,49.01526u
,,727.94k,47.63811u
,,727.96k,44.78145u
,,727.98k,42.00363u
,,728k,41.0495u
,,728.02k,42.67774u
,,728.04k,45.05009u
,,728.06k,45.85177u
,,728.08k,44.54109u
,,728.1k,42.43776u
,,728.12k,41.12698u
,,728.14k,41.56407u
,,728.16k,43.34333u
,,728.18k,45.14623u
,,728.2k,44.43018u
,,728.22k,40.90981u
,,728.24k,38.52105u
,,728.26k,38.30919u
,,728.28k,39.18222u
,,728.3k,39.70211u
,,728.32k,38.52854u
,,728.34k,36.43523u
,,728.36k,35.90434u
,,728.38k,37.52781u
,,728.4k,37.96682u
,,728.42k,37.38423u
,,728.44k,37.36459u
,,728.46k,36.71326u
,,728.48k,38.15988u
,,728.5k,40.84626u
,,728.52k,40.35u
,,728.54k,37.91063u
,,728.56k,35.83874u
,,728.58k,35.82371u
,,728.6k,37.56915u
,,728.62k,39.07308u
,,728.64k,39.7102u
,,728.66k,38.44365u
,,728.68k,37.10391u
,,728.7k,37.63083u
,,728.72k,37.77651u
,,728.74k,35.87048u
,,728.76k,32.99913u
,,728.78k,30.99357u
,,728.8k,30.32744u
,,728.82k,29.3622u
,,728.84k,29.03273u
,,728.86k,30.94527u
,,728.88k,30.91893u
,,728.9k,28.48745u
,,728.92k,28.41398u
,,728.94k,29.3085u
,,728.96k,27.80148u
,,728.98k,27.62956u
,,729k,29.51984u
,,729.02k,31.9829u
,,729.04k,34.03401u
,,729.06k,31.57714u
,,729.08k,27.29279u
,,729.1k,26.53983u
,,729.12k,25.57413u
,,729.14k,22.24258u
,,729.16k,21.68695u
,,729.18k,24.55833u
,,729.2k,26.22055u
,,729.22k,25.90969u
,,729.24k,25.21573u
,,729.26k,24.86992u
,,729.28k,24.40256u
,,729.3k,22.22769u
,,729.32k,20.44559u
,,729.34k,20.24202u
,,729.36k,18.88345u
,,729.38k,17.34561u
,,729.4k,16.61113u
,,729.42k,15.79831u
,,729.44k,16.60803u
,,729.46k,16.59399u
,,729.48k,13.32587u
,,729.5k,11.87851u
,,729.52k,14.18337u
,,729.54k,15.62569u
,,729.56k,14.89884u
,,729.58k,12.79812u
,,729.6k,9.180026u
,,729.62k,7.041456u
,,729.64k,8.706053u
,,729.66k,10.09537u
,,729.68k,11.16731u
,,729.7k,13.45149u
,,729.72k,14.06486u
,,729.74k,12.31231u
,,729.76k,9.573816u
,,729.78k,8.792428u
,,729.8k,10.86373u
,,729.82k,12.93197u
,,729.84k,12.99809u
,,729.86k,12.63796u
,,729.88k,13.7693u
,,729.9k,15.95445u
,,729.92k,17.22151u
,,729.94k,16.38034u
,,729.96k,14.12695u
,,729.98k,13.42175u
,,730k,14.70417u
,,730.02k,13.59486u
,,730.04k,10.81123u
,,730.06k,10.45621u
,,730.08k,10.04441u
,,730.1k,10.70198u
,,730.12k,11.25178u
,,730.14k,12.10589u
,,730.16k,13.71986u
,,730.18k,13.38462u
,,730.2k,12.42101u
,,730.22k,13.92012u
,,730.24k,17.33199u
,,730.26k,17.88878u
,,730.28k,14.79186u
,,730.3k,12.3337u
,,730.32k,13.36617u
,,730.34k,16.44287u
,,730.36k,16.93533u
,,730.38k,15.05929u
,,730.4k,15.90464u
,,730.42k,18.65087u
,,730.44k,19.54502u
,,730.46k,18.83609u
,,730.48k,17.43942u
,,730.5k,18.08378u
,,730.52k,20.92169u
,,730.54k,21.27257u
,,730.56k,19.63568u
,,730.58k,19.26836u
,,730.6k,20.8482u
,,730.62k,21.50842u
,,730.64k,19.36504u
,,730.66k,17.76048u
,,730.68k,18.94852u
,,730.7k,20.81916u
,,730.72k,21.68942u
,,730.74k,20.43991u
,,730.76k,18.99664u
,,730.78k,20.08843u
,,730.8k,20.74154u
,,730.82k,18.91514u
,,730.84k,17.88515u
,,730.86k,19.13675u
,,730.88k,21.59398u
,,730.9k,22.5084u
,,730.92k,22.49248u
,,730.94k,22.78431u
,,730.96k,22.04969u
,,730.98k,22.1072u
,,731k,22.93865u
,,731.02k,22.42226u
,,731.04k,21.80127u
,,731.06k,20.95892u
,,731.08k,19.18719u
,,731.1k,16.89861u
,,731.12k,16.27289u
,,731.14k,17.78349u
,,731.16k,18.39384u
,,731.18k,17.1711u
,,731.2k,16.92526u
,,731.22k,20.59701u
,,731.24k,25.65251u
,,731.26k,25.8323u
,,731.28k,22.70119u
,,731.3k,22.14431u
,,731.32k,24.04298u
,,731.34k,23.62265u
,,731.36k,20.87253u
,,731.38k,19.31927u
,,731.4k,20.84708u
,,731.42k,22.54334u
,,731.44k,21.14406u
,,731.46k,19.91544u
,,731.48k,21.67905u
,,731.5k,22.88746u
,,731.52k,21.54247u
,,731.54k,18.92958u
,,731.56k,17.92822u
,,731.58k,19.86133u
,,731.6k,20.21292u
,,731.62k,16.26133u
,,731.64k,13.42463u
,,731.66k,13.83217u
,,731.68k,15.7658u
,,731.7k,16.92582u
,,731.72k,16.50693u
,,731.74k,15.78614u
,,731.76k,14.48858u
,,731.78k,12.96762u
,,731.8k,13.29898u
,,731.82k,16.7501u
,,731.84k,21.03218u
,,731.86k,22.07066u
,,731.88k,20.48924u
,,731.9k,19.12816u
,,731.92k,18.47374u
,,731.94k,16.97991u
,,731.96k,15.28287u
,,731.98k,15.62698u
,,732k,17.49769u
,,732.02k,18.83215u
,,732.04k,19.35381u
,,732.06k,20.83647u
,,732.08k,21.26022u
,,732.1k,18.43734u
,,732.12k,15.34194u
,,732.14k,15.55258u
,,732.16k,17.90936u
,,732.18k,19.15219u
,,732.2k,18.44998u
,,732.22k,16.86967u
,,732.24k,15.77423u
,,732.26k,16.4422u
,,732.28k,17.40406u
,,732.3k,16.2427u
,,732.32k,14.35601u
,,732.34k,14.32469u
,,732.36k,15.58021u
,,732.38k,15.85865u
,,732.4k,14.97158u
,,732.42k,15.66051u
,,732.44k,18.67848u
,,732.46k,19.71538u
,,732.48k,16.00866u
,,732.5k,12.39523u
,,732.52k,13.51069u
,,732.54k,15.40986u
,,732.56k,14.36782u
,,732.58k,13.34301u
,,732.6k,14.05372u
,,732.62k,15.62337u
,,732.64k,16.71796u
,,732.66k,18.17725u
,,732.68k,19.18082u
,,732.7k,17.03329u
,,732.72k,16.11194u
,,732.74k,16.93293u
,,732.76k,16.17537u
,,732.78k,14.6272u
,,732.8k,15.21845u
,,732.82k,17.99644u
,,732.84k,20.62533u
,,732.86k,20.25817u
,,732.88k,19.83045u
,,732.9k,21.03484u
,,732.92k,21.55937u
,,732.94k,21.80065u
,,732.96k,21.34051u
,,732.98k,19.81034u
,,733k,20.04509u
,,733.02k,22.01807u
,,733.04k,22.69381u
,,733.06k,21.42892u
,,733.08k,20.48024u
,,733.1k,20.88118u
,,733.12k,21.57825u
,,733.14k,21.88789u
,,733.16k,22.59827u
,,733.18k,25.10478u
,,733.2k,28.04758u
,,733.22k,28.23428u
,,733.24k,25.56847u
,,733.26k,24.30445u
,,733.28k,26.9911u
,,733.3k,29.33221u
,,733.32k,26.8672u
,,733.34k,23.70209u
,,733.36k,25.52649u
,,733.38k,28.83025u
,,733.4k,28.60724u
,,733.42k,27.36745u
,,733.44k,27.62914u
,,733.46k,27.82191u
,,733.48k,26.74141u
,,733.5k,26.74337u
,,733.52k,28.1336u
,,733.54k,29.4526u
,,733.56k,29.58439u
,,733.58k,29.74877u
,,733.6k,30.98795u
,,733.62k,32.44991u
,,733.64k,34.2791u
,,733.66k,35.20598u
,,733.68k,35.24341u
,,733.7k,34.64896u
,,733.72k,32.54789u
,,733.74k,31.90515u
,,733.76k,33.30483u
,,733.78k,33.98007u
,,733.8k,34.08745u
,,733.82k,34.71801u
,,733.84k,35.7733u
,,733.86k,35.44648u
,,733.88k,33.95347u
,,733.9k,34.40349u
,,733.92k,35.76622u
,,733.94k,36.5553u
,,733.96k,36.61691u
,,733.98k,36.21664u
,,734k,35.4668u
,,734.02k,34.79349u
,,734.04k,36.13994u
,,734.06k,39.39744u
,,734.08k,42.57993u
,,734.1k,42.50267u
,,734.12k,39.86901u
,,734.14k,39.80455u
,,734.16k,40.99747u
,,734.18k,41.21867u
,,734.2k,42.09222u
,,734.22k,43.88636u
,,734.24k,45.37369u
,,734.26k,43.19915u
,,734.28k,38.45169u
,,734.3k,37.38239u
,,734.32k,39.55416u
,,734.34k,40.81403u
,,734.36k,40.96434u
,,734.38k,41.02641u
,,734.4k,40.63412u
,,734.42k,40.23132u
,,734.44k,40.90974u
,,734.46k,42.26493u
,,734.48k,42.46921u
,,734.5k,41.88068u
,,734.52k,41.13369u
,,734.54k,39.44618u
,,734.56k,38.94307u
,,734.58k,41.06747u
,,734.6k,43.40318u
,,734.62k,43.57087u
,,734.64k,43.60599u
,,734.66k,44.92321u
,,734.68k,45.94622u
,,734.7k,46.30992u
,,734.72k,46.39252u
,,734.74k,46.52593u
,,734.76k,46.44501u
,,734.78k,44.97001u
,,734.8k,44.20583u
,,734.82k,45.68729u
,,734.84k,46.60713u
,,734.86k,45.4324u
,,734.88k,43.64808u
,,734.9k,44.02446u
,,734.92k,45.68259u
,,734.94k,46.64105u
,,734.96k,48.04003u
,,734.98k,48.99414u
,,735k,47.34676u
,,735.02k,45.95659u
,,735.04k,46.02049u
,,735.06k,45.591u
,,735.08k,45.29607u
,,735.1k,44.63212u
,,735.12k,43.04447u
,,735.14k,43.25729u
,,735.16k,46.0141u
,,735.18k,47.55816u
,,735.2k,45.62008u
,,735.22k,43.03848u
,,735.24k,42.73356u
,,735.26k,43.28909u
,,735.28k,43.57399u
,,735.3k,45.96401u
,,735.32k,48.9228u
,,735.34k,47.54763u
,,735.36k,43.15081u
,,735.38k,40.79972u
,,735.4k,41.4521u
,,735.42k,44.29955u
,,735.44k,45.41379u
,,735.46k,42.21282u
,,735.48k,40.37596u
,,735.5k,42.28252u
,,735.52k,43.73578u
,,735.54k,43.75684u
,,735.56k,43.70348u
,,735.58k,43.40369u
,,735.6k,41.39469u
,,735.62k,39.83511u
,,735.64k,41.77802u
,,735.66k,44.1754u
,,735.68k,44.2653u
,,735.7k,42.89464u
,,735.72k,42.2351u
,,735.74k,42.95966u
,,735.76k,43.30602u
,,735.78k,42.60112u
,,735.8k,42.10938u
,,735.82k,42.05996u
,,735.84k,41.81864u
,,735.86k,40.76489u
,,735.88k,40.29424u
,,735.9k,41.31639u
,,735.92k,41.01583u
,,735.94k,39.9365u
,,735.96k,40.24886u
,,735.98k,40.43898u
,,736k,39.73655u
,,736.02k,38.24704u
,,736.04k,37.91229u
,,736.06k,39.28786u
,,736.08k,41.19102u
,,736.1k,40.48705u
,,736.12k,37.26802u
,,736.14k,36.48954u
,,736.16k,37.61206u
,,736.18k,36.50282u
,,736.2k,33.8781u
,,736.22k,32.7399u
,,736.24k,34.07105u
,,736.26k,34.95848u
,,736.28k,35.42789u
,,736.3k,35.88857u
,,736.32k,36.68066u
,,736.34k,37.33113u
,,736.36k,38.09919u
,,736.38k,40.43523u
,,736.4k,41.96732u
,,736.42k,39.17761u
,,736.44k,34.37417u
,,736.46k,32.93054u
,,736.48k,33.45194u
,,736.5k,33.24183u
,,736.52k,33.83137u
,,736.54k,34.51894u
,,736.56k,33.33818u
,,736.58k,32.81252u
,,736.6k,33.73895u
,,736.62k,34.40597u
,,736.64k,34.77493u
,,736.66k,34.06244u
,,736.68k,32.93841u
,,736.7k,33.44335u
,,736.72k,35.26911u
,,736.74k,35.18695u
,,736.76k,31.2933u
,,736.78k,27.80933u
,,736.8k,29.02606u
,,736.82k,32.03966u
,,736.84k,32.8682u
,,736.86k,32.11236u
,,736.88k,31.46059u
,,736.9k,32.21367u
,,736.92k,32.50231u
,,736.94k,30.94637u
,,736.96k,29.50499u
,,736.98k,28.13463u
,,737k,27.27952u
,,737.02k,27.08821u
,,737.04k,26.37214u
,,737.06k,26.79422u
,,737.08k,28.42591u
,,737.1k,28.471u
,,737.12k,27.18779u
,,737.14k,26.74905u
,,737.16k,28.7161u
,,737.18k,30.05355u
,,737.2k,29.02892u
,,737.22k,27.81933u
,,737.24k,28.27996u
,,737.26k,28.90534u
,,737.28k,29.40278u
,,737.3k,29.94671u
,,737.32k,29.06069u
,,737.34k,28.33003u
,,737.36k,30.96603u
,,737.38k,33.32799u
,,737.4k,31.15603u
,,737.42k,28.71357u
,,737.44k,29.47355u
,,737.46k,30.74458u
,,737.48k,31.78682u
,,737.5k,31.52595u
,,737.52k,29.08858u
,,737.54k,27.35906u
,,737.56k,26.95676u
,,737.58k,27.03532u
,,737.6k,27.21518u
,,737.62k,27.10039u
,,737.64k,27.1237u
,,737.66k,29.38569u
,,737.68k,31.85383u
,,737.7k,31.1546u
,,737.72k,28.36375u
,,737.74k,25.73777u
,,737.76k,24.79393u
,,737.78k,26.29509u
,,737.8k,28.24142u
,,737.82k,29.17604u
,,737.84k,29.37599u
,,737.86k,28.81938u
,,737.88k,29.11783u
,,737.9k,30.23552u
,,737.92k,29.4146u
,,737.94k,28.06035u
,,737.96k,27.81802u
,,737.98k,26.25293u
,,738k,24.93548u
,,738.02k,25.51755u
,,738.04k,26.49338u
,,738.06k,27.66978u
,,738.08k,28.31159u
,,738.1k,27.75769u
,,738.12k,28.47908u
,,738.14k,30.299u
,,738.16k,31.28935u
,,738.18k,32.66299u
,,738.2k,33.32187u
,,738.22k,32.85493u
,,738.24k,31.75965u
,,738.26k,30.31098u
,,738.28k,29.21577u
,,738.3k,27.95389u
,,738.32k,27.93804u
,,738.34k,29.51678u
,,738.36k,32.11224u
,,738.38k,35.03249u
,,738.4k,36.4029u
,,738.42k,35.41643u
,,738.44k,34.43574u
,,738.46k,34.64388u
,,738.48k,33.925u
,,738.5k,33.35179u
,,738.52k,34.34434u
,,738.54k,34.28667u
,,738.56k,33.52697u
,,738.58k,34.51797u
,,738.6k,35.12284u
,,738.62k,33.75323u
,,738.64k,33.22801u
,,738.66k,34.3253u
,,738.68k,34.59045u
,,738.7k,33.35397u
,,738.72k,32.74187u
,,738.74k,33.62303u
,,738.76k,35.08481u
,,738.78k,35.67611u
,,738.8k,34.77338u
,,738.82k,34.19408u
,,738.84k,34.16635u
,,738.86k,34.26987u
,,738.88k,35.56411u
,,738.9k,37.61926u
,,738.92k,39.10149u
,,738.94k,39.15023u
,,738.96k,38.29124u
,,738.98k,37.26677u
,,739k,36.64587u
,,739.02k,37.03776u
,,739.04k,37.35623u
,,739.06k,37.64565u
,,739.08k,38.57712u
,,739.1k,39.6716u
,,739.12k,40.72065u
,,739.14k,41.61082u
,,739.16k,42.11566u
,,739.18k,41.99679u
,,739.2k,41.83456u
,,739.22k,42.27428u
,,739.24k,42.29192u
,,739.26k,42.35167u
,,739.28k,42.19597u
,,739.3k,40.53325u
,,739.32k,38.62849u
,,739.34k,38.25469u
,,739.36k,39.15408u
,,739.38k,40.03909u
,,739.4k,40.62679u
,,739.42k,42.36495u
,,739.44k,44.15657u
,,739.46k,42.25296u
,,739.48k,38.10792u
,,739.5k,38.23647u
,,739.52k,43.07262u
,,739.54k,46.19594u
,,739.56k,45.70013u
,,739.58k,44.04175u
,,739.6k,43.38284u
,,739.62k,43.60025u
,,739.64k,44.95042u
,,739.66k,48.15771u
,,739.68k,49.30126u
,,739.7k,46.3396u
,,739.72k,43.97364u
,,739.74k,45.69081u
,,739.76k,48.75248u
,,739.78k,50.55085u
,,739.8k,50.73917u
,,739.82k,49.65452u
,,739.84k,49.50887u
,,739.86k,49.39661u
,,739.88k,47.61031u
,,739.9k,45.47148u
,,739.92k,45.42163u
,,739.94k,47.77383u
,,739.96k,50.4591u
,,739.98k,52.53151u
,,740k,54.26914u
,,740.02k,56.15697u
,,740.04k,58.61046u
,,740.06k,59.42977u
,,740.08k,57.08868u
,,740.1k,54.07763u
,,740.12k,52.65459u
,,740.14k,52.27687u
,,740.16k,52.60391u
,,740.18k,53.0322u
,,740.2k,51.82412u
,,740.22k,48.95497u
,,740.24k,46.10943u
,,740.26k,46.12442u
,,740.28k,48.32655u
,,740.3k,49.64196u
,,740.32k,49.93365u
,,740.34k,49.64021u
,,740.36k,50.13557u
,,740.38k,51.76326u
,,740.4k,51.63177u
,,740.42k,49.10964u
,,740.44k,48.19848u
,,740.46k,50.93768u
,,740.48k,53.73928u
,,740.5k,54.14869u
,,740.52k,53.57156u
,,740.54k,53.90572u
,,740.56k,54.92659u
,,740.58k,55.71825u
,,740.6k,55.9704u
,,740.62k,55.67885u
,,740.64k,54.77499u
,,740.66k,53.60576u
,,740.68k,53.02346u
,,740.7k,50.79159u
,,740.72k,47.64533u
,,740.74k,48.35898u
,,740.76k,51.61652u
,,740.78k,53.77071u
,,740.8k,55.46674u
,,740.82k,55.7966u
,,740.84k,52.50361u
,,740.86k,49.10867u
,,740.88k,48.98259u
,,740.9k,50.2909u
,,740.92k,51.82312u
,,740.94k,53.1487u
,,740.96k,53.19868u
,,740.98k,50.98724u
,,741k,48.77409u
,,741.02k,48.37213u
,,741.04k,48.77717u
,,741.06k,49.03394u
,,741.08k,48.85372u
,,741.1k,48.51288u
,,741.12k,48.17833u
,,741.14k,48.88347u
,,741.16k,50.60165u
,,741.18k,51.41237u
,,741.2k,50.53223u
,,741.22k,49.14966u
,,741.24k,49.07179u
,,741.26k,50.55164u
,,741.28k,52.85808u
,,741.3k,52.75929u
,,741.32k,48.17202u
,,741.34k,41.87389u
,,741.36k,38.96358u
,,741.38k,40.68982u
,,741.4k,43.40941u
,,741.42k,45.81912u
,,741.44k,47.6927u
,,741.46k,47.30201u
,,741.48k,45.68006u
,,741.5k,45.08137u
,,741.52k,46.49649u
,,741.54k,48.52667u
,,741.56k,47.31635u
,,741.58k,42.86191u
,,741.6k,39.36278u
,,741.62k,39.04307u
,,741.64k,41.55368u
,,741.66k,44.60505u
,,741.68k,47.00578u
,,741.7k,48.00019u
,,741.72k,44.92251u
,,741.74k,41.39562u
,,741.76k,41.33455u
,,741.78k,41.28658u
,,741.8k,40.31432u
,,741.82k,39.98789u
,,741.84k,39.50505u
,,741.86k,37.09935u
,,741.88k,33.64347u
,,741.9k,33.20344u
,,741.92k,35.70309u
,,741.94k,37.00691u
,,741.96k,36.64269u
,,741.98k,36.83647u
,,742k,36.77413u
,,742.02k,34.80986u
,,742.04k,32.75063u
,,742.06k,33.37136u
,,742.08k,34.61227u
,,742.1k,34.92471u
,,742.12k,34.86985u
,,742.14k,34.6122u
,,742.16k,34.91167u
,,742.18k,33.72795u
,,742.2k,29.77312u
,,742.22k,28.43989u
,,742.24k,29.75233u
,,742.26k,30.2359u
,,742.28k,31.5958u
,,742.3k,32.56u
,,742.32k,31.80766u
,,742.34k,30.6408u
,,742.36k,28.80556u
,,742.38k,27.26031u
,,742.4k,28.46236u
,,742.42k,31.94979u
,,742.44k,34.83571u
,,742.46k,35.42242u
,,742.48k,34.51577u
,,742.5k,32.60851u
,,742.52k,29.69387u
,,742.54k,28.10642u
,,742.56k,28.65962u
,,742.58k,28.60356u
,,742.6k,27.00383u
,,742.62k,26.10776u
,,742.64k,28.10844u
,,742.66k,30.46458u
,,742.68k,30.55354u
,,742.7k,29.88142u
,,742.72k,27.76436u
,,742.74k,24.3127u
,,742.76k,22.75286u
,,742.78k,23.30084u
,,742.8k,23.71305u
,,742.82k,22.81211u
,,742.84k,21.26478u
,,742.86k,20.96011u
,,742.88k,23.1522u
,,742.9k,25.71252u
,,742.92k,27.43569u
,,742.94k,28.24419u
,,742.96k,28.10112u
,,742.98k,28.10749u
,,743k,27.22132u
,,743.02k,24.64437u
,,743.04k,21.83257u
,,743.06k,19.59397u
,,743.08k,18.26296u
,,743.1k,18.8092u
,,743.12k,20.69437u
,,743.14k,21.11429u
,,743.16k,19.2405u
,,743.18k,17.64642u
,,743.2k,17.34411u
,,743.22k,18.30612u
,,743.24k,20.9337u
,,743.26k,21.80974u
,,743.28k,20.94134u
,,743.3k,21.91952u
,,743.32k,22.99657u
,,743.34k,22.81359u
,,743.36k,21.67743u
,,743.38k,20.22743u
,,743.4k,20.88934u
,,743.42k,22.90588u
,,743.44k,23.17406u
,,743.46k,21.35781u
,,743.48k,20.7112u
,,743.5k,20.21702u
,,743.52k,17.59522u
,,743.54k,15.66095u
,,743.56k,15.46684u
,,743.58k,15.91418u
,,743.6k,16.35758u
,,743.62k,17.25384u
,,743.64k,17.5338u
,,743.66k,17.34707u
,,743.68k,16.1133u
,,743.7k,15.3898u
,,743.72k,17.7946u
,,743.74k,19.70992u
,,743.76k,19.13282u
,,743.78k,17.65897u
,,743.8k,15.12303u
,,743.82k,12.51303u
,,743.84k,11.90541u
,,743.86k,13.51538u
,,743.88k,16.04583u
,,743.9k,18.15825u
,,743.92k,18.63553u
,,743.94k,17.41926u
,,743.96k,16.80965u
,,743.98k,16.1329u
,,744k,14.29878u
,,744.02k,14.46733u
,,744.04k,15.7664u
,,744.06k,15.27312u
,,744.08k,14.3392u
,,744.1k,15.33937u
,,744.12k,17.16421u
,,744.14k,17.68951u
,,744.16k,17.0656u
,,744.18k,15.7982u
,,744.2k,14.32784u
,,744.22k,12.97069u
,,744.24k,11.48898u
,,744.26k,11.34775u
,,744.28k,14.24174u
,,744.3k,16.24857u
,,744.32k,14.0374u
,,744.34k,12.35484u
,,744.36k,13.17519u
,,744.38k,13.75553u
,,744.4k,12.40418u
,,744.42k,12.08162u
,,744.44k,13.05397u
,,744.46k,13.92624u
,,744.48k,12.83045u
,,744.5k,12.8723u
,,744.52k,16.4131u
,,744.54k,18.50538u
,,744.56k,16.48266u
,,744.58k,14.06894u
,,744.6k,12.7391u
,,744.62k,11.42898u
,,744.64k,10.89467u
,,744.66k,9.709922u
,,744.68k,8.054048u
,,744.7k,9.130011u
,,744.72k,15.2555u
,,744.74k,20.12157u
,,744.76k,20.68339u
,,744.78k,19.48695u
,,744.8k,20.62897u
,,744.82k,20.50471u
,,744.84k,16.65994u
,,744.86k,13.17822u
,,744.88k,12.66733u
,,744.9k,12.60608u
,,744.92k,12.0361u
,,744.94k,13.63543u
,,744.96k,15.71336u
,,744.98k,15.89969u
,,745k,15.21461u
,,745.02k,14.78977u
,,745.04k,12.97051u
,,745.06k,11.51864u
,,745.08k,11.56777u
,,745.1k,11.78272u
,,745.12k,10.50316u
,,745.14k,9.346172u
,,745.16k,8.02966u
,,745.18k,7.729713u
,,745.2k,8.775876u
,,745.22k,8.666777u
,,745.24k,9.023519u
,,745.26k,11.46536u
,,745.28k,14.89184u
,,745.3k,15.80105u
,,745.32k,14.38742u
,,745.34k,15.0839u
,,745.36k,15.98898u
,,745.38k,13.93807u
,,745.4k,12.46629u
,,745.42k,13.40315u
,,745.44k,14.55256u
,,745.46k,14.30411u
,,745.48k,13.59061u
,,745.5k,14.4109u
,,745.52k,17.51789u
,,745.54k,18.88422u
,,745.56k,17.03253u
,,745.58k,13.7719u
,,745.6k,12.20772u
,,745.62k,13.73863u
,,745.64k,14.95141u
,,745.66k,13.61814u
,,745.68k,12.23326u
,,745.7k,13.27445u
,,745.72k,15.06075u
,,745.74k,15.83801u
,,745.76k,17.322u
,,745.78k,19.27858u
,,745.8k,17.55375u
,,745.82k,12.86427u
,,745.84k,10.71287u
,,745.86k,10.61231u
,,745.88k,9.507679u
,,745.9k,8.516182u
,,745.92k,10.02749u
,,745.94k,12.25506u
,,745.96k,11.97298u
,,745.98k,11.87529u
,,746k,14.43584u
,,746.02k,16.71347u
,,746.04k,17.30314u
,,746.06k,18.59928u
,,746.08k,18.95755u
,,746.1k,16.81701u
,,746.12k,14.51772u
,,746.14k,13.15865u
,,746.16k,12.91921u
,,746.18k,15.59381u
,,746.2k,19.97739u
,,746.22k,20.3388u
,,746.24k,17.31388u
,,746.26k,16.48008u
,,746.28k,17.32524u
,,746.3k,18.56897u
,,746.32k,19.8371u
,,746.34k,18.0207u
,,746.36k,15.72674u
,,746.38k,15.09469u
,,746.4k,13.27355u
,,746.42k,13.76323u
,,746.44k,16.74059u
,,746.46k,17.37441u
,,746.48k,14.86812u
,,746.5k,14.18552u
,,746.52k,16.93204u
,,746.54k,19.39433u
,,746.56k,20.2486u
,,746.58k,19.5699u
,,746.6k,16.94873u
,,746.62k,14.80012u
,,746.64k,16.02669u
,,746.66k,18.68833u
,,746.68k,19.67372u
,,746.7k,19.04054u
,,746.72k,19.27519u
,,746.74k,18.9637u
,,746.76k,16.58119u
,,746.78k,14.83334u
,,746.8k,14.94676u
,,746.82k,17.37906u
,,746.84k,19.47343u
,,746.86k,17.98183u
,,746.88k,15.62427u
,,746.9k,14.93523u
,,746.92k,15.46842u
,,746.94k,16.02532u
,,746.96k,16.4533u
,,746.98k,16.91833u
,,747k,17.14928u
,,747.02k,17.1483u
,,747.04k,16.63989u
,,747.06k,16.69136u
,,747.08k,18.91343u
,,747.1k,19.56488u
,,747.12k,17.64554u
,,747.14k,17.18629u
,,747.16k,17.41807u
,,747.18k,17.81478u
,,747.2k,19.06892u
,,747.22k,19.41143u
,,747.24k,19.02276u
,,747.26k,19.20368u
,,747.28k,17.65853u
,,747.3k,14.605u
,,747.32k,13.12894u
,,747.34k,14.67409u
,,747.36k,17.63964u
,,747.38k,18.3385u
,,747.4k,16.36671u
,,747.42k,15.43665u
,,747.44k,17.52154u
,,747.46k,19.65293u
,,747.48k,19.91461u
,,747.5k,19.81219u
,,747.52k,18.51431u
,,747.54k,16.01476u
,,747.56k,15.03888u
,,747.58k,16.62031u
,,747.6k,16.67276u
,,747.62k,13.13327u
,,747.64k,10.50488u
,,747.66k,12.10561u
,,747.68k,15.40694u
,,747.7k,16.0943u
,,747.72k,17.60868u
,,747.74k,20.87666u
,,747.76k,22.44119u
,,747.78k,20.92755u
,,747.8k,19.92616u
,,747.82k,20.77113u
,,747.84k,20.13494u
,,747.86k,18.70822u
,,747.88k,19.11917u
,,747.9k,20.81296u
,,747.92k,23.14872u
,,747.94k,24.23324u
,,747.96k,22.78453u
,,747.98k,22.60646u
,,748k,23.06365u
,,748.02k,21.50531u
,,748.04k,20.44934u
,,748.06k,21.18757u
,,748.08k,21.14209u
,,748.1k,20.25325u
,,748.12k,19.87666u
,,748.14k,18.30756u
,,748.16k,15.1859u
,,748.18k,13.82172u
,,748.2k,16.306u
,,748.22k,18.30591u
,,748.24k,16.76282u
,,748.26k,16.1636u
,,748.28k,17.85262u
,,748.3k,18.54597u
,,748.32k,17.87477u
,,748.34k,18.46955u
,,748.36k,19.88572u
,,748.38k,20.25338u
,,748.4k,19.39015u
,,748.42k,17.94966u
,,748.44k,17.31193u
,,748.46k,17.10985u
,,748.48k,16.81782u
,,748.5k,16.36106u
,,748.52k,16.04654u
,,748.54k,17.53767u
,,748.56k,19.58735u
,,748.58k,18.4069u
,,748.6k,15.32337u
,,748.62k,15.40144u
,,748.64k,17.72362u
,,748.66k,18.64929u
,,748.68k,18.01491u
,,748.7k,17.05506u
,,748.72k,17.68128u
,,748.74k,17.90467u
,,748.76k,17.06511u
,,748.78k,17.56884u
,,748.8k,18.47904u
,,748.82k,21.02002u
,,748.84k,21.93882u
,,748.86k,19.77519u
,,748.88k,15.84453u
,,748.9k,13.6192u
,,748.92k,13.98655u
,,748.94k,14.27472u
,,748.96k,14.95805u
,,748.98k,16.13377u
,,749k,17.39964u
,,749.02k,17.75229u
,,749.04k,18.05074u
,,749.06k,18.75313u
,,749.08k,19.04076u
,,749.1k,19.93343u
,,749.12k,19.73676u
,,749.14k,18.00453u
,,749.16k,17.95867u
,,749.18k,18.76868u
,,749.2k,18.34222u
,,749.22k,17.36557u
,,749.24k,17.19888u
,,749.26k,17.70177u
,,749.28k,17.61583u
,,749.3k,17.36654u
,,749.32k,18.43591u
,,749.34k,19.74293u
,,749.36k,19.61844u
,,749.38k,18.29105u
,,749.4k,17.85988u
,,749.42k,17.74583u
,,749.44k,15.51481u
,,749.46k,12.5809u
,,749.48k,12.51031u
,,749.5k,14.09387u
,,749.52k,15.43446u
,,749.54k,17.46403u
,,749.56k,18.73977u
,,749.58k,16.46135u
,,749.6k,12.77792u
,,749.62k,12.59239u
,,749.64k,13.60355u
,,749.66k,11.32436u
,,749.68k,8.317204u
,,749.7k,9.541087u
,,749.72k,14.39273u
,,749.74k,16.97311u
,,749.76k,17.13924u
,,749.78k,17.46903u
,,749.8k,16.75874u
,,749.82k,13.87825u
,,749.84k,12.02328u
,,749.86k,13.52439u
,,749.88k,15.3278u
,,749.9k,14.85145u
,,749.92k,13.92042u
,,749.94k,14.30284u
,,749.96k,14.80811u
,,749.98k,13.85793u
,,750k,13.17138u
,,750.02k,13.92153u
,,750.04k,16.91752u
,,750.06k,21.00497u
,,750.08k,22.67913u
,,750.1k,21.39147u
,,750.12k,19.25421u
,,750.14k,17.89621u
,,750.16k,17.1196u
,,750.18k,16.79583u
,,750.2k,16.00841u
,,750.22k,13.77877u
,,750.24k,11.76414u
,,750.26k,11.29703u
,,750.28k,11.10688u
,,750.3k,9.995657u
,,750.32k,9.375633u
,,750.34k,11.07783u
,,750.36k,12.9777u
,,750.38k,11.46261u
,,750.4k,11.19948u
,,750.42k,12.20548u
,,750.44k,12.65319u
,,750.46k,13.72947u
,,750.48k,14.13691u
,,750.5k,14.38394u
,,750.52k,14.71494u
,,750.54k,14.88115u
,,750.56k,15.05094u
,,750.58k,13.88406u
,,750.6k,13.28952u
,,750.62k,14.37858u
,,750.64k,13.3275u
,,750.66k,10.43687u
,,750.68k,9.690978u
,,750.7k,11.83683u
,,750.72k,13.50788u
,,750.74k,13.77216u
,,750.76k,13.42069u
,,750.78k,10.41493u
,,750.8k,6.813377u
,,750.82k,6.354176u
,,750.84k,7.355302u
,,750.86k,8.280339u
,,750.88k,9.28396u
,,750.9k,9.463618u
,,750.92k,10.16135u
,,750.94k,12.05545u
,,750.96k,14.13427u
,,750.98k,14.87574u
,,751k,13.6177u
,,751.02k,11.53315u
,,751.04k,9.773535u
,,751.06k,9.978473u
,,751.08k,11.84864u
,,751.1k,12.56925u
,,751.12k,11.97591u
,,751.14k,13.21179u
,,751.16k,15.73199u
,,751.18k,16.14743u
,,751.2k,15.3653u
,,751.22k,13.78925u
,,751.24k,11.49444u
,,751.26k,10.41917u
,,751.28k,10.84675u
,,751.3k,11.89436u
,,751.32k,13.11054u
,,751.34k,13.86386u
,,751.36k,13.48098u
,,751.38k,12.49116u
,,751.4k,10.38851u
,,751.42k,8.932704u
,,751.44k,10.69647u
,,751.46k,12.97476u
,,751.48k,13.26367u
,,751.5k,12.02797u
,,751.52k,9.566633u
,,751.54k,8.712513u
,,751.56k,10.86181u
,,751.58k,10.79986u
,,751.6k,8.324453u
,,751.62k,8.097031u
,,751.64k,10.23443u
,,751.66k,13.47837u
,,751.68k,13.98342u
,,751.7k,11.42817u
,,751.72k,10.35232u
,,751.74k,9.745563u
,,751.76k,10.5124u
,,751.78k,11.01778u
,,751.8k,10.52343u
,,751.82k,10.11028u
,,751.84k,9.623953u
,,751.86k,9.200839u
,,751.88k,9.497659u
,,751.9k,10.66262u
,,751.92k,10.32744u
,,751.94k,8.705408u
,,751.96k,9.48206u
,,751.98k,11.01717u
,,752k,10.70627u
,,752.02k,9.346413u
,,752.04k,9.091219u
,,752.06k,9.163743u
,,752.08k,7.439026u
,,752.1k,5.995262u
,,752.12k,6.730862u
,,752.14k,8.504455u
,,752.16k,9.822345u
,,752.18k,11.96221u
,,752.2k,14.43654u
,,752.22k,15.16797u
,,752.24k,15.14168u
,,752.26k,15.29008u
,,752.28k,14.12846u
,,752.3k,12.00851u
,,752.32k,11.12477u
,,752.34k,10.71795u
,,752.36k,11.32058u
,,752.38k,12.43345u
,,752.4k,11.99808u
,,752.42k,12.70332u
,,752.44k,14.84489u
,,752.46k,14.1278u
,,752.48k,11.34721u
,,752.5k,11.39813u
,,752.52k,11.17494u
,,752.54k,10.18401u
,,752.56k,12.14074u
,,752.58k,13.2166u
,,752.6k,12.17394u
,,752.62k,12.71085u
,,752.64k,14.13632u
,,752.66k,13.85659u
,,752.68k,13.45171u
,,752.7k,14.94044u
,,752.72k,15.59971u
,,752.74k,14.70418u
,,752.76k,14.38191u
,,752.78k,13.814u
,,752.8k,13.4304u
,,752.82k,15.63703u
,,752.84k,17.95237u
,,752.86k,14.53606u
,,752.88k,10.26832u
,,752.9k,10.91545u
,,752.92k,14.13792u
,,752.94k,14.78655u
,,752.96k,13.25447u
,,752.98k,11.58231u
,,753k,9.783521u
,,753.02k,10.67993u
,,753.04k,12.44799u
,,753.06k,11.59886u
,,753.08k,12.04456u
,,753.1k,14.8371u
,,753.12k,18.01154u
,,753.14k,20.96935u
,,753.16k,22.07053u
,,753.18k,20.55712u
,,753.2k,18.31161u
,,753.22k,16.06233u
,,753.24k,14.92155u
,,753.26k,15.10226u
,,753.28k,15.31616u
,,753.3k,14.95411u
,,753.32k,14.30068u
,,753.34k,13.63328u
,,753.36k,14.56773u
,,753.38k,16.44744u
,,753.4k,16.25572u
,,753.42k,15.7699u
,,753.44k,16.54862u
,,753.46k,17.69304u
,,753.48k,18.47423u
,,753.5k,17.20912u
,,753.52k,16.73246u
,,753.54k,17.78041u
,,753.56k,19.3222u
,,753.58k,19.25746u
,,753.6k,17.18207u
,,753.62k,16.71788u
,,753.64k,18.01017u
,,753.66k,17.7859u
,,753.68k,16.52269u
,,753.7k,15.58152u
,,753.72k,16.03338u
,,753.74k,17.46407u
,,753.76k,18.08767u
,,753.78k,17.96818u
,,753.8k,18.41859u
,,753.82k,19.30944u
,,753.84k,18.43265u
,,753.86k,15.89131u
,,753.88k,14.59082u
,,753.9k,14.93176u
,,753.92k,17.03429u
,,753.94k,22.71645u
,,753.96k,27.49779u
,,753.98k,25.53153u
,,754k,21.06515u
,,754.02k,19.00168u
,,754.04k,16.11957u
,,754.06k,14.08262u
,,754.08k,17.60094u
,,754.1k,20.23788u
,,754.12k,18.15766u
,,754.14k,15.65987u
,,754.16k,14.43609u
,,754.18k,16.17675u
,,754.2k,20.80213u
,,754.22k,24.05434u
,,754.24k,23.82067u
,,754.26k,21.58238u
,,754.28k,18.24926u
,,754.3k,15.28914u
,,754.32k,14.63763u
,,754.34k,16.50638u
,,754.36k,18.22013u
,,754.38k,18.99379u
,,754.4k,18.68619u
,,754.42k,17.82541u
,,754.44k,18.28094u
,,754.46k,18.31024u
,,754.48k,16.20841u
,,754.5k,14.50913u
,,754.52k,15.73702u
,,754.54k,18.16191u
,,754.56k,20.34018u
,,754.58k,21.52849u
,,754.6k,20.69517u
,,754.62k,19.7648u
,,754.64k,20.06848u
,,754.66k,19.49955u
,,754.68k,17.4207u
,,754.7k,16.76249u
,,754.72k,19.09976u
,,754.74k,20.35413u
,,754.76k,19.39119u
,,754.78k,20.38366u
,,754.8k,21.65026u
,,754.82k,20.84978u
,,754.84k,20.16178u
,,754.86k,20.60165u
,,754.88k,20.84145u
,,754.9k,21.16523u
,,754.92k,22.18316u
,,754.94k,22.24906u
,,754.96k,20.36738u
,,754.98k,18.98179u
,,755k,19.04446u
,,755.02k,18.27408u
,,755.04k,17.75977u
,,755.06k,17.76964u
,,755.08k,17.92884u
,,755.1k,17.16837u
,,755.12k,16.3887u
,,755.14k,15.79273u
,,755.16k,15.48597u
,,755.18k,17.39455u
,,755.2k,20.91089u
,,755.22k,22.81083u
,,755.24k,22.98518u
,,755.26k,22.57757u
,,755.28k,22.23551u
,,755.3k,23.23204u
,,755.32k,23.61995u
,,755.34k,21.30587u
,,755.36k,18.44877u
,,755.38k,17.43723u
,,755.4k,18.74745u
,,755.42k,20.01332u
,,755.44k,20.93558u
,,755.46k,22.66955u
,,755.48k,23.16859u
,,755.5k,21.13498u
,,755.52k,19.57331u
,,755.54k,20.01124u
,,755.56k,20.88909u
,,755.58k,21.48212u
,,755.6k,22.06264u
,,755.62k,21.85204u
,,755.64k,21.66777u
,,755.66k,21.93007u
,,755.68k,21.214u
,,755.7k,20.7846u
,,755.72k,20.9813u
,,755.74k,20.30509u
,,755.76k,19.15612u
,,755.78k,18.72674u
,,755.8k,18.53073u
,,755.82k,17.49383u
,,755.84k,16.6892u
,,755.86k,16.84917u
,,755.88k,19.08191u
,,755.9k,22.83173u
,,755.92k,24.36834u
,,755.94k,23.69365u
,,755.96k,21.9599u
,,755.98k,19.61925u
,,756k,20.03351u
,,756.02k,22.90196u
,,756.04k,22.91079u
,,756.06k,20.33565u
,,756.08k,20.79998u
,,756.1k,24.5004u
,,756.12k,27.61407u
,,756.14k,28.84939u
,,756.16k,26.38168u
,,756.18k,20.87377u
,,756.2k,17.88702u
,,756.22k,20.00195u
,,756.24k,23.52648u
,,756.26k,24.82811u
,,756.28k,24.00376u
,,756.3k,21.5484u
,,756.32k,17.97819u
,,756.34k,17.2946u
,,756.36k,20.54353u
,,756.38k,23.89416u
,,756.4k,25.15662u
,,756.42k,24.76627u
,,756.44k,24.84938u
,,756.46k,26.67644u
,,756.48k,26.44257u
,,756.5k,23.61764u
,,756.52k,22.45041u
,,756.54k,22.70035u
,,756.56k,21.82085u
,,756.58k,21.65044u
,,756.6k,23.40429u
,,756.62k,24.10667u
,,756.64k,23.08199u
,,756.66k,23.13469u
,,756.68k,25.76154u
,,756.7k,26.28715u
,,756.72k,22.39844u
,,756.74k,19.71716u
,,756.76k,21.95763u
,,756.78k,24.95474u
,,756.8k,24.37879u
,,756.82k,22.00696u
,,756.84k,21.95662u
,,756.86k,23.08504u
,,756.88k,23.17169u
,,756.9k,22.55381u
,,756.92k,21.99529u
,,756.94k,21.80608u
,,756.96k,22.33523u
,,756.98k,22.90349u
,,757k,21.74481u
,,757.02k,19.48622u
,,757.04k,19.65005u
,,757.06k,21.6911u
,,757.08k,23.17395u
,,757.1k,24.32136u
,,757.12k,25.71649u
,,757.14k,27.36192u
,,757.16k,28.42425u
,,757.18k,27.83594u
,,757.2k,26.04004u
,,757.22k,24.11722u
,,757.24k,23.60525u
,,757.26k,24.07284u
,,757.28k,25.3214u
,,757.3k,28.17715u
,,757.32k,30.38003u
,,757.34k,28.89368u
,,757.36k,25.02526u
,,757.38k,21.81388u
,,757.4k,20.06418u
,,757.42k,19.37564u
,,757.44k,19.97041u
,,757.46k,21.80875u
,,757.48k,24.05919u
,,757.5k,25.18313u
,,757.52k,25.02979u
,,757.54k,24.976u
,,757.56k,25.30987u
,,757.58k,25.67561u
,,757.6k,26.7504u
,,757.62k,28.28401u
,,757.64k,29.08232u
,,757.66k,28.46915u
,,757.68k,27.69127u
,,757.7k,26.29163u
,,757.72k,24.31079u
,,757.74k,22.6668u
,,757.76k,22.59928u
,,757.78k,24.3497u
,,757.8k,25.22793u
,,757.82k,24.22673u
,,757.84k,24.85414u
,,757.86k,26.88111u
,,757.88k,26.57836u
,,757.9k,25.19578u
,,757.92k,24.46065u
,,757.94k,25.26982u
,,757.96k,27.94658u
,,757.98k,27.43568u
,,758k,22.88392u
,,758.02k,19.88014u
,,758.04k,19.80048u
,,758.06k,20.74886u
,,758.08k,21.51465u
,,758.1k,23.1605u
,,758.12k,24.52742u
,,758.14k,24.77271u
,,758.16k,26.12928u
,,758.18k,27.99756u
,,758.2k,27.52637u
,,758.22k,26.34671u
,,758.24k,27.41386u
,,758.26k,27.79559u
,,758.28k,25.91699u
,,758.3k,24.67505u
,,758.32k,24.84001u
,,758.34k,25.0167u
,,758.36k,26.00768u
,,758.38k,27.28804u
,,758.4k,26.80169u
,,758.42k,25.36187u
,,758.44k,23.72092u
,,758.46k,22.53427u
,,758.48k,22.59447u
,,758.5k,23.10685u
,,758.52k,25.47703u
,,758.54k,28.45442u
,,758.56k,27.81725u
,,758.58k,24.1449u
,,758.6k,22.8764u
,,758.62k,25.6383u
,,758.64k,27.84033u
,,758.66k,27.19001u
,,758.68k,25.45099u
,,758.7k,22.48954u
,,758.72k,20.07433u
,,758.74k,19.66618u
,,758.76k,17.92982u
,,758.78k,16.33502u
,,758.8k,19.81315u
,,758.82k,24.64762u
,,758.84k,26.61526u
,,758.86k,24.53121u
,,758.88k,22.13931u
,,758.9k,23.83331u
,,758.92k,24.63699u
,,758.94k,22.50925u
,,758.96k,20.80017u
,,758.98k,22.12387u
,,759k,24.63696u
,,759.02k,26.28718u
,,759.04k,26.47559u
,,759.06k,25.62843u
,,759.08k,25.06978u
,,759.1k,25.1291u
,,759.12k,25.63992u
,,759.14k,25.20938u
,,759.16k,23.45787u
,,759.18k,22.14781u
,,759.2k,22.19515u
,,759.22k,23.13985u
,,759.24k,23.62101u
,,759.26k,22.39544u
,,759.28k,21.02659u
,,759.3k,22.36796u
,,759.32k,25.67222u
,,759.34k,26.55208u
,,759.36k,24.5616u
,,759.38k,23.46331u
,,759.4k,24.02722u
,,759.42k,24.79594u
,,759.44k,25.33743u
,,759.46k,24.41498u
,,759.48k,22.90268u
,,759.5k,23.23369u
,,759.52k,22.88131u
,,759.54k,21.53666u
,,759.56k,23.51585u
,,759.58k,26.83108u
,,759.6k,27.07109u
,,759.62k,26.22042u
,,759.64k,26.4201u
,,759.66k,26.62499u
,,759.68k,26.37305u
,,759.7k,26.27717u
,,759.72k,25.22111u
,,759.74k,22.80795u
,,759.76k,21.73012u
,,759.78k,23.95286u
,,759.8k,26.0359u
,,759.82k,25.28311u
,,759.84k,24.05252u
,,759.86k,23.95985u
,,759.88k,23.67159u
,,759.9k,23.10503u
,,759.92k,23.795u
,,759.94k,24.87465u
,,759.96k,24.5358u
,,759.98k,23.65573u
,,760k,24.24748u
,,760.02k,24.73757u
,,760.04k,22.89243u
,,760.06k,19.86207u
,,760.08k,18.15521u
,,760.1k,19.68347u
,,760.12k,23.71239u
,,760.14k,24.72882u
,,760.16k,21.8547u
,,760.18k,20.70065u
,,760.2k,22.78281u
,,760.22k,23.54681u
,,760.24k,19.99584u
,,760.26k,16.8776u
,,760.28k,19.4281u
,,760.3k,23.31069u
,,760.32k,22.48992u
,,760.34k,20.16938u
,,760.36k,20.59365u
,,760.38k,23.11006u
,,760.4k,26.44447u
,,760.42k,28.32765u
,,760.44k,27.60006u
,,760.46k,25.03601u
,,760.48k,22.9108u
,,760.5k,21.73755u
,,760.52k,20.6745u
,,760.54k,21.07041u
,,760.56k,22.51738u
,,760.58k,24.18969u
,,760.6k,24.66678u
,,760.62k,25.36448u
,,760.64k,26.48243u
,,760.66k,24.71371u
,,760.68k,21.02443u
,,760.7k,21.05738u
,,760.72k,22.76913u
,,760.74k,22.11508u
,,760.76k,21.51269u
,,760.78k,22.14118u
,,760.8k,22.2666u
,,760.82k,19.22671u
,,760.84k,14.72884u
,,760.86k,15.43826u
,,760.88k,18.53256u
,,760.9k,18.51068u
,,760.92k,19.31632u
,,760.94k,22.60158u
,,760.96k,23.77274u
,,760.98k,22.26197u
,,761k,19.89637u
,,761.02k,18.66719u
,,761.04k,19.88378u
,,761.06k,19.97202u
,,761.08k,16.92788u
,,761.1k,14.36806u
,,761.12k,14.94936u
,,761.14k,18.2731u
,,761.16k,20.80462u
,,761.18k,21.02678u
,,761.2k,21.47767u
,,761.22k,22.13354u
,,761.24k,20.82023u
,,761.26k,18.42297u
,,761.28k,17.21173u
,,761.3k,16.76449u
,,761.32k,16.32771u
,,761.34k,17.24593u
,,761.36k,19.27658u
,,761.38k,20.65824u
,,761.4k,19.63383u
,,761.42k,18.19669u
,,761.44k,19.44409u
,,761.46k,21.46939u
,,761.48k,21.80319u
,,761.5k,21.662u
,,761.52k,21.12065u
,,761.54k,19.40215u
,,761.56k,18.82094u
,,761.58k,18.56715u
,,761.6k,16.59555u
,,761.62k,16.67553u
,,761.64k,19.20406u
,,761.66k,21.78427u
,,761.68k,23.18927u
,,761.7k,22.20338u
,,761.72k,20.2124u
,,761.74k,18.5796u
,,761.76k,17.96226u
,,761.78k,17.46886u
,,761.8k,17.47053u
,,761.82k,18.53233u
,,761.84k,19.22666u
,,761.86k,18.8601u
,,761.88k,19.19952u
,,761.9k,20.55079u
,,761.92k,21.38474u
,,761.94k,20.02503u
,,761.96k,17.21018u
,,761.98k,17.65928u
,,762k,20.39234u
,,762.02k,19.67577u
,,762.04k,17.68924u
,,762.06k,17.30362u
,,762.08k,17.73355u
,,762.1k,17.61987u
,,762.12k,17.28668u
,,762.14k,17.34997u
,,762.16k,16.32609u
,,762.18k,15.56277u
,,762.2k,16.63248u
,,762.22k,16.78821u
,,762.24k,15.39614u
,,762.26k,13.79182u
,,762.28k,13.2553u
,,762.3k,13.26426u
,,762.32k,14.65584u
,,762.34k,16.26739u
,,762.36k,15.92896u
,,762.38k,16.04734u
,,762.4k,15.49839u
,,762.42k,13.80418u
,,762.44k,13.88336u
,,762.46k,15.37112u
,,762.48k,14.67327u
,,762.5k,13.12571u
,,762.52k,14.08663u
,,762.54k,15.7621u
,,762.56k,16.51274u
,,762.58k,15.70577u
,,762.6k,14.22033u
,,762.62k,12.73884u
,,762.64k,11.20399u
,,762.66k,10.94497u
,,762.68k,10.95089u
,,762.7k,10.66515u
,,762.72k,12.03545u
,,762.74k,14.44704u
,,762.76k,15.31848u
,,762.78k,14.08782u
,,762.8k,13.16671u
,,762.82k,14.30984u
,,762.84k,16.0058u
,,762.86k,18.55627u
,,762.88k,18.95623u
,,762.9k,16.22524u
,,762.92k,14.94717u
,,762.94k,16.20322u
,,762.96k,16.0307u
,,762.98k,14.57181u
,,763k,13.33995u
,,763.02k,13.75409u
,,763.04k,14.582u
,,763.06k,13.54255u
,,763.08k,14.89799u
,,763.1k,16.50395u
,,763.12k,14.64674u
,,763.14k,14.09265u
,,763.16k,16.07271u
,,763.18k,15.52696u
,,763.2k,14.08671u
,,763.22k,14.94269u
,,763.24k,16.74031u
,,763.26k,18.44246u
,,763.28k,18.52002u
,,763.3k,16.48918u
,,763.32k,15.00697u
,,763.34k,15.82057u
,,763.36k,15.93057u
,,763.38k,14.02837u
,,763.4k,12.79388u
,,763.42k,13.73674u
,,763.44k,14.31363u
,,763.46k,14.49255u
,,763.48k,14.83547u
,,763.5k,15.30399u
,,763.52k,15.51932u
,,763.54k,13.68074u
,,763.56k,10.92366u
,,763.58k,7.980815u
,,763.6k,7.31192u
,,763.62k,7.839826u
,,763.64k,10.32287u
,,763.66k,13.65504u
,,763.68k,16.388u
,,763.7k,16.21946u
,,763.72k,12.4964u
,,763.74k,9.294147u
,,763.76k,9.297231u
,,763.78k,11.19164u
,,763.8k,12.31196u
,,763.82k,12.19503u
,,763.84k,12.85065u
,,763.86k,13.48578u
,,763.88k,11.61471u
,,763.9k,8.873838u
,,763.92k,8.898807u
,,763.94k,9.307852u
,,763.96k,8.284171u
,,763.98k,9.127578u
,,764k,11.16268u
,,764.02k,11.74066u
,,764.04k,12.11395u
,,764.06k,12.28748u
,,764.08k,11.42939u
,,764.1k,8.952356u
,,764.12k,6.952769u
,,764.14k,7.56659u
,,764.16k,10.75133u
,,764.18k,14.31705u
,,764.2k,16.5428u
,,764.22k,17.75134u
,,764.24k,17.13155u
,,764.26k,13.69133u
,,764.28k,9.419446u
,,764.3k,8.935704u
,,764.32k,12.49375u
,,764.34k,14.9017u
,,764.36k,14.16422u
,,764.38k,13.44172u
,,764.4k,13.62509u
,,764.42k,12.42453u
,,764.44k,10.00497u
,,764.46k,8.350202u
,,764.48k,8.81243u
,,764.5k,10.52352u
,,764.52k,11.60285u
,,764.54k,9.702536u
,,764.56k,8.173713u
,,764.58k,8.758462u
,,764.6k,8.382568u
,,764.62k,7.276614u
,,764.64k,9.292276u
,,764.66k,12.67206u
,,764.68k,13.31335u
,,764.7k,12.81152u
,,764.72k,12.59919u
,,764.74k,11.46044u
,,764.76k,10.3348u
,,764.78k,11.64918u
,,764.8k,13.72533u
,,764.82k,13.42153u
,,764.84k,11.56571u
,,764.86k,8.801115u
,,764.88k,6.123785u
,,764.9k,6.252656u
,,764.92k,8.266014u
,,764.94k,9.877789u
,,764.96k,9.727447u
,,764.98k,9.100609u
,,765k,7.618727u
,,765.02k,6.250404u
,,765.04k,6.006806u
,,765.06k,7.266589u
,,765.08k,8.517688u
,,765.1k,10.05124u
,,765.12k,11.94993u
,,765.14k,12.19858u
,,765.16k,11.04855u
,,765.18k,10.00459u
,,765.2k,8.937301u
,,765.22k,7.767829u
,,765.24k,9.149215u
,,765.26k,10.31881u
,,765.28k,8.635683u
,,765.3k,7.448461u
,,765.32k,7.549544u
,,765.34k,7.655557u
,,765.36k,8.812467u
,,765.38k,10.20967u
,,765.4k,9.343917u
,,765.42k,8.465968u
,,765.44k,10.68812u
,,765.46k,12.63565u
,,765.48k,11.63454u
,,765.5k,10.17986u
,,765.52k,9.787999u
,,765.54k,9.57013u
,,765.56k,8.980273u
,,765.58k,8.71871u
,,765.6k,7.997114u
,,765.62k,5.441707u
,,765.64k,4.085538u
,,765.66k,6.317871u
,,765.68k,6.678005u
,,765.7k,8.861631u
,,765.72k,12.8692u
,,765.74k,12.32467u
,,765.76k,8.471616u
,,765.78k,7.095459u
,,765.8k,7.218884u
,,765.82k,5.748103u
,,765.84k,5.362088u
,,765.86k,6.91377u
,,765.88k,7.790874u
,,765.9k,7.940773u
,,765.92k,7.896349u
,,765.94k,8.009751u
,,765.96k,7.981617u
,,765.98k,5.923607u
,,766k,4.877284u
,,766.02k,6.461774u
,,766.04k,8.065933u
,,766.06k,8.786253u
,,766.08k,7.721708u
,,766.1k,5.792442u
,,766.12k,5.248121u
,,766.14k,7.152887u
,,766.16k,9.635453u
,,766.18k,10.88127u
,,766.2k,10.53349u
,,766.22k,9.683918u
,,766.24k,8.45707u
,,766.26k,8.910879u
,,766.28k,10.35174u
,,766.3k,9.711843u
,,766.32k,8.776727u
,,766.34k,9.565424u
,,766.36k,9.419197u
,,766.38k,7.087383u
,,766.4k,4.551067u
,,766.42k,3.607189u
,,766.44k,5.893479u
,,766.46k,9.024619u
,,766.48k,10.38868u
,,766.5k,6.979795u
,,766.52k,4.027207u
,,766.54k,5.100717u
,,766.56k,5.158474u
,,766.58k,3.163704u
,,766.6k,4.034153u
,,766.62k,6.390784u
,,766.64k,7.319722u
,,766.66k,9.236179u
,,766.68k,10.38282u
,,766.7k,7.958771u
,,766.72k,6.103489u
,,766.74k,9.058059u
,,766.76k,11.61235u
,,766.78k,11.08177u
,,766.8k,10.05925u
,,766.82k,9.750963u
,,766.84k,10.14641u
,,766.86k,11.00308u
,,766.88k,10.64183u
,,766.9k,8.541978u
,,766.92k,5.712494u
,,766.94k,5.352774u
,,766.96k,5.031276u
,,766.98k,4.025553u
,,767k,7.939226u
,,767.02k,13.02959u
,,767.04k,12.7259u
,,767.06k,7.611539u
,,767.08k,4.393675u
,,767.1k,4.923648u
,,767.12k,6.504288u
,,767.14k,6.667459u
,,767.16k,6.104281u
,,767.18k,5.950235u
,,767.2k,6.224476u
,,767.22k,6.697693u
,,767.24k,7.018918u
,,767.26k,8.138499u
,,767.28k,8.221594u
,,767.3k,7.961923u
,,767.32k,8.925309u
,,767.34k,9.256592u
,,767.36k,9.180705u
,,767.38k,10.07456u
,,767.4k,9.162147u
,,767.42k,6.121771u
,,767.44k,4.021964u
,,767.46k,4.489798u
,,767.48k,5.003435u
,,767.5k,5.984707u
,,767.52k,4.619425u
,,767.54k,4.355799u
,,767.56k,4.604894u
,,767.58k,5.670312u
,,767.6k,8.849978u
,,767.62k,9.860867u
,,767.64k,8.116717u
,,767.66k,6.946377u
,,767.68k,6.725467u
,,767.7k,7.184849u
,,767.72k,7.770951u
,,767.74k,8.669691u
,,767.76k,9.099485u
,,767.78k,8.861548u
,,767.8k,9.222714u
,,767.82k,6.432916u
,,767.84k,2.159811u
,,767.86k,2.076996u
,,767.88k,2.820174u
,,767.9k,4.278243u
,,767.92k,6.634697u
,,767.94k,8.231451u
,,767.96k,9.847965u
,,767.98k,10.50616u
,,768k,8.965003u
,,768.02k,6.304415u
,,768.04k,4.436065u
,,768.06k,4.232536u
,,768.08k,5.099712u
,,768.1k,6.197331u
,,768.12k,5.564872u
,,768.14k,5.109421u
,,768.16k,6.619574u
,,768.18k,8.060149u
,,768.2k,9.39542u
,,768.22k,9.906439u
,,768.24k,7.900521u
,,768.26k,6.495812u
,,768.28k,6.005611u
,,768.3k,3.172163u
,,768.32k,2.48642u
,,768.34k,2.980364u
,,768.36k,953.023n
,,768.38k,2.940077u
,,768.4k,3.607092u
,,768.42k,4.326214u
,,768.44k,5.852518u
,,768.46k,8.149226u
,,768.48k,9.6619u
,,768.5k,9.0752u
,,768.52k,7.437074u
,,768.54k,6.28427u
,,768.56k,5.409133u
,,768.58k,5.742562u
,,768.6k,6.809095u
,,768.62k,6.205571u
,,768.64k,4.850434u
,,768.66k,5.008202u
,,768.68k,4.27635u
,,768.7k,2.0814u
,,768.72k,1.545061u
,,768.74k,719.7381n
,,768.76k,3.530899u
,,768.78k,3.161941u
,,768.8k,926.3894n
,,768.82k,1.732433u
,,768.84k,4.195234u
,,768.86k,5.298297u
,,768.88k,5.032173u
,,768.9k,5.084275u
,,768.92k,5.128225u
,,768.94k,3.983021u
,,768.96k,3.017086u
,,768.98k,2.90474u
,,769k,2.42576u
,,769.02k,2.226995u
,,769.04k,4.026995u
,,769.06k,4.898851u
,,769.08k,3.195746u
,,769.1k,2.916823u
,,769.12k,5.039505u
,,769.14k,7.411451u
,,769.16k,6.165805u
,,769.18k,4.35672u
,,769.2k,3.906206u
,,769.22k,2.982548u
,,769.24k,2.334072u
,,769.26k,1.283472u
,,769.28k,845.5415n
,,769.3k,583.4278n
,,769.32k,2.799944u
,,769.34k,2.880375u
,,769.36k,5.173506u
,,769.38k,5.362844u
,,769.4k,4.676114u
,,769.42k,6.285367u
,,769.44k,5.876413u
,,769.46k,5.038152u
,,769.48k,5.519024u
,,769.5k,7.852139u
,,769.52k,9.202315u
,,769.54k,6.389019u
,,769.56k,2.410318u
,,769.58k,2.349187u
,,769.6k,3.213632u
,,769.62k,4.011925u
,,769.64k,5.79624u
,,769.66k,7.629105u
,,769.68k,6.633501u
,,769.7k,4.607888u
,,769.72k,4.181193u
,,769.74k,3.67399u
,,769.76k,2.691271u
,,769.78k,2.638005u
,,769.8k,4.817849u
,,769.82k,5.333541u
,,769.84k,2.530611u
,,769.86k,3.633003u
,,769.88k,5.90503u
,,769.9k,5.500067u
,,769.92k,1.69193u
,,769.94k,796.2752n
,,769.96k,4.055795u
,,769.98k,5.746193u
,,770k,3.842567u
,,770.02k,568.3827n
,,770.04k,1.6182u
,,770.06k,443.6608n
,,770.08k,1.827973u
,,770.1k,1.873303u
,,770.12k,1.339356u
,,770.14k,4.111657u
,,770.16k,3.500434u
,,770.18k,2.486258u
,,770.2k,3.901142u
,,770.22k,6.152742u
,,770.24k,6.6325u
,,770.26k,5.411084u
,,770.28k,4.206387u
,,770.3k,1.765679u
,,770.32k,2.251479u
,,770.34k,3.389486u
,,770.36k,2.682315u
,,770.38k,2.075936u
,,770.4k,4.36086u
,,770.42k,4.1243u
,,770.44k,2.720578u
,,770.46k,5.701579u
,,770.48k,5.758952u
,,770.5k,2.166798u
,,770.52k,697.9744n
,,770.54k,3.327396u
,,770.56k,5.935333u
,,770.58k,6.825783u
,,770.6k,5.429458u
,,770.62k,4.129744u
,,770.64k,6.083151u
,,770.66k,5.981574u
,,770.68k,2.592217u
,,770.7k,3.534541u
,,770.72k,2.190245u
,,770.74k,3.294975u
,,770.76k,5.435017u
,,770.78k,6.58457u
,,770.8k,7.137959u
,,770.82k,5.018502u
,,770.84k,4.194216u
,,770.86k,3.717067u
,,770.88k,1.735409u
,,770.9k,3.10587u
,,770.92k,4.4043u
,,770.94k,3.505574u
,,770.96k,3.940543u
,,770.98k,4.457892u
,,771k,2.857672u
,,771.02k,1.641744u
,,771.04k,2.165204u
,,771.06k,2.162479u
,,771.08k,2.15078u
,,771.1k,2.544081u
,,771.12k,3.556056u
,,771.14k,6.567737u
,,771.16k,6.643546u
,,771.18k,4.816925u
,,771.2k,2.2483u
,,771.22k,672.6012n
,,771.24k,1.336274u
,,771.26k,1.479027u
,,771.28k,2.319495u
,,771.3k,5.044997u
,,771.32k,6.779612u
,,771.34k,5.316972u
,,771.36k,2.234189u
,,771.38k,1.17338u
,,771.4k,984.2584n
,,771.42k,4.673379u
,,771.44k,8.948497u
,,771.46k,10.19771u
,,771.48k,10.00621u
,,771.5k,6.842452u
,,771.52k,1.054592u
,,771.54k,4.563568u
,,771.56k,6.306649u
,,771.58k,3.877074u
,,771.6k,1.42918u
,,771.62k,5.531805u
,,771.64k,5.460408u
,,771.66k,2.388538u
,,771.68k,2.711268u
,,771.7k,163.7159n
,,771.72k,4.011229u
,,771.74k,6.268502u
,,771.76k,5.977704u
,,771.78k,6.213238u
,,771.8k,6.565563u
,,771.82k,5.755118u
,,771.84k,3.922574u
,,771.86k,1.917197u
,,771.88k,3.108762u
,,771.9k,910.4557n
,,771.92k,3.805887u
,,771.94k,4.484244u
,,771.96k,5.011307u
,,771.98k,7.607911u
,,772k,8.674269u
,,772.02k,6.779519u
,,772.04k,5.040314u
,,772.06k,3.015468u
,,772.08k,928.4886n
,,772.1k,2.495942u
,,772.12k,7.073285u
,,772.14k,8.115978u
,,772.16k,6.323877u
,,772.18k,5.720005u
,,772.2k,5.837577u
,,772.22k,5.158543u
,,772.24k,4.02943u
,,772.26k,3.448651u
,,772.28k,2.396869u
,,772.3k,1.892757u
,,772.32k,2.17559u
,,772.34k,1.420058u
,,772.36k,446.2657n
,,772.38k,1.645075u
,,772.4k,938.1746n
,,772.42k,2.218407u
,,772.44k,2.703743u
,,772.46k,721.0944n
,,772.48k,2.014901u
,,772.5k,4.708426u
,,772.52k,5.031916u
,,772.54k,2.868233u
,,772.56k,4.046133u
,,772.58k,6.488385u
,,772.6k,5.276214u
,,772.62k,3.358198u
,,772.64k,2.518313u
,,772.66k,4.115276u
,,772.68k,5.428669u
,,772.7k,4.420731u
,,772.72k,2.763064u
,,772.74k,2.954827u
,,772.76k,6.023902u
,,772.78k,8.391376u
,,772.8k,6.23341u
,,772.82k,3.954948u
,,772.84k,4.067115u
,,772.86k,4.964582u
,,772.88k,6.560265u
,,772.9k,6.627745u
,,772.92k,4.204558u
,,772.94k,432.564n
,,772.96k,2.463212u
,,772.98k,2.049224u
,,773k,1.723057u
,,773.02k,3.674144u
,,773.04k,5.782492u
,,773.06k,5.972795u
,,773.08k,5.282887u
,,773.1k,4.869522u
,,773.12k,4.743613u
,,773.14k,3.085501u
,,773.16k,555.0204n
,,773.18k,901.6653n
,,773.2k,1.178135u
,,773.22k,712.915n
,,773.24k,2.940301u
,,773.26k,3.644534u
,,773.28k,4.0081u
,,773.3k,3.022157u
,,773.32k,2.047964u
,,773.34k,803.0703n
,,773.36k,3.148252u
,,773.38k,2.675297u
,,773.4k,2.134305u
,,773.42k,3.442413u
,,773.44k,3.10534u
,,773.46k,2.180061u
,,773.48k,2.295161u
,,773.5k,1.792533u
,,773.52k,1.500377u
,,773.54k,2.276362u
,,773.56k,2.133869u
,,773.58k,3.528286u
,,773.6k,3.812318u
,,773.62k,2.573076u
,,773.64k,3.625958u
,,773.66k,5.512247u
,,773.68k,3.585461u
,,773.7k,1.712591u
,,773.72k,2.127549u
,,773.74k,3.042729u
,,773.76k,5.382609u
,,773.78k,8.587001u
,,773.8k,10.62611u
,,773.82k,8.351086u
,,773.84k,3.53147u
,,773.86k,1.030603u
,,773.88k,2.241547u
,,773.9k,6.921403u
,,773.92k,7.220744u
,,773.94k,3.610768u
,,773.96k,478.6165n
,,773.98k,1.619358u
,,774k,1.510232u
,,774.02k,1.432498u
,,774.04k,2.35333u
,,774.06k,3.901062u
,,774.08k,5.45222u
,,774.1k,5.251071u
,,774.12k,3.721402u
,,774.14k,4.412743u
,,774.16k,4.813065u
,,774.18k,4.729861u
,,774.2k,3.118876u
,,774.22k,1.797911u
,,774.24k,5.29679u
,,774.26k,3.652949u
,,774.28k,1.035735u
,,774.3k,3.281089u
,,774.32k,1.978553u
,,774.34k,1.972531u
,,774.36k,3.398989u
,,774.38k,4.388715u
,,774.4k,4.941194u
,,774.42k,4.873013u
,,774.44k,6.210893u
,,774.46k,5.260207u
,,774.48k,2.456969u
,,774.5k,3.234666u
,,774.52k,6.224681u
,,774.54k,7.121156u
,,774.56k,4.01609u
,,774.58k,1.792591u
,,774.6k,2.399903u
,,774.62k,2.980518u
,,774.64k,2.240004u
,,774.66k,544.3987n
,,774.68k,957.4901n
,,774.7k,2.245229u
,,774.72k,4.445497u
,,774.74k,2.669528u
,,774.76k,1.732391u
,,774.78k,2.704761u
,,774.8k,4.367411u
,,774.82k,5.581077u
,,774.84k,6.237023u
,,774.86k,4.880914u
,,774.88k,3.649839u
,,774.9k,4.607583u
,,774.92k,4.91346u
,,774.94k,3.69959u
,,774.96k,3.006385u
,,774.98k,4.258724u
,,775k,6.085138u
,,775.02k,7.255047u
,,775.04k,8.344148u
,,775.06k,8.427131u
,,775.08k,5.82142u
,,775.1k,3.461991u
,,775.12k,4.171467u
,,775.14k,5.688414u
,,775.16k,5.983555u
,,775.18k,4.87766u
,,775.2k,4.435555u
,,775.22k,5.233981u
,,775.24k,8.811523u
,,775.26k,9.820327u
,,775.28k,7.983483u
,,775.3k,6.55897u
,,775.32k,4.409342u
,,775.34k,2.367306u
,,775.36k,858.6726n
,,775.38k,4.134481u
,,775.4k,5.317773u
,,775.42k,3.420727u
,,775.44k,2.165989u
,,775.46k,3.438994u
,,775.48k,4.162384u
,,775.5k,4.346595u
,,775.52k,4.974637u
,,775.54k,7.873302u
,,775.56k,8.037398u
,,775.58k,8.016692u
,,775.6k,7.922786u
,,775.62k,6.403757u
,,775.64k,5.052683u
,,775.66k,5.09472u
,,775.68k,4.709598u
,,775.7k,6.271638u
,,775.72k,8.701242u
,,775.74k,8.286764u
,,775.76k,5.685302u
,,775.78k,5.426729u
,,775.8k,7.491024u
,,775.82k,9.012644u
,,775.84k,9.567354u
,,775.86k,8.813211u
,,775.88k,6.763818u
,,775.9k,5.713543u
,,775.92k,7.545376u
,,775.94k,9.99221u
,,775.96k,8.798609u
,,775.98k,6.378165u
,,776k,4.906136u
,,776.02k,4.585942u
,,776.04k,5.91714u
,,776.06k,7.638717u
,,776.08k,8.535467u
,,776.1k,7.396283u
,,776.12k,3.974747u
,,776.14k,2.862634u
,,776.16k,5.934373u
,,776.18k,8.907493u
,,776.2k,10.54329u
,,776.22k,11.1873u
,,776.24k,10.81842u
,,776.26k,9.664466u
,,776.28k,6.196656u
,,776.3k,4.365268u
,,776.32k,7.035414u
,,776.34k,9.627836u
,,776.36k,9.102959u
,,776.38k,6.553939u
,,776.4k,3.789229u
,,776.42k,2.77842u
,,776.44k,2.946222u
,,776.46k,3.73524u
,,776.48k,5.71721u
,,776.5k,7.00938u
,,776.52k,7.43365u
,,776.54k,5.648395u
,,776.56k,4.984247u
,,776.58k,6.53981u
,,776.6k,6.486656u
,,776.62k,5.886274u
,,776.64k,6.514045u
,,776.66k,6.275123u
,,776.68k,5.826908u
,,776.7k,7.120919u
,,776.72k,9.265115u
,,776.74k,9.143343u
,,776.76k,7.955662u
,,776.78k,8.876122u
,,776.8k,10.9256u
,,776.82k,11.46946u
,,776.84k,10.04692u
,,776.86k,8.802686u
,,776.88k,8.336137u
,,776.9k,6.914763u
,,776.92k,5.48463u
,,776.94k,5.028634u
,,776.96k,4.765892u
,,776.98k,5.846135u
,,777k,7.391406u
,,777.02k,7.633094u
,,777.04k,7.706623u
,,777.06k,8.315031u
,,777.08k,8.985085u
,,777.1k,9.149329u
,,777.12k,9.366895u
,,777.14k,9.297565u
,,777.16k,8.716947u
,,777.18k,7.91409u
,,777.2k,7.552051u
,,777.22k,8.201521u
,,777.24k,8.053766u
,,777.26k,6.269186u
,,777.28k,4.697858u
,,777.3k,3.677357u
,,777.32k,4.082443u
,,777.34k,6.467453u
,,777.36k,9.516693u
,,777.38k,10.45353u
,,777.4k,8.850539u
,,777.42k,8.286178u
,,777.44k,9.657425u
,,777.46k,10.55379u
,,777.48k,9.677299u
,,777.5k,5.235956u
,,777.52k,1.950708u
,,777.54k,4.740971u
,,777.56k,8.896942u
,,777.58k,12.20611u
,,777.6k,15.26475u
,,777.62k,15.01663u
,,777.64k,12.5592u
,,777.66k,9.941544u
,,777.68k,7.83854u
,,777.7k,7.466504u
,,777.72k,6.654343u
,,777.74k,3.2271u
,,777.76k,1.427635u
,,777.78k,3.203769u
,,777.8k,6.042337u
,,777.82k,7.701986u
,,777.84k,8.671021u
,,777.86k,9.904472u
,,777.88k,10.09887u
,,777.9k,9.819571u
,,777.92k,10.17406u
,,777.94k,10.22159u
,,777.96k,9.173683u
,,777.98k,8.796916u
,,778k,10.05721u
,,778.02k,11.10907u
,,778.04k,11.30592u
,,778.06k,11.55985u
,,778.08k,11.9765u
,,778.1k,11.49662u
,,778.12k,9.64169u
,,778.14k,8.284693u
,,778.16k,7.978291u
,,778.18k,6.419893u
,,778.2k,4.886712u
,,778.22k,4.888741u
,,778.24k,4.592303u
,,778.26k,5.84502u
,,778.28k,8.156403u
,,778.3k,8.864276u
,,778.32k,8.347628u
,,778.34k,8.466189u
,,778.36k,8.703964u
,,778.38k,6.041862u
,,778.4k,5.039923u
,,778.42k,9.312339u
,,778.44k,13.11829u
,,778.46k,12.7045u
,,778.48k,8.354733u
,,778.5k,6.152854u
,,778.52k,7.942336u
,,778.54k,9.553364u
,,778.56k,10.13911u
,,778.58k,11.4376u
,,778.6k,10.49051u
,,778.62k,7.086486u
,,778.64k,6.222585u
,,778.66k,7.640887u
,,778.68k,8.036147u
,,778.7k,9.017459u
,,778.72k,10.00164u
,,778.74k,10.31574u
,,778.76k,10.35398u
,,778.78k,10.71339u
,,778.8k,9.398984u
,,778.82k,6.310188u
,,778.84k,5.786637u
,,778.86k,6.264331u
,,778.88k,5.538156u
,,778.9k,5.968056u
,,778.92k,8.75592u
,,778.94k,10.79846u
,,778.96k,10.33949u
,,778.98k,10.90374u
,,779k,12.42513u
,,779.02k,13.30536u
,,779.04k,12.05663u
,,779.06k,8.373518u
,,779.08k,7.465246u
,,779.1k,10.61321u
,,779.12k,11.64992u
,,779.14k,10.35988u
,,779.16k,9.769152u
,,779.18k,11.91197u
,,779.2k,15.33949u
,,779.22k,16.9489u
,,779.24k,16.38275u
,,779.26k,13.32998u
,,779.28k,9.747691u
,,779.3k,8.877093u
,,779.32k,8.834003u
,,779.34k,9.022697u
,,779.36k,9.310365u
,,779.38k,8.538982u
,,779.4k,6.98596u
,,779.42k,5.621074u
,,779.44k,6.054155u
,,779.46k,6.537444u
,,779.48k,5.714722u
,,779.5k,6.336352u
,,779.52k,8.18108u
,,779.54k,9.100981u
,,779.56k,9.492253u
,,779.58k,10.09907u
,,779.6k,11.39275u
,,779.62k,12.44296u
,,779.64k,12.59081u
,,779.66k,12.42343u
,,779.68k,11.16689u
,,779.7k,9.914667u
,,779.72k,10.16804u
,,779.74k,10.52797u
,,779.76k,9.600557u
,,779.78k,8.76595u
,,779.8k,10.20386u
,,779.82k,12.18301u
,,779.84k,11.88138u
,,779.86k,10.37462u
,,779.88k,10.07271u
,,779.9k,9.635076u
,,779.92k,8.848976u
,,779.94k,8.745757u
,,779.96k,7.479661u
,,779.98k,6.409046u
,,780k,6.774306u
,,780.02k,8.205558u
,,780.04k,10.70718u
,,780.06k,13.50494u
,,780.08k,15.98374u
,,780.1k,16.57493u
,,780.12k,14.62379u
,,780.14k,11.09818u
,,780.16k,7.648805u
,,780.18k,6.645229u
,,780.2k,6.743717u
,,780.22k,8.614968u
,,780.24k,10.33316u
,,780.26k,9.719974u
,,780.28k,10.57912u
,,780.3k,13.07387u
,,780.32k,14.27709u
,,780.34k,15.27442u
,,780.36k,14.22986u
,,780.38k,10.3487u
,,780.4k,8.277707u
,,780.42k,8.787195u
,,780.44k,8.423074u
,,780.46k,6.851792u
,,780.48k,7.813631u
,,780.5k,10.45095u
,,780.52k,12.27224u
,,780.54k,12.38627u
,,780.56k,11.53758u
,,780.58k,10.67258u
,,780.6k,10.01944u
,,780.62k,9.445959u
,,780.64k,8.126311u
,,780.66k,6.164638u
,,780.68k,6.742029u
,,780.7k,10.34106u
,,780.72k,13.14522u
,,780.74k,14.45151u
,,780.76k,14.90108u
,,780.78k,13.82145u
,,780.8k,12.80817u
,,780.82k,12.69324u
,,780.84k,12.87093u
,,780.86k,13.30928u
,,780.88k,13.60449u
,,780.9k,13.31185u
,,780.92k,13.58788u
,,780.94k,14.15481u
,,780.96k,13.92328u
,,780.98k,13.14258u
,,781k,12.76224u
,,781.02k,12.63829u
,,781.04k,12.76738u
,,781.06k,12.97233u
,,781.08k,12.33625u
,,781.1k,11.48494u
,,781.12k,11.52385u
,,781.14k,12.46714u
,,781.16k,12.72975u
,,781.18k,12.05701u
,,781.2k,11.99056u
,,781.22k,13.25967u
,,781.24k,14.28154u
,,781.26k,13.73688u
,,781.28k,13.10677u
,,781.3k,13.66462u
,,781.32k,15.02536u
,,781.34k,15.3083u
,,781.36k,13.42486u
,,781.38k,11.07485u
,,781.4k,9.250899u
,,781.42k,7.041598u
,,781.44k,4.954758u
,,781.46k,3.668304u
,,781.48k,3.453852u
,,781.5k,7.052265u
,,781.52k,9.631547u
,,781.54k,8.776153u
,,781.56k,7.365393u
,,781.58k,6.236285u
,,781.6k,6.776932u
,,781.62k,9.813931u
,,781.64k,11.38868u
,,781.66k,9.588054u
,,781.68k,8.620904u
,,781.7k,9.473469u
,,781.72k,9.18712u
,,781.74k,9.308208u
,,781.76k,9.616205u
,,781.78k,9.906155u
,,781.8k,10.34479u
,,781.82k,11.25166u
,,781.84k,12.03626u
,,781.86k,12.12866u
,,781.88k,11.69756u
,,781.9k,10.84953u
,,781.92k,10.27484u
,,781.94k,9.601518u
,,781.96k,8.90971u
,,781.98k,8.487444u
,,782k,8.145955u
,,782.02k,8.152832u
,,782.04k,8.135147u
,,782.06k,7.110975u
,,782.08k,5.30371u
,,782.1k,4.502595u
,,782.12k,5.645522u
,,782.14k,6.939382u
,,782.16k,7.351599u
,,782.18k,7.267395u
,,782.2k,6.941132u
,,782.22k,6.855631u
,,782.24k,7.431792u
,,782.26k,6.838565u
,,782.28k,4.336581u
,,782.3k,4.380305u
,,782.32k,5.498008u
,,782.34k,5.275637u
,,782.36k,6.040066u
,,782.38k,7.423911u
,,782.4k,8.144358u
,,782.42k,8.762233u
,,782.44k,9.632442u
,,782.46k,11.2296u
,,782.48k,13.65026u
,,782.5k,13.34214u
,,782.52k,9.270575u
,,782.54k,4.58027u
,,782.56k,2.976243u
,,782.58k,4.045054u
,,782.6k,6.585196u
,,782.62k,6.662844u
,,782.64k,5.793982u
,,782.66k,6.302181u
,,782.68k,8.112005u
,,782.7k,10.20595u
,,782.72k,11.83701u
,,782.74k,12.21838u
,,782.76k,12.00115u
,,782.78k,11.55724u
,,782.8k,10.34574u
,,782.82k,11.54059u
,,782.84k,12.92335u
,,782.86k,11.79253u
,,782.88k,8.561925u
,,782.9k,6.648425u
,,782.92k,7.507798u
,,782.94k,8.234552u
,,782.96k,7.785154u
,,782.98k,7.804287u
,,783k,6.458267u
,,783.02k,4.77751u
,,783.04k,7.523525u
,,783.06k,11.78073u
,,783.08k,11.41575u
,,783.1k,8.133947u
,,783.12k,6.315559u
,,783.14k,6.127997u
,,783.16k,7.57772u
,,783.18k,9.099125u
,,783.2k,9.163967u
,,783.22k,9.644108u
,,783.24k,9.117964u
,,783.26k,8.352429u
,,783.28k,9.654199u
,,783.3k,10.45537u
,,783.32k,11.48947u
,,783.34k,12.84364u
,,783.36k,12.63199u
,,783.38k,10.56029u
,,783.4k,8.025661u
,,783.42k,5.726248u
,,783.44k,5.74057u
,,783.46k,7.966743u
,,783.48k,8.720888u
,,783.5k,8.287028u
,,783.52k,8.2566u
,,783.54k,9.671733u
,,783.56k,12.42485u
,,783.58k,13.91622u
,,783.6k,12.03483u
,,783.62k,10.32871u
,,783.64k,10.71829u
,,783.66k,11.27135u
,,783.68k,10.92118u
,,783.7k,9.103568u
,,783.72k,6.740681u
,,783.74k,5.607873u
,,783.76k,6.144972u
,,783.78k,5.556511u
,,783.8k,3.208865u
,,783.82k,3.538561u
,,783.84k,4.534011u
,,783.86k,5.261744u
,,783.88k,8.086452u
,,783.9k,10.28757u
,,783.92k,10.95451u
,,783.94k,9.959997u
,,783.96k,6.631108u
,,783.98k,4.819187u
,,784k,4.276061u
,,784.02k,3.108005u
,,784.04k,2.978657u
,,784.06k,3.263595u
,,784.08k,4.123893u
,,784.1k,7.898272u
,,784.12k,9.217628u
,,784.14k,7.89005u
,,784.16k,8.153405u
,,784.18k,6.189857u
,,784.2k,4.492577u
,,784.22k,5.175778u
,,784.24k,6.781231u
,,784.26k,7.743464u
,,784.28k,7.833253u
,,784.3k,7.470309u
,,784.32k,6.600804u
,,784.34k,7.387171u
,,784.36k,7.942448u
,,784.38k,5.621415u
,,784.4k,3.727495u
,,784.42k,3.526978u
,,784.44k,3.728143u
,,784.46k,4.583328u
,,784.48k,3.808411u
,,784.5k,1.657581u
,,784.52k,2.353799u
,,784.54k,5.16619u
,,784.56k,8.084121u
,,784.58k,8.763116u
,,784.6k,7.958839u
,,784.62k,7.925758u
,,784.64k,7.010844u
,,784.66k,5.730733u
,,784.68k,5.684u
,,784.7k,4.313623u
,,784.72k,2.803651u
,,784.74k,3.987949u
,,784.76k,6.042016u
,,784.78k,6.693248u
,,784.8k,7.395505u
,,784.82k,9.081124u
,,784.84k,9.982341u
,,784.86k,9.456741u
,,784.88k,7.843254u
,,784.9k,6.626131u
,,784.92k,5.471292u
,,784.94k,5.815108u
,,784.96k,6.886581u
,,784.98k,6.01016u
,,785k,4.251357u
,,785.02k,4.75288u
,,785.04k,6.073856u
,,785.06k,6.538836u
,,785.08k,5.629548u
,,785.1k,5.291113u
,,785.12k,6.447584u
,,785.14k,7.632264u
,,785.16k,7.881553u
,,785.18k,6.998961u
,,785.2k,6.352597u
,,785.22k,7.773607u
,,785.24k,7.33053u
,,785.26k,6.323326u
,,785.28k,6.258266u
,,785.3k,6.073397u
,,785.32k,5.179213u
,,785.34k,5.312668u
,,785.36k,6.358026u
,,785.38k,6.66268u
,,785.4k,6.829054u
,,785.42k,5.818351u
,,785.44k,4.071331u
,,785.46k,5.964007u
,,785.48k,8.607375u
,,785.5k,7.426641u
,,785.52k,4.273555u
,,785.54k,1.912336u
,,785.56k,2.359315u
,,785.58k,3.196048u
,,785.6k,4.156761u
,,785.62k,6.434595u
,,785.64k,9.636887u
,,785.66k,11.11912u
,,785.68k,9.658589u
,,785.7k,8.485774u
,,785.72k,8.993795u
,,785.74k,10.73173u
,,785.76k,10.73032u
,,785.78k,8.492771u
,,785.8k,6.924102u
,,785.82k,6.41793u
,,785.84k,6.986069u
,,785.86k,6.384226u
,,785.88k,6.48967u
,,785.9k,8.044788u
,,785.92k,8.600661u
,,785.94k,6.542519u
,,785.96k,3.815414u
,,785.98k,5.920288u
,,786k,7.236525u
,,786.02k,6.343193u
,,786.04k,6.181209u
,,786.06k,6.321004u
,,786.08k,5.983791u
,,786.1k,8.240339u
,,786.12k,11.89319u
,,786.14k,12.30969u
,,786.16k,12.51903u
,,786.18k,13.75934u
,,786.2k,11.86954u
,,786.22k,7.372389u
,,786.24k,4.245323u
,,786.26k,5.580036u
,,786.28k,6.11789u
,,786.3k,5.874475u
,,786.32k,6.952131u
,,786.34k,8.665149u
,,786.36k,10.25413u
,,786.38k,9.28437u
,,786.4k,7.60958u
,,786.42k,8.049299u
,,786.44k,10.013u
,,786.46k,11.06898u
,,786.48k,10.80082u
,,786.5k,9.287258u
,,786.52k,7.835085u
,,786.54k,9.466486u
,,786.56k,12.93475u
,,786.58k,12.13626u
,,786.6k,9.934076u
,,786.62k,10.56353u
,,786.64k,12.51079u
,,786.66k,14.23935u
,,786.68k,13.86283u
,,786.7k,13.22476u
,,786.72k,14.55316u
,,786.74k,15.38261u
,,786.76k,14.27487u
,,786.78k,13.43249u
,,786.8k,11.73821u
,,786.82k,10.0511u
,,786.84k,7.820139u
,,786.86k,5.978299u
,,786.88k,8.191298u
,,786.9k,11.47379u
,,786.92k,11.89086u
,,786.94k,10.05047u
,,786.96k,9.128275u
,,786.98k,8.846763u
,,787k,10.70349u
,,787.02k,14.6233u
,,787.04k,17.52655u
,,787.06k,16.89257u
,,787.08k,13.07219u
,,787.1k,9.296198u
,,787.12k,8.076735u
,,787.14k,10.20983u
,,787.16k,11.56041u
,,787.18k,9.873294u
,,787.2k,8.489432u
,,787.22k,7.971685u
,,787.24k,9.028954u
,,787.26k,10.47317u
,,787.28k,11.23163u
,,787.3k,12.92526u
,,787.32k,13.85895u
,,787.34k,12.61363u
,,787.36k,10.96778u
,,787.38k,11.33319u
,,787.4k,12.33287u
,,787.42k,12.60035u
,,787.44k,13.93516u
,,787.46k,14.9777u
,,787.48k,15.43423u
,,787.5k,15.66045u
,,787.52k,14.62518u
,,787.54k,14.29143u
,,787.56k,14.78528u
,,787.58k,13.88607u
,,787.6k,12.81395u
,,787.62k,10.83806u
,,787.64k,9.759418u
,,787.66k,11.31121u
,,787.68k,13.81955u
,,787.7k,14.74696u
,,787.72k,14.72042u
,,787.74k,15.02121u
,,787.76k,14.69383u
,,787.78k,13.30316u
,,787.8k,12.24318u
,,787.82k,14.06261u
,,787.84k,15.44977u
,,787.86k,13.84429u
,,787.88k,12.92326u
,,787.9k,13.70607u
,,787.92k,14.59345u
,,787.94k,14.6574u
,,787.96k,14.96194u
,,787.98k,16.8829u
,,788k,17.7552u
,,788.02k,15.24593u
,,788.04k,12.50622u
,,788.06k,12.83213u
,,788.08k,13.44123u
,,788.1k,12.65319u
,,788.12k,12.42324u
,,788.14k,13.12385u
,,788.16k,12.99847u
,,788.18k,12.4343u
,,788.2k,12.44145u
,,788.22k,13.35696u
,,788.24k,14.03041u
,,788.26k,13.25065u
,,788.28k,11.50957u
,,788.3k,10.84184u
,,788.32k,12.12881u
,,788.34k,15.61415u
,,788.36k,18.54297u
,,788.38k,19.10665u
,,788.4k,17.32655u
,,788.42k,14.45327u
,,788.44k,11.85046u
,,788.46k,10.20676u
,,788.48k,10.04917u
,,788.5k,11.74675u
,,788.52k,12.79347u
,,788.54k,11.67968u
,,788.56k,10.45774u
,,788.58k,10.182u
,,788.6k,11.48741u
,,788.62k,14.87804u
,,788.64k,18.30942u
,,788.66k,17.8801u
,,788.68k,13.25245u
,,788.7k,9.999434u
,,788.72k,9.834353u
,,788.74k,10.65212u
,,788.76k,11.34999u
,,788.78k,11.33761u
,,788.8k,10.95688u
,,788.82k,11.53412u
,,788.84k,12.84574u
,,788.86k,13.53169u
,,788.88k,12.4848u
,,788.9k,10.4977u
,,788.92k,9.523253u
,,788.94k,10.22209u
,,788.96k,11.33593u
,,788.98k,11.08091u
,,789k,7.724162u
,,789.02k,5.814631u
,,789.04k,8.332789u
,,789.06k,12.002u
,,789.08k,15.01979u
,,789.1k,16.03122u
,,789.12k,15.13944u
,,789.14k,12.76818u
,,789.16k,10.1415u
,,789.18k,9.615652u
,,789.2k,10.70568u
,,789.22k,11.19028u
,,789.24k,12.00415u
,,789.26k,13.4025u
,,789.28k,13.57942u
,,789.3k,11.2305u
,,789.32k,8.80926u
,,789.34k,8.486792u
,,789.36k,7.422617u
,,789.38k,7.115649u
,,789.4k,9.082721u
,,789.42k,10.9068u
,,789.44k,13.34099u
,,789.46k,14.6058u
,,789.48k,12.90551u
,,789.5k,10.97038u
,,789.52k,12.86341u
,,789.54k,14.92401u
,,789.56k,13.20313u
,,789.58k,10.96238u
,,789.6k,11.5506u
,,789.62k,12.75239u
,,789.64k,10.82732u
,,789.66k,7.623207u
,,789.68k,7.356359u
,,789.7k,8.853751u
,,789.72k,9.19043u
,,789.74k,9.2804u
,,789.76k,8.245975u
,,789.78k,5.756734u
,,789.8k,5.271608u
,,789.82k,7.336007u
,,789.84k,10.25827u
,,789.86k,11.86796u
,,789.88k,12.31839u
,,789.9k,13.35023u
,,789.92k,15.26184u
,,789.94k,14.48829u
,,789.96k,10.52644u
,,789.98k,7.048904u
,,790k,7.944601u
,,790.02k,10.57207u
,,790.04k,11.19966u
,,790.06k,10.92972u
,,790.08k,11.38383u
,,790.1k,12.19253u
,,790.12k,12.04925u
,,790.14k,10.70774u
,,790.16k,8.922012u
,,790.18k,8.718375u
,,790.2k,9.955186u
,,790.22k,10.87517u
,,790.24k,10.59742u
,,790.26k,9.585981u
,,790.28k,8.342751u
,,790.3k,6.380669u
,,790.32k,4.213476u
,,790.34k,4.183657u
,,790.36k,5.824641u
,,790.38k,7.777854u
,,790.4k,9.275063u
,,790.42k,9.839584u
,,790.44k,10.70124u
,,790.46k,11.96725u
,,790.48k,11.16513u
,,790.5k,9.836331u
,,790.52k,10.13409u
,,790.54k,9.529365u
,,790.56k,8.61414u
,,790.58k,9.221763u
,,790.6k,10.48362u
,,790.62k,9.795273u
,,790.64k,8.869871u
,,790.66k,9.605969u
,,790.68k,9.643625u
,,790.7k,9.1887u
,,790.72k,9.940651u
,,790.74k,11.64575u
,,790.76k,11.94287u
,,790.78k,11.52786u
,,790.8k,11.14861u
,,790.82k,9.082012u
,,790.84k,8.198944u
,,790.86k,10.67227u
,,790.88k,11.14176u
,,790.9k,9.773946u
,,790.92k,9.406808u
,,790.94k,8.647512u
,,790.96k,7.84104u
,,790.98k,8.398544u
,,791k,8.460228u
,,791.02k,8.927671u
,,791.04k,9.301669u
,,791.06k,10.24647u
,,791.08k,11.39271u
,,791.1k,11.07084u
,,791.12k,10.41336u
,,791.14k,10.51359u
,,791.16k,9.028658u
,,791.18k,6.649364u
,,791.2k,8.017027u
,,791.22k,9.585521u
,,791.24k,8.488994u
,,791.26k,6.219784u
,,791.28k,4.937337u
,,791.3k,4.823672u
,,791.32k,6.977364u
,,791.34k,8.866564u
,,791.36k,7.304439u
,,791.38k,5.332102u
,,791.4k,5.219235u
,,791.42k,3.400428u
,,791.44k,3.816939u
,,791.46k,7.548687u
,,791.48k,9.882745u
,,791.5k,12.14536u
,,791.52k,13.70059u
,,791.54k,11.58145u
,,791.56k,8.963619u
,,791.58k,8.202963u
,,791.6k,8.643054u
,,791.62k,10.05575u
,,791.64k,10.4134u
,,791.66k,10.39417u
,,791.68k,10.60205u
,,791.7k,8.670194u
,,791.72k,7.382314u
,,791.74k,7.833274u
,,791.76k,7.70692u
,,791.78k,7.836208u
,,791.8k,8.395331u
,,791.82k,7.469493u
,,791.84k,7.094872u
,,791.86k,7.346959u
,,791.88k,7.972601u
,,791.9k,10.82841u
,,791.92k,11.87166u
,,791.94k,12.37617u
,,791.96k,14.17064u
,,791.98k,15.57548u
,,792k,14.22948u
,,792.02k,11.04502u
,,792.04k,9.432925u
,,792.06k,8.724392u
,,792.08k,7.882533u
,,792.1k,8.906563u
,,792.12k,10.38721u
,,792.14k,10.99014u
,,792.16k,10.45824u
,,792.18k,9.098652u
,,792.2k,9.463789u
,,792.22k,11.21156u
,,792.24k,11.66323u
,,792.26k,10.74613u
,,792.28k,9.856992u
,,792.3k,10.05019u
,,792.32k,11.49334u
,,792.34k,12.85872u
,,792.36k,13.08304u
,,792.38k,13.57812u
,,792.4k,14.4218u
,,792.42k,14.25678u
,,792.44k,14.32951u
,,792.46k,14.61739u
,,792.48k,13.67728u
,,792.5k,12.12373u
,,792.52k,11.08611u
,,792.54k,9.762139u
,,792.56k,7.014839u
,,792.58k,4.562573u
,,792.6k,4.580567u
,,792.62k,5.964474u
,,792.64k,7.637994u
,,792.66k,8.869809u
,,792.68k,8.923507u
,,792.7k,9.015656u
,,792.72k,9.464515u
,,792.74k,9.839526u
,,792.76k,11.34289u
,,792.78k,13.06798u
,,792.8k,12.75999u
,,792.82k,11.21536u
,,792.84k,11.68157u
,,792.86k,12.05369u
,,792.88k,9.516641u
,,792.9k,8.402661u
,,792.92k,8.564068u
,,792.94k,8.892846u
,,792.96k,10.52264u
,,792.98k,11.07433u
,,793k,11.28167u
,,793.02k,12.51027u
,,793.04k,12.87712u
,,793.06k,12.19644u
,,793.08k,13.57101u
,,793.1k,15.68908u
,,793.12k,15.47433u
,,793.14k,14.29651u
,,793.16k,11.39213u
,,793.18k,7.288016u
,,793.2k,7.340652u
,,793.22k,10.45949u
,,793.24k,12.4859u
,,793.26k,12.67273u
,,793.28k,10.77064u
,,793.3k,10.79071u
,,793.32k,14.78376u
,,793.34k,17.09559u
,,793.36k,16.07143u
,,793.38k,15.60314u
,,793.4k,15.24885u
,,793.42k,14.01897u
,,793.44k,12.12813u
,,793.46k,8.346048u
,,793.48k,5.311397u
,,793.5k,8.289217u
,,793.52k,12.19293u
,,793.54k,14.47833u
,,793.56k,14.62601u
,,793.58k,12.95004u
,,793.6k,10.60388u
,,793.62k,8.930678u
,,793.64k,8.265849u
,,793.66k,9.882417u
,,793.68k,11.70436u
,,793.7k,10.14407u
,,793.72k,9.540404u
,,793.74k,10.43974u
,,793.76k,10.61132u
,,793.78k,10.91108u
,,793.8k,11.39043u
,,793.82k,11.61336u
,,793.84k,9.793197u
,,793.86k,6.988492u
,,793.88k,7.284274u
,,793.9k,7.430685u
,,793.92k,4.379291u
,,793.94k,2.708216u
,,793.96k,5.163022u
,,793.98k,8.898311u
,,794k,10.57312u
,,794.02k,9.564355u
,,794.04k,7.639312u
,,794.06k,6.271397u
,,794.08k,6.747817u
,,794.1k,7.773987u
,,794.12k,7.410564u
,,794.14k,5.932566u
,,794.16k,6.102763u
,,794.18k,8.846343u
,,794.2k,10.95095u
,,794.22k,10.95984u
,,794.24k,9.175033u
,,794.26k,7.481667u
,,794.28k,7.78286u
,,794.3k,9.26664u
,,794.32k,11.27313u
,,794.34k,12.36771u
,,794.36k,12.15653u
,,794.38k,13.16412u
,,794.4k,14.60491u
,,794.42k,12.22443u
,,794.44k,8.046662u
,,794.46k,7.363141u
,,794.48k,7.833405u
,,794.5k,7.020058u
,,794.52k,6.526752u
,,794.54k,5.979325u
,,794.56k,6.878138u
,,794.58k,9.708923u
,,794.6k,11.09722u
,,794.62k,9.507848u
,,794.64k,8.472205u
,,794.66k,10.36041u
,,794.68k,11.65181u
,,794.7k,11.98837u
,,794.72k,12.52599u
,,794.74k,11.33593u
,,794.76k,8.245854u
,,794.78k,7.301459u
,,794.8k,10.93672u
,,794.82k,13.61301u
,,794.84k,12.85691u
,,794.86k,11.69578u
,,794.88k,9.846922u
,,794.9k,8.426528u
,,794.92k,7.522236u
,,794.94k,7.458619u
,,794.96k,7.327281u
,,794.98k,6.353347u
,,795k,5.245357u
,,795.02k,5.490626u
,,795.04k,5.963768u
,,795.06k,5.233902u
,,795.08k,3.878378u
,,795.1k,3.750337u
,,795.12k,5.80354u
,,795.14k,7.740091u
,,795.16k,7.105665u
,,795.18k,5.776255u
,,795.2k,7.365034u
,,795.22k,9.425158u
,,795.24k,10.05955u
,,795.26k,10.43363u
,,795.28k,10.25313u
,,795.3k,10.2208u
,,795.32k,10.43852u
,,795.34k,8.603891u
,,795.36k,6.64248u
,,795.38k,6.607591u
,,795.4k,6.847873u
,,795.42k,5.867715u
,,795.44k,5.74038u
,,795.46k,5.977265u
,,795.48k,5.102484u
,,795.5k,6.091966u
,,795.52k,8.108247u
,,795.54k,10.45656u
,,795.56k,12.35838u
,,795.58k,11.1133u
,,795.6k,10.39645u
,,795.62k,12.30517u
,,795.64k,11.88697u
,,795.66k,9.827308u
,,795.68k,10.22138u
,,795.7k,10.53235u
,,795.72k,9.128543u
,,795.74k,7.824863u
,,795.76k,6.91225u
,,795.78k,6.711935u
,,795.8k,6.376555u
,,795.82k,6.114023u
,,795.84k,7.693687u
,,795.86k,9.883653u
,,795.88k,9.745116u
,,795.9k,8.194847u
,,795.92k,8.244547u
,,795.94k,7.650475u
,,795.96k,6.079136u
,,795.98k,6.248473u
,,796k,6.78255u
,,796.02k,9.089313u
,,796.04k,9.690192u
,,796.06k,7.791337u
,,796.08k,6.785258u
,,796.1k,6.143052u
,,796.12k,4.383427u
,,796.14k,4.908553u
,,796.16k,7.554281u
,,796.18k,9.598955u
,,796.2k,10.03412u
,,796.22k,9.368042u
,,796.24k,8.458242u
,,796.26k,9.180405u
,,796.28k,10.24871u
,,796.3k,9.466093u
,,796.32k,7.460217u
,,796.34k,5.750465u
,,796.36k,3.889151u
,,796.38k,2.382398u
,,796.4k,4.699472u
,,796.42k,7.661828u
,,796.44k,8.249432u
,,796.46k,10.62554u
,,796.48k,13.40309u
,,796.5k,11.88362u
,,796.52k,7.784618u
,,796.54k,6.0622u
,,796.56k,7.007547u
,,796.58k,7.853145u
,,796.6k,8.48793u
,,796.62k,8.828483u
,,796.64k,8.64798u
,,796.66k,8.727249u
,,796.68k,8.684662u
,,796.7k,8.377403u
,,796.72k,8.171327u
,,796.74k,9.18571u
,,796.76k,10.84388u
,,796.78k,12.91401u
,,796.8k,11.91902u
,,796.82k,8.631607u
,,796.84k,7.040744u
,,796.86k,5.718218u
,,796.88k,4.102686u
,,796.9k,4.668719u
,,796.92k,5.906776u
,,796.94k,7.218107u
,,796.96k,9.43474u
,,796.98k,8.64758u
,,797k,6.230855u
,,797.02k,5.90768u
,,797.04k,7.491794u
,,797.06k,9.251953u
,,797.08k,9.497048u
,,797.1k,8.150859u
,,797.12k,7.783407u
,,797.14k,8.549374u
,,797.16k,8.978548u
,,797.18k,8.433546u
,,797.2k,6.905945u
,,797.22k,5.006402u
,,797.24k,3.589398u
,,797.26k,2.972825u
,,797.28k,4.788623u
,,797.3k,9.485569u
,,797.32k,13.21091u
,,797.34k,12.32375u
,,797.36k,9.552321u
,,797.38k,8.589936u
,,797.4k,8.67341u
,,797.42k,8.000534u
,,797.44k,7.150607u
,,797.46k,6.147629u
,,797.48k,6.319604u
,,797.5k,6.957995u
,,797.52k,6.212819u
,,797.54k,5.012348u
,,797.56k,6.7551u
,,797.58k,9.170828u
,,797.6k,10.5754u
,,797.62k,10.19061u
,,797.64k,8.283761u
,,797.66k,7.272269u
,,797.68k,8.469245u
,,797.7k,10.51941u
,,797.72k,10.50726u
,,797.74k,8.729865u
,,797.76k,8.935848u
,,797.78k,10.73399u
,,797.8k,10.60974u
,,797.82k,9.240905u
,,797.84k,9.518611u
,,797.86k,7.871561u
,,797.88k,4.516883u
,,797.9k,4.170342u
,,797.92k,5.819649u
,,797.94k,8.25887u
,,797.96k,10.60914u
,,797.98k,10.76016u
,,798k,8.472571u
,,798.02k,6.597051u
,,798.04k,6.576018u
,,798.06k,6.128486u
,,798.08k,5.758561u
,,798.1k,5.801674u
,,798.12k,6.349122u
,,798.14k,9.150157u
,,798.16k,11.44646u
,,798.18k,12.03713u
,,798.2k,10.49948u
,,798.22k,6.860104u
,,798.24k,4.64638u
,,798.26k,4.991983u
,,798.28k,6.308239u
,,798.3k,8.019572u
,,798.32k,8.066083u
,,798.34k,4.948527u
,,798.36k,2.710274u
,,798.38k,5.166879u
,,798.4k,8.654814u
,,798.42k,9.012047u
,,798.44k,9.617721u
,,798.46k,10.42049u
,,798.48k,9.769644u
,,798.5k,8.645556u
,,798.52k,6.939047u
,,798.54k,5.196804u
,,798.56k,6.778418u
,,798.58k,9.880986u
,,798.6k,10.8926u
,,798.62k,10.43781u
,,798.64k,10.85806u
,,798.66k,11.7241u
,,798.68k,9.918153u
,,798.7k,6.734778u
,,798.72k,6.43164u
,,798.74k,8.22277u
,,798.76k,10.37644u
,,798.78k,9.983552u
,,798.8k,7.157406u
,,798.82k,5.791352u
,,798.84k,6.858907u
,,798.86k,8.059027u
,,798.88k,9.135098u
,,798.9k,10.3752u
,,798.92k,10.95103u
,,798.94k,11.86152u
,,798.96k,13.10965u
,,798.98k,12.22749u
,,799k,9.157864u
,,799.02k,5.554713u
,,799.04k,4.273684u
,,799.06k,2.947328u
,,799.08k,1.421085u
,,799.1k,4.334824u
,,799.12k,9.317463u
,,799.14k,12.85954u
,,799.16k,12.21967u
,,799.18k,9.378318u
,,799.2k,7.934736u
,,799.22k,7.582471u
,,799.24k,6.573886u
,,799.26k,7.186524u
,,799.28k,9.723038u
,,799.3k,12.40828u
,,799.32k,14.11808u
,,799.34k,14.12352u
,,799.36k,13.75166u
,,799.38k,12.97924u
,,799.4k,10.14143u
,,799.42k,6.984968u
,,799.44k,7.754011u
,,799.46k,9.79229u
,,799.48k,9.418334u
,,799.5k,9.660583u
,,799.52k,11.13373u
,,799.54k,9.838686u
,,799.56k,8.780187u
,,799.58k,10.54201u
,,799.6k,11.20046u
,,799.62k,10.40274u
,,799.64k,9.991505u
,,799.66k,8.507258u
,,799.68k,7.379761u
,,799.7k,8.661886u
,,799.72k,9.050152u
,,799.74k,7.33113u
,,799.76k,6.444678u
,,799.78k,9.303172u
,,799.8k,12.56313u
,,799.82k,12.45188u
,,799.84k,10.11817u
,,799.86k,8.425571u
,,799.88k,9.859709u
,,799.9k,10.37114u
,,799.92k,10.52132u
,,799.94k,11.08729u
,,799.96k,10.44647u
,,799.98k,9.620215u
,,800k,9.389308u
,,800.02k,8.988203u
,,800.04k,7.640854u
,,800.06k,7.843238u
,,800.08k,10.31579u
,,800.1k,12.495u
,,800.12k,14.10711u
,,800.14k,14.68239u
,,800.16k,14.24694u
,,800.18k,12.83693u
,,800.2k,10.50831u
,,800.22k,9.41452u
,,800.24k,8.754454u
,,800.26k,7.805998u
,,800.28k,8.326238u
,,800.3k,9.312951u
,,800.32k,10.05541u
,,800.34k,9.614464u
,,800.36k,8.694919u
,,800.38k,7.57947u
,,800.4k,6.889089u
,,800.42k,4.6711u
,,800.44k,5.714058u
,,800.46k,9.897047u
,,800.48k,13.57303u
,,800.5k,13.33653u
,,800.52k,10.7724u
,,800.54k,10.30055u
,,800.56k,11.3111u
,,800.58k,11.96761u
,,800.6k,12.48438u
,,800.62k,11.81688u
,,800.64k,9.412549u
,,800.66k,8.263779u
,,800.68k,9.316652u
,,800.7k,10.31846u
,,800.72k,9.877991u
,,800.74k,8.046095u
,,800.76k,5.018502u
,,800.78k,4.72965u
,,800.8k,6.695437u
,,800.82k,7.987717u
,,800.84k,8.823577u
,,800.86k,8.562961u
,,800.88k,7.324657u
,,800.9k,5.763398u
,,800.92k,6.611001u
,,800.94k,8.683949u
,,800.96k,9.89876u
,,800.98k,10.18562u
,,801k,9.719768u
,,801.02k,10.24861u
,,801.04k,12.57412u
,,801.06k,13.40471u
,,801.08k,11.65648u
,,801.1k,10.15952u
,,801.12k,9.776567u
,,801.14k,8.542663u
,,801.16k,7.453581u
,,801.18k,7.385933u
,,801.2k,7.264076u
,,801.22k,10.11757u
,,801.24k,12.48958u
,,801.26k,11.38264u
,,801.28k,11.07514u
,,801.3k,10.70249u
,,801.32k,9.391118u
,,801.34k,8.508461u
,,801.36k,6.904823u
,,801.38k,5.193102u
,,801.4k,6.760304u
,,801.42k,9.945689u
,,801.44k,9.483692u
,,801.46k,5.649807u
,,801.48k,4.405704u
,,801.5k,8.388602u
,,801.52k,11.71003u
,,801.54k,12.39987u
,,801.56k,12.61203u
,,801.58k,12.04835u
,,801.6k,11.89056u
,,801.62k,12.99325u
,,801.64k,13.53841u
,,801.66k,12.80318u
,,801.68k,13.21737u
,,801.7k,14.24762u
,,801.72k,13.55072u
,,801.74k,12.26908u
,,801.76k,11.5079u
,,801.78k,11.07353u
,,801.8k,10.64887u
,,801.82k,10.02538u
,,801.84k,10.01523u
,,801.86k,8.777734u
,,801.88k,6.844755u
,,801.9k,6.313253u
,,801.92k,7.147647u
,,801.94k,8.813436u
,,801.96k,11.26937u
,,801.98k,13.02408u
,,802k,13.90733u
,,802.02k,14.01146u
,,802.04k,13.18779u
,,802.06k,11.12742u
,,802.08k,10.43981u
,,802.1k,11.61376u
,,802.12k,11.99332u
,,802.14k,11.04972u
,,802.16k,12.62627u
,,802.18k,15.26792u
,,802.2k,14.35715u
,,802.22k,13.07699u
,,802.24k,13.32343u
,,802.26k,11.61274u
,,802.28k,8.221891u
,,802.3k,6.27792u
,,802.32k,7.980144u
,,802.34k,11.1307u
,,802.36k,13.96118u
,,802.38k,14.91845u
,,802.4k,13.97417u
,,802.42k,12.05987u
,,802.44k,9.694659u
,,802.46k,9.531861u
,,802.48k,10.9367u
,,802.5k,11.37327u
,,802.52k,11.09654u
,,802.54k,11.06112u
,,802.56k,10.61956u
,,802.58k,10.01297u
,,802.6k,10.4968u
,,802.62k,11.20215u
,,802.64k,11.99604u
,,802.66k,12.40501u
,,802.68k,11.32374u
,,802.7k,10.85519u
,,802.72k,11.55262u
,,802.74k,12.70565u
,,802.76k,13.77291u
,,802.78k,14.24274u
,,802.8k,15.4096u
,,802.82k,15.92647u
,,802.84k,13.43707u
,,802.86k,11.49802u
,,802.88k,12.62949u
,,802.9k,14.40811u
,,802.92k,14.05978u
,,802.94k,11.22667u
,,802.96k,9.278946u
,,802.98k,9.826371u
,,803k,10.56141u
,,803.02k,10.84782u
,,803.04k,10.27882u
,,803.06k,9.04696u
,,803.08k,8.439504u
,,803.1k,7.378824u
,,803.12k,6.81826u
,,803.14k,9.38399u
,,803.16k,11.76256u
,,803.18k,12.9831u
,,803.2k,15.97219u
,,803.22k,17.1007u
,,803.24k,14.23695u
,,803.26k,11.00305u
,,803.28k,10.55655u
,,803.3k,11.69377u
,,803.32k,13.16759u
,,803.34k,15.18073u
,,803.36k,16.89239u
,,803.38k,17.82201u
,,803.4k,16.86689u
,,803.42k,13.65781u
,,803.44k,10.47844u
,,803.46k,10.74634u
,,803.48k,12.40736u
,,803.5k,12.57833u
,,803.52k,12.67742u
,,803.54k,13.56204u
,,803.56k,12.72154u
,,803.58k,9.991565u
,,803.6k,9.123184u
,,803.62k,10.91038u
,,803.64k,14.55913u
,,803.66k,17.92856u
,,803.68k,17.96859u
,,803.7k,12.93648u
,,803.72k,8.252216u
,,803.74k,8.752801u
,,803.76k,10.74009u
,,803.78k,12.37115u
,,803.8k,13.74782u
,,803.82k,13.52823u
,,803.84k,13.22932u
,,803.86k,13.71096u
,,803.88k,15.28735u
,,803.9k,17.33307u
,,803.92k,17.60755u
,,803.94k,15.26084u
,,803.96k,13.14947u
,,803.98k,12.70188u
,,804k,12.98526u
,,804.02k,13.73424u
,,804.04k,15.38344u
,,804.06k,16.76746u
,,804.08k,16.75394u
,,804.1k,16.22088u
,,804.12k,14.48105u
,,804.14k,12.39984u
,,804.16k,13.21589u
,,804.18k,14.57698u
,,804.2k,14.36902u
,,804.22k,14.1771u
,,804.24k,15.16533u
,,804.26k,17.14677u
,,804.28k,18.06847u
,,804.3k,16.45012u
,,804.32k,14.36486u
,,804.34k,14.23361u
,,804.36k,15.13696u
,,804.38k,15.08322u
,,804.4k,13.79497u
,,804.42k,13.1848u
,,804.44k,14.51129u
,,804.46k,16.15752u
,,804.48k,16.07032u
,,804.5k,15.04846u
,,804.52k,12.81812u
,,804.54k,9.527635u
,,804.56k,8.889877u
,,804.58k,12.0312u
,,804.6k,14.96633u
,,804.62k,14.63511u
,,804.64k,11.94802u
,,804.66k,10.1098u
,,804.68k,10.15465u
,,804.7k,10.72379u
,,804.72k,11.46553u
,,804.74k,11.12379u
,,804.76k,11.56369u
,,804.78k,11.59757u
,,804.8k,9.864729u
,,804.82k,9.646476u
,,804.84k,11.80694u
,,804.86k,14.2278u
,,804.88k,13.03602u
,,804.9k,11.18819u
,,804.92k,10.98267u
,,804.94k,10.98978u
,,804.96k,9.467556u
,,804.98k,7.936412u
,,805k,9.062335u
,,805.02k,12.14999u
,,805.04k,14.52341u
,,805.06k,14.34591u
,,805.08k,14.27166u
,,805.1k,15.79447u
,,805.12k,15.22688u
,,805.14k,12.87045u
,,805.16k,11.51908u
,,805.18k,11.21179u
,,805.2k,13.1416u
,,805.22k,15.20626u
,,805.24k,15.24242u
,,805.26k,14.68976u
,,805.28k,13.50935u
,,805.3k,12.34504u
,,805.32k,12.78788u
,,805.34k,14.07542u
,,805.36k,14.47066u
,,805.38k,14.84974u
,,805.4k,15.66945u
,,805.42k,14.51308u
,,805.44k,12.33522u
,,805.46k,11.28037u
,,805.48k,10.59894u
,,805.5k,10.5754u
,,805.52k,11.75378u
,,805.54k,12.37533u
,,805.56k,12.0715u
,,805.58k,12.36705u
,,805.6k,12.70263u
,,805.62k,13.1407u
,,805.64k,14.68715u
,,805.66k,14.32878u
,,805.68k,11.35651u
,,805.7k,9.366699u
,,805.72k,8.501294u
,,805.74k,8.54811u
,,805.76k,10.96122u
,,805.78k,12.98939u
,,805.8k,13.3356u
,,805.82k,15.1575u
,,805.84k,16.38568u
,,805.86k,14.21527u
,,805.88k,11.7547u
,,805.9k,11.11939u
,,805.92k,12.12785u
,,805.94k,13.99931u
,,805.96k,13.73098u
,,805.98k,10.55312u
,,806k,7.685537u
,,806.02k,6.848945u
,,806.04k,7.694281u
,,806.06k,9.139677u
,,806.08k,11.21083u
,,806.1k,13.25602u
,,806.12k,13.19208u
,,806.14k,12.44644u
,,806.16k,12.96198u
,,806.18k,13.10321u
,,806.2k,11.0726u
,,806.22k,8.978242u
,,806.24k,8.937963u
,,806.26k,9.211193u
,,806.28k,8.615437u
,,806.3k,8.591272u
,,806.32k,10.25968u
,,806.34k,11.94094u
,,806.36k,11.81761u
,,806.38k,10.15911u
,,806.4k,9.246051u
,,806.42k,11.23963u
,,806.44k,12.80778u
,,806.46k,11.09712u
,,806.48k,9.228924u
,,806.5k,9.046683u
,,806.52k,10.22202u
,,806.54k,12.23101u
,,806.56k,12.1896u
,,806.58k,10.84964u
,,806.6k,11.1813u
,,806.62k,11.35761u
,,806.64k,9.299917u
,,806.66k,6.88273u
,,806.68k,6.552573u
,,806.7k,6.857526u
,,806.72k,6.540733u
,,806.74k,5.083063u
,,806.76k,4.913776u
,,806.78k,5.367084u
,,806.8k,4.740886u
,,806.82k,5.01853u
,,806.84k,7.913672u
,,806.86k,12.13357u
,,806.88k,13.43539u
,,806.9k,11.67644u
,,806.92k,9.333933u
,,806.94k,7.713837u
,,806.96k,7.883111u
,,806.98k,6.847433u
,,807k,7.184955u
,,807.02k,10.53784u
,,807.04k,11.87581u
,,807.06k,9.438467u
,,807.08k,6.471418u
,,807.1k,5.808852u
,,807.12k,5.348092u
,,807.14k,6.138797u
,,807.16k,7.915416u
,,807.18k,9.155137u
,,807.2k,8.701884u
,,807.22k,8.61156u
,,807.24k,9.47327u
,,807.26k,10.57284u
,,807.28k,10.74495u
,,807.3k,10.46149u
,,807.32k,11.26348u
,,807.34k,13.63658u
,,807.36k,13.52569u
,,807.38k,11.77849u
,,807.4k,9.730372u
,,807.42k,8.540825u
,,807.44k,9.865784u
,,807.46k,11.47061u
,,807.48k,11.38823u
,,807.5k,12.09584u
,,807.52k,13.24838u
,,807.54k,13.3343u
,,807.56k,11.8763u
,,807.58k,8.113234u
,,807.6k,4.927723u
,,807.62k,5.608518u
,,807.64k,7.151365u
,,807.66k,7.160722u
,,807.68k,8.705671u
,,807.7k,10.05431u
,,807.72k,8.564328u
,,807.74k,6.802588u
,,807.76k,7.133222u
,,807.78k,7.345016u
,,807.8k,7.704814u
,,807.82k,9.637041u
,,807.84k,10.67076u
,,807.86k,9.741561u
,,807.88k,9.360289u
,,807.9k,10.16584u
,,807.92k,9.7113u
,,807.94k,8.869469u
,,807.96k,8.578908u
,,807.98k,9.093852u
,,808k,10.5257u
,,808.02k,10.69084u
,,808.04k,9.207927u
,,808.06k,9.460431u
,,808.08k,10.30317u
,,808.1k,7.53715u
,,808.12k,5.652324u
,,808.14k,6.434599u
,,808.16k,6.544881u
,,808.18k,8.034414u
,,808.2k,7.44427u
,,808.22k,5.454547u
,,808.24k,6.202105u
,,808.26k,7.895072u
,,808.28k,9.08395u
,,808.3k,9.57282u
,,808.32k,10.21577u
,,808.34k,10.76765u
,,808.36k,9.673162u
,,808.38k,9.439476u
,,808.4k,10.44949u
,,808.42k,10.48117u
,,808.44k,9.392428u
,,808.46k,9.695355u
,,808.48k,11.09148u
,,808.5k,10.9025u
,,808.52k,9.916034u
,,808.54k,10.84616u
,,808.56k,12.17008u
,,808.58k,10.2581u
,,808.6k,7.070371u
,,808.62k,6.853152u
,,808.64k,7.771134u
,,808.66k,8.57437u
,,808.68k,8.561089u
,,808.7k,8.347626u
,,808.72k,9.659518u
,,808.74k,10.34499u
,,808.76k,8.020929u
,,808.78k,5.479335u
,,808.8k,6.199395u
,,808.82k,8.927801u
,,808.84k,10.53951u
,,808.86k,9.426361u
,,808.88k,7.347946u
,,808.9k,6.505909u
,,808.92k,6.954069u
,,808.94k,7.887983u
,,808.96k,9.888923u
,,808.98k,11.36461u
,,809k,10.40602u
,,809.02k,8.179263u
,,809.04k,5.513905u
,,809.06k,3.129468u
,,809.08k,4.231256u
,,809.1k,7.021418u
,,809.12k,8.656146u
,,809.14k,10.44986u
,,809.16k,12.78574u
,,809.18k,13.07353u
,,809.2k,10.93033u
,,809.22k,7.778138u
,,809.24k,5.068157u
,,809.26k,4.349722u
,,809.28k,5.396789u
,,809.3k,5.7634u
,,809.32k,5.158816u
,,809.34k,5.481081u
,,809.36k,8.166654u
,,809.38k,8.120212u
,,809.4k,6.178321u
,,809.42k,7.987165u
,,809.44k,11.45648u
,,809.46k,12.20374u
,,809.48k,11.39491u
,,809.5k,11.49542u
,,809.52k,11.58304u
,,809.54k,11.4743u
,,809.56k,12.06852u
,,809.58k,12.59546u
,,809.6k,12.99164u
,,809.62k,12.02364u
,,809.64k,10.10744u
,,809.66k,9.574485u
,,809.68k,9.69651u
,,809.7k,8.40726u
,,809.72k,7.073775u
,,809.74k,6.836784u
,,809.76k,7.706621u
,,809.78k,9.311321u
,,809.8k,11.03188u
,,809.82k,10.6273u
,,809.84k,8.156133u
,,809.86k,6.28596u
,,809.88k,4.692763u
,,809.9k,5.306341u
,,809.92k,8.393335u
,,809.94k,9.092125u
,,809.96k,6.265745u
,,809.98k,5.123299u
,,810k,6.281006u
,,810.02k,7.731391u
,,810.04k,8.010429u
,,810.06k,6.74475u
,,810.08k,5.403259u
,,810.1k,4.430752u
,,810.12k,6.152797u
,,810.14k,8.915743u
,,810.16k,8.145785u
,,810.18k,5.957891u
,,810.2k,7.547801u
,,810.22k,9.60157u
,,810.24k,7.650135u
,,810.26k,6.869542u
,,810.28k,7.706447u
,,810.3k,9.085042u
,,810.32k,11.39503u
,,810.34k,11.39207u
,,810.36k,9.540643u
,,810.38k,8.538805u
,,810.4k,7.408825u
,,810.42k,4.72532u
,,810.44k,3.507279u
,,810.46k,6.357069u
,,810.48k,8.801832u
,,810.5k,9.63845u
,,810.52k,9.960655u
,,810.54k,9.86704u
,,810.56k,9.794422u
,,810.58k,10.47306u
,,810.6k,9.842263u
,,810.62k,6.618104u
,,810.64k,4.814176u
,,810.66k,5.754385u
,,810.68k,6.323071u
,,810.7k,5.543077u
,,810.72k,6.03379u
,,810.74k,6.488274u
,,810.76k,4.795575u
,,810.78k,3.816526u
,,810.8k,3.562574u
,,810.82k,3.230662u
,,810.84k,5.606477u
,,810.86k,7.560809u
,,810.88k,6.607257u
,,810.9k,5.975221u
,,810.92k,5.761094u
,,810.94k,8.297945u
,,810.96k,11.36219u
,,810.98k,11.38483u
,,811k,9.917054u
,,811.02k,9.803259u
,,811.04k,10.2564u
,,811.06k,9.070294u
,,811.08k,7.202406u
,,811.1k,7.415164u
,,811.12k,8.777334u
,,811.14k,7.241025u
,,811.16k,4.663625u
,,811.18k,4.353923u
,,811.2k,4.670043u
,,811.22k,3.34399u
,,811.24k,3.034297u
,,811.26k,4.258529u
,,811.28k,5.541765u
,,811.3k,6.327198u
,,811.32k,6.377554u
,,811.34k,5.068893u
,,811.36k,4.437756u
,,811.38k,6.415118u
,,811.4k,8.223639u
,,811.42k,8.042851u
,,811.44k,6.621509u
,,811.46k,6.195932u
,,811.48k,6.974177u
,,811.5k,6.595263u
,,811.52k,5.511723u
,,811.54k,4.866251u
,,811.56k,4.84387u
,,811.58k,4.360728u
,,811.6k,4.323474u
,,811.62k,6.755271u
,,811.64k,8.539254u
,,811.66k,8.085507u
,,811.68k,7.836653u
,,811.7k,8.976164u
,,811.72k,9.816297u
,,811.74k,10.14522u
,,811.76k,10.64257u
,,811.78k,9.454319u
,,811.8k,8.460866u
,,811.82k,9.484714u
,,811.84k,10.85198u
,,811.86k,10.24461u
,,811.88k,8.442372u
,,811.9k,9.910413u
,,811.92k,10.02134u
,,811.94k,9.235776u
,,811.96k,9.293919u
,,811.98k,6.902398u
,,812k,3.656772u
,,812.02k,3.846331u
,,812.04k,5.417717u
,,812.06k,6.240258u
,,812.08k,5.872812u
,,812.1k,6.314717u
,,812.12k,6.873044u
,,812.14k,7.552184u
,,812.16k,8.927676u
,,812.18k,10.19276u
,,812.2k,9.254608u
,,812.22k,6.473038u
,,812.24k,5.406914u
,,812.26k,7.564054u
,,812.28k,9.319967u
,,812.3k,9.165288u
,,812.32k,7.754257u
,,812.34k,6.389913u
,,812.36k,5.570208u
,,812.38k,3.360115u
,,812.4k,3.788611u
,,812.42k,5.809587u
,,812.44k,5.949749u
,,812.46k,5.210016u
,,812.48k,5.408241u
,,812.5k,7.597697u
,,812.52k,9.990602u
,,812.54k,9.094627u
,,812.56k,6.973813u
,,812.58k,5.808546u
,,812.6k,4.693769u
,,812.62k,5.072607u
,,812.64k,7.035628u
,,812.66k,8.329435u
,,812.68k,7.913412u
,,812.7k,6.752044u
,,812.72k,6.313682u
,,812.74k,5.565582u
,,812.76k,3.783781u
,,812.78k,3.711509u
,,812.8k,5.757775u
,,812.82k,8.110101u
,,812.84k,8.500987u
,,812.86k,6.922349u
,,812.88k,6.398078u
,,812.9k,7.29111u
,,812.92k,8.116596u
,,812.94k,7.403087u
,,812.96k,5.617u
,,812.98k,4.61608u
,,813k,4.801522u
,,813.02k,4.316426u
,,813.04k,2.481809u
,,813.06k,2.747474u
,,813.08k,5.533334u
,,813.1k,6.927876u
,,813.12k,6.396875u
,,813.14k,5.561728u
,,813.16k,7.481211u
,,813.18k,10.7013u
,,813.2k,9.991011u
,,813.22k,7.594376u
,,813.24k,9.072996u
,,813.26k,10.55558u
,,813.28k,7.904423u
,,813.3k,4.840126u
,,813.32k,4.415688u
,,813.34k,6.2418u
,,813.36k,7.263964u
,,813.38k,7.166693u
,,813.4k,6.72549u
,,813.42k,5.212071u
,,813.44k,4.026475u
,,813.46k,4.536339u
,,813.48k,6.03703u
,,813.5k,8.13824u
,,813.52k,10.59108u
,,813.54k,10.28974u
,,813.56k,7.124209u
,,813.58k,4.525809u
,,813.6k,2.407925u
,,813.62k,2.049257u
,,813.64k,5.024589u
,,813.66k,5.341509u
,,813.68k,4.099874u
,,813.7k,5.849271u
,,813.72k,8.656134u
,,813.74k,8.738403u
,,813.76k,5.62052u
,,813.78k,2.226687u
,,813.8k,2.056573u
,,813.82k,2.599071u
,,813.84k,2.604234u
,,813.86k,1.493905u
,,813.88k,2.323847u
,,813.9k,3.778785u
,,813.92k,4.301271u
,,813.94k,6.918914u
,,813.96k,8.136065u
,,813.98k,8.036553u
,,814k,7.216661u
,,814.02k,6.487118u
,,814.04k,7.544322u
,,814.06k,7.715741u
,,814.08k,5.688029u
,,814.1k,4.064985u
,,814.12k,1.857951u
,,814.14k,4.571373u
,,814.16k,8.350944u
,,814.18k,9.906187u
,,814.2k,8.149872u
,,814.22k,4.781005u
,,814.24k,2.64069u
,,814.26k,3.492654u
,,814.28k,4.65561u
,,814.3k,3.905842u
,,814.32k,2.120726u
,,814.34k,1.511042u
,,814.36k,4.582689u
,,814.38k,5.561297u
,,814.4k,5.809142u
,,814.42k,5.361244u
,,814.44k,4.13557u
,,814.46k,3.658223u
,,814.48k,7.626324u
,,814.5k,12.56305u
,,814.52k,12.60166u
,,814.54k,9.51888u
,,814.56k,7.117267u
,,814.58k,5.518117u
,,814.6k,4.567405u
,,814.62k,3.234295u
,,814.64k,4.171452u
,,814.66k,6.811738u
,,814.68k,6.866266u
,,814.7k,5.289585u
,,814.72k,5.073994u
,,814.74k,5.623911u
,,814.76k,5.356026u
,,814.78k,4.314379u
,,814.8k,2.951354u
,,814.82k,3.27007u
,,814.84k,4.867992u
,,814.86k,5.868265u
,,814.88k,5.134925u
,,814.9k,3.296646u
,,814.92k,3.389243u
,,814.94k,4.856665u
,,814.96k,5.138785u
,,814.98k,4.893343u
,,815k,5.920979u
,,815.02k,5.347165u
,,815.04k,2.9827u
,,815.06k,1.429265u
,,815.08k,1.127833u
,,815.1k,951.9688n
,,815.12k,1.798254u
,,815.14k,4.32709u
,,815.16k,6.622979u
,,815.18k,6.525471u
,,815.2k,6.578386u
,,815.22k,7.955659u
,,815.24k,9.556899u
,,815.26k,9.009351u
,,815.28k,6.099121u
,,815.3k,3.700933u
,,815.32k,4.359671u
,,815.34k,5.670024u
,,815.36k,5.589936u
,,815.38k,5.041773u
,,815.4k,4.760006u
,,815.42k,4.942167u
,,815.44k,5.095055u
,,815.46k,4.984823u
,,815.48k,3.80809u
,,815.5k,4.574908u
,,815.52k,5.568511u
,,815.54k,4.95361u
,,815.56k,4.063562u
,,815.58k,3.696955u
,,815.6k,1.73161u
,,815.62k,1.306904u
,,815.64k,3.665149u
,,815.66k,7.658376u
,,815.68k,6.529637u
,,815.7k,2.730458u
,,815.72k,1.372096u
,,815.74k,3.401036u
,,815.76k,4.021708u
,,815.78k,3.627684u
,,815.8k,4.562659u
,,815.82k,6.505687u
,,815.84k,6.959681u
,,815.86k,5.946294u
,,815.88k,5.074625u
,,815.9k,4.573722u
,,815.92k,2.754802u
,,815.94k,2.155337u
,,815.96k,2.971121u
,,815.98k,2.662132u
,,816k,3.515518u
,,816.02k,4.302124u
,,816.04k,4.628756u
,,816.06k,4.695421u
,,816.08k,4.670424u
,,816.1k,5.304031u
,,816.12k,5.812262u
,,816.14k,3.819317u
,,816.16k,1.705068u
,,816.18k,582.7216n
,,816.2k,2.686346u
,,816.22k,2.522946u
,,816.24k,687.7301n
,,816.26k,1.146644u
,,816.28k,4.505386u
,,816.3k,6.621043u
,,816.32k,7.60792u
,,816.34k,8.313769u
,,816.36k,8.415374u
,,816.38k,6.953433u
,,816.4k,6.056132u
,,816.42k,6.229006u
,,816.44k,4.63797u
,,816.46k,2.910527u
,,816.48k,3.178179u
,,816.5k,5.139701u
,,816.52k,5.587454u
,,816.54k,3.82979u
,,816.56k,2.691191u
,,816.58k,3.814697u
,,816.6k,5.222814u
,,816.62k,5.444651u
,,816.64k,3.351589u
,,816.66k,4.047655u
,,816.68k,5.610023u
,,816.7k,4.843173u
,,816.72k,3.075263u
,,816.74k,2.176054u
,,816.76k,1.183396u
,,816.78k,3.095675u
,,816.8k,2.705763u
,,816.82k,6.338302u
,,816.84k,7.030297u
,,816.86k,6.890475u
,,816.88k,7.735065u
,,816.9k,7.531692u
,,816.92k,4.197696u
,,816.94k,3.808209u
,,816.96k,6.012461u
,,816.98k,7.400771u
,,817k,7.295488u
,,817.02k,3.996867u
,,817.04k,2.667734u
,,817.06k,5.282281u
,,817.08k,6.216342u
,,817.1k,6.359677u
,,817.12k,4.249256u
,,817.14k,3.036582u
,,817.16k,5.062156u
,,817.18k,9.072908u
,,817.2k,11.38334u
,,817.22k,9.702924u
,,817.24k,7.447864u
,,817.26k,7.164199u
,,817.28k,5.587901u
,,817.3k,4.173813u
,,817.32k,4.608174u
,,817.34k,4.403005u
,,817.36k,3.988357u
,,817.38k,4.07194u
,,817.4k,4.741019u
,,817.42k,7.706653u
,,817.44k,8.31749u
,,817.46k,4.805866u
,,817.48k,1.604993u
,,817.5k,636.7863n
,,817.52k,2.245289u
,,817.54k,3.2346u
,,817.56k,2.889572u
,,817.58k,3.917831u
,,817.6k,5.233617u
,,817.62k,4.614274u
,,817.64k,4.822397u
,,817.66k,5.550631u
,,817.68k,3.2046u
,,817.7k,4.277162u
,,817.72k,5.49713u
,,817.74k,4.216672u
,,817.76k,3.464728u
,,817.78k,3.667791u
,,817.8k,3.458162u
,,817.82k,1.535002u
,,817.84k,1.104559u
,,817.86k,3.76425u
,,817.88k,6.496244u
,,817.9k,6.342985u
,,817.92k,4.882845u
,,817.94k,6.108323u
,,817.96k,8.320621u
,,817.98k,6.838711u
,,818k,4.00604u
,,818.02k,3.572921u
,,818.04k,2.418461u
,,818.06k,1.805286u
,,818.08k,2.90545u
,,818.1k,4.877623u
,,818.12k,6.102136u
,,818.14k,4.86145u
,,818.16k,2.444135u
,,818.18k,2.71618u
,,818.2k,5.779483u
,,818.22k,8.452298u
,,818.24k,8.383688u
,,818.26k,7.903095u
,,818.28k,6.441652u
,,818.3k,4.35567u
,,818.32k,2.718185u
,,818.34k,2.821996u
,,818.36k,3.769173u
,,818.38k,4.834877u
,,818.4k,4.312659u
,,818.42k,3.037923u
,,818.44k,2.351648u
,,818.46k,4.222392u
,,818.48k,6.017997u
,,818.5k,5.943183u
,,818.52k,5.185356u
,,818.54k,4.502502u
,,818.56k,5.964819u
,,818.58k,6.541098u
,,818.6k,4.185754u
,,818.62k,5.418145u
,,818.64k,6.421702u
,,818.66k,3.833872u
,,818.68k,2.65338u
,,818.7k,4.083599u
,,818.72k,4.969257u
,,818.74k,4.735822u
,,818.76k,4.636627u
,,818.78k,4.371973u
,,818.8k,3.35506u
,,818.82k,993.1674n
,,818.84k,2.111066u
,,818.86k,5.381433u
,,818.88k,7.144679u
,,818.9k,6.767685u
,,818.92k,6.87658u
,,818.94k,7.830296u
,,818.96k,6.884512u
,,818.98k,5.2654u
,,819k,5.957432u
,,819.02k,7.328481u
,,819.04k,7.530834u
,,819.06k,6.528787u
,,819.08k,4.244716u
,,819.1k,4.04742u
,,819.12k,4.365093u
,,819.14k,4.204702u
,,819.16k,6.483129u
,,819.18k,7.584032u
,,819.2k,7.987407u
,,819.22k,8.591166u
,,819.24k,8.776963u
,,819.26k,7.298092u
,,819.28k,6.37123u
,,819.3k,6.358347u
,,819.32k,5.940342u
,,819.34k,6.80786u
,,819.36k,8.232575u
,,819.38k,8.317197u
,,819.4k,8.641284u
,,819.42k,9.38485u
,,819.44k,8.30056u
,,819.46k,7.408228u
,,819.48k,7.198383u
,,819.5k,6.724495u
,,819.52k,5.327643u
,,819.54k,3.474518u
,,819.56k,3.128194u
,,819.58k,4.933321u
,,819.6k,7.226811u
,,819.62k,8.004292u
,,819.64k,8.819309u
,,819.66k,10.00083u
,,819.68k,9.225726u
,,819.7k,7.773489u
,,819.72k,5.141265u
,,819.74k,3.071397u
,,819.76k,2.946088u
,,819.78k,4.268671u
,,819.8k,5.299306u
,,819.82k,7.386859u
,,819.84k,8.12278u
,,819.86k,6.349967u
,,819.88k,5.63699u
,,819.9k,5.625949u
,,819.92k,5.674982u
,,819.94k,6.302038u
,,819.96k,7.769079u
,,819.98k,9.127768u
,,820k,10.61934u
,,820.02k,10.18753u
,,820.04k,8.843463u
,,820.06k,6.800459u
,,820.08k,5.472211u
,,820.1k,7.104861u
,,820.12k,8.792057u
,,820.14k,7.877217u
,,820.16k,6.323279u
,,820.18k,7.284705u
,,820.2k,9.541337u
,,820.22k,6.871076u
,,820.24k,3.021446u
,,820.26k,3.0853u
,,820.28k,2.955962u
,,820.3k,4.66913u
,,820.32k,5.870795u
,,820.34k,5.245843u
,,820.36k,3.954412u
,,820.38k,3.45274u
,,820.4k,2.022695u
,,820.42k,1.863205u
,,820.44k,375.9632n
,,820.46k,2.150163u
,,820.48k,3.256459u
,,820.5k,1.993093u
,,820.52k,2.727563u
,,820.54k,4.265196u
,,820.56k,4.812262u
,,820.58k,3.310757u
,,820.6k,3.675694u
,,820.62k,5.258532u
,,820.64k,4.921545u
,,820.66k,5.648708u
,,820.68k,6.081622u
,,820.7k,5.033659u
,,820.72k,5.097628u
,,820.74k,5.562284u
,,820.76k,5.849991u
,,820.78k,6.348108u
,,820.8k,5.43208u
,,820.82k,3.826884u
,,820.84k,4.497999u
,,820.86k,5.838063u
,,820.88k,3.485216u
,,820.9k,3.735586u
,,820.92k,5.511232u
,,820.94k,7.2884u
,,820.96k,6.081144u
,,820.98k,3.282922u
,,821k,3.540799u
,,821.02k,4.941293u
,,821.04k,5.115926u
,,821.06k,5.476721u
,,821.08k,5.688683u
,,821.1k,5.590607u
,,821.12k,4.660895u
,,821.14k,2.61597u
,,821.16k,2.077305u
,,821.18k,3.453181u
,,821.2k,5.531247u
,,821.22k,6.973322u
,,821.24k,6.283788u
,,821.26k,5.260699u
,,821.28k,6.400286u
,,821.3k,7.109234u
,,821.32k,5.620178u
,,821.34k,3.737101u
,,821.36k,3.481238u
,,821.38k,3.518514u
,,821.4k,4.369255u
,,821.42k,7.018603u
,,821.44k,7.571764u
,,821.46k,6.957982u
,,821.48k,7.312911u
,,821.5k,8.364321u
,,821.52k,8.933058u
,,821.54k,7.310317u
,,821.56k,5.30464u
,,821.58k,4.123953u
,,821.6k,3.476959u
,,821.62k,3.90407u
,,821.64k,5.708219u
,,821.66k,7.990647u
,,821.68k,8.543778u
,,821.7k,7.112811u
,,821.72k,5.761135u
,,821.74k,5.93935u
,,821.76k,5.301011u
,,821.78k,2.421011u
,,821.8k,2.362204u
,,821.82k,1.596162u
,,821.84k,1.598112u
,,821.86k,3.055685u
,,821.88k,3.220355u
,,821.9k,5.974325u
,,821.92k,5.477062u
,,821.94k,2.897897u
,,821.96k,821.6806n
,,821.98k,371.0768n
,,822k,1.000742u
,,822.02k,795.2913n
,,822.04k,891.5118n
,,822.06k,2.752253u
,,822.08k,4.819843u
,,822.1k,5.683157u
,,822.12k,4.847943u
,,822.14k,3.999125u
,,822.16k,3.95481u
,,822.18k,1.902809u
,,822.2k,1.758887u
,,822.22k,3.554822u
,,822.24k,5.463179u
,,822.26k,6.033283u
,,822.28k,5.433466u
,,822.3k,5.566265u
,,822.32k,4.851152u
,,822.34k,3.740824u
,,822.36k,3.370037u
,,822.38k,3.987076u
,,822.4k,5.995631u
,,822.42k,6.654918u
,,822.44k,4.370211u
,,822.46k,1.868333u
,,822.48k,3.005765u
,,822.5k,2.925894u
,,822.52k,1.730766u
,,822.54k,3.003613u
,,822.56k,5.360909u
,,822.58k,7.65927u
,,822.6k,7.092585u
,,822.62k,4.108048u
,,822.64k,1.834861u
,,822.66k,1.392452u
,,822.68k,3.26349u
,,822.7k,5.20802u
,,822.72k,5.908164u
,,822.74k,6.407485u
,,822.76k,6.301935u
,,822.78k,4.060881u
,,822.8k,1.428232u
,,822.82k,1.551266u
,,822.84k,3.524475u
,,822.86k,3.684305u
,,822.88k,1.981584u
,,822.9k,1.458088u
,,822.92k,1.735376u
,,822.94k,2.611961u
,,822.96k,2.509401u
,,822.98k,1.301501u
,,823k,4.397786u
,,823.02k,5.880097u
,,823.04k,6.627624u
,,823.06k,8.010476u
,,823.08k,8.448484u
,,823.1k,6.332489u
,,823.12k,3.339955u
,,823.14k,3.236949u
,,823.16k,4.885769u
,,823.18k,6.911723u
,,823.2k,6.866306u
,,823.22k,4.144242u
,,823.24k,3.5059u
,,823.26k,4.196025u
,,823.28k,5.015331u
,,823.3k,5.57929u
,,823.32k,3.737891u
,,823.34k,811.3288n
,,823.36k,5.218922u
,,823.38k,6.303361u
,,823.4k,6.800137u
,,823.42k,7.507288u
,,823.44k,5.282572u
,,823.46k,1.674057u
,,823.48k,3.353014u
,,823.5k,6.679292u
,,823.52k,8.021271u
,,823.54k,6.956072u
,,823.56k,5.602089u
,,823.58k,5.621975u
,,823.6k,3.947801u
,,823.62k,1.123423u
,,823.64k,1.053239u
,,823.66k,2.365991u
,,823.68k,2.66202u
,,823.7k,2.074992u
,,823.72k,1.729683u
,,823.74k,1.776665u
,,823.76k,3.716457u
,,823.78k,5.448084u
,,823.8k,5.231058u
,,823.82k,4.769799u
,,823.84k,5.007914u
,,823.86k,3.738594u
,,823.88k,3.271081u
,,823.9k,2.71917u
,,823.92k,1.78556u
,,823.94k,4.396381u
,,823.96k,4.175409u
,,823.98k,4.230978u
,,824k,5.081029u
,,824.02k,5.239873u
,,824.04k,4.586676u
,,824.06k,3.919605u
,,824.08k,4.390153u
,,824.1k,3.324478u
,,824.12k,2.586032u
,,824.14k,3.661188u
,,824.16k,3.899749u
,,824.18k,3.438284u
,,824.2k,2.74851u
,,824.22k,1.889222u
,,824.24k,1.108433u
,,824.26k,276.0356n
,,824.28k,1.636156u
,,824.3k,2.518318u
,,824.32k,3.610163u
,,824.34k,5.15202u
,,824.36k,5.055696u
,,824.38k,4.517559u
,,824.4k,3.49582u
,,824.42k,2.640351u
,,824.44k,2.029597u
,,824.46k,4.86416u
,,824.48k,6.857803u
,,824.5k,5.013474u
,,824.52k,4.911417u
,,824.54k,3.791107u
,,824.56k,2.908731u
,,824.58k,4.445547u
,,824.6k,4.303103u
,,824.62k,4.724735u
,,824.64k,5.233232u
,,824.66k,6.079867u
,,824.68k,6.449606u
,,824.7k,5.657661u
,,824.72k,4.390379u
,,824.74k,3.322275u
,,824.76k,3.224543u
,,824.78k,3.02667u
,,824.8k,3.427176u
,,824.82k,4.935955u
,,824.84k,6.727731u
,,824.86k,6.352437u
,,824.88k,4.417879u
,,824.9k,4.01597u
,,824.92k,4.445408u
,,824.94k,5.619208u
,,824.96k,6.064256u
,,824.98k,3.99559u
,,825k,3.107473u
,,825.02k,5.872604u
,,825.04k,5.732481u
,,825.06k,3.249277u
,,825.08k,3.834268u
,,825.1k,3.071857u
,,825.12k,1.9688u
,,825.14k,4.13744u
,,825.16k,5.232746u
,,825.18k,5.003846u
,,825.2k,4.899202u
,,825.22k,6.377464u
,,825.24k,8.740735u
,,825.26k,8.713424u
,,825.28k,7.327746u
,,825.3k,5.86807u
,,825.32k,4.153899u
,,825.34k,4.452139u
,,825.36k,4.967317u
,,825.38k,4.754316u
,,825.4k,4.267016u
,,825.42k,2.718272u
,,825.44k,3.939322u
,,825.46k,4.222236u
,,825.48k,3.777117u
,,825.5k,5.249029u
,,825.52k,5.980546u
,,825.54k,4.002542u
,,825.56k,2.040797u
,,825.58k,1.558671u
,,825.6k,1.122029u
,,825.62k,1.318337u
,,825.64k,2.753267u
,,825.66k,2.783716u
,,825.68k,1.49723u
,,825.7k,415.3363n
,,825.72k,2.825342u
,,825.74k,5.477181u
,,825.76k,5.622605u
,,825.78k,2.741723u
,,825.8k,1.858211u
,,825.82k,2.633813u
,,825.84k,1.360604u
,,825.86k,986.295n
,,825.88k,2.714568u
,,825.9k,4.934219u
,,825.92k,6.054945u
,,825.94k,6.332159u
,,825.96k,7.233782u
,,825.98k,7.77728u
,,826k,6.532884u
,,826.02k,4.280383u
,,826.04k,2.687988u
,,826.06k,1.994307u
,,826.08k,1.665765u
,,826.1k,456.1228n
,,826.12k,3.234225u
,,826.14k,4.947391u
,,826.16k,2.420549u
,,826.18k,1.282405u
,,826.2k,1.351446u
,,826.22k,648.6817n
,,826.24k,1.64496u
,,826.26k,3.679617u
,,826.28k,4.688451u
,,826.3k,5.740288u
,,826.32k,7.070471u
,,826.34k,7.358786u
,,826.36k,6.441877u
,,826.38k,4.947u
,,826.4k,2.441142u
,,826.42k,2.734911u
,,826.44k,5.574817u
,,826.46k,8.454136u
,,826.48k,7.486431u
,,826.5k,5.257591u
,,826.52k,5.147423u
,,826.54k,5.655368u
,,826.56k,5.908005u
,,826.58k,8.369299u
,,826.6k,10.23766u
,,826.62k,8.720211u
,,826.64k,7.697218u
,,826.66k,7.405051u
,,826.68k,5.49306u
,,826.7k,1.778714u
,,826.72k,2.694638u
,,826.74k,4.028671u
,,826.76k,4.669021u
,,826.78k,3.959291u
,,826.8k,3.068771u
,,826.82k,4.920792u
,,826.84k,6.823148u
,,826.86k,6.592505u
,,826.88k,4.267092u
,,826.9k,1.234369u
,,826.92k,3.275083u
,,826.94k,2.377788u
,,826.96k,527.5096n
,,826.98k,249.1279n
,,827k,1.425536u
,,827.02k,3.775314u
,,827.04k,6.349156u
,,827.06k,6.203175u
,,827.08k,4.041468u
,,827.1k,1.241215u
,,827.12k,692.8673n
,,827.14k,2.183488u
,,827.16k,4.29137u
,,827.18k,4.315062u
,,827.2k,4.537958u
,,827.22k,7.335345u
,,827.24k,8.501918u
,,827.26k,6.618448u
,,827.28k,3.652799u
,,827.3k,1.825244u
,,827.32k,471.3546n
,,827.34k,1.524633u
,,827.36k,2.12259u
,,827.38k,1.970978u
,,827.4k,4.397653u
,,827.42k,4.990773u
,,827.44k,3.169454u
,,827.46k,2.748479u
,,827.48k,4.217552u
,,827.5k,6.441301u
,,827.52k,6.261905u
,,827.54k,3.221483u
,,827.56k,5.100679u
,,827.58k,7.217621u
,,827.6k,8.086419u
,,827.62k,8.342908u
,,827.64k,6.556176u
,,827.66k,3.815127u
,,827.68k,3.060498u
,,827.7k,3.305832u
,,827.72k,3.072461u
,,827.74k,3.848864u
,,827.76k,5.792735u
,,827.78k,5.99315u
,,827.8k,4.574186u
,,827.82k,4.497475u
,,827.84k,5.428414u
,,827.86k,6.716067u
,,827.88k,7.220398u
,,827.9k,6.065u
,,827.92k,4.032949u
,,827.94k,3.132946u
,,827.96k,5.665699u
,,827.98k,9.638306u
,,828k,10.54562u
,,828.02k,8.647746u
,,828.04k,5.698017u
,,828.06k,3.397211u
,,828.08k,2.909351u
,,828.1k,2.367874u
,,828.12k,607.9017n
,,828.14k,2.396579u
,,828.16k,5.828131u
,,828.18k,8.097936u
,,828.2k,8.253049u
,,828.22k,6.515139u
,,828.24k,5.053536u
,,828.26k,5.805791u
,,828.28k,7.504543u
,,828.3k,7.99196u
,,828.32k,8.680224u
,,828.34k,9.314237u
,,828.36k,6.998512u
,,828.38k,3.079257u
,,828.4k,3.455632u
,,828.42k,4.071319u
,,828.44k,4.887294u
,,828.46k,5.21865u
,,828.48k,4.190159u
,,828.5k,3.290455u
,,828.52k,3.265826u
,,828.54k,4.29179u
,,828.56k,5.306965u
,,828.58k,5.323506u
,,828.6k,4.931813u
,,828.62k,6.036752u
,,828.64k,6.484571u
,,828.66k,5.677739u
,,828.68k,3.569361u
,,828.7k,1.773134u
,,828.72k,1.6717u
,,828.74k,4.525703u
,,828.76k,8.238241u
,,828.78k,8.841199u
,,828.8k,7.567514u
,,828.82k,8.125917u
,,828.84k,9.40574u
,,828.86k,9.41193u
,,828.88k,7.716886u
,,828.9k,6.340756u
,,828.92k,5.65613u
,,828.94k,6.260978u
,,828.96k,8.143543u
,,828.98k,8.645534u
,,829k,7.662599u
,,829.02k,6.944038u
,,829.04k,5.768955u
,,829.06k,4.568545u
,,829.08k,4.736592u
,,829.1k,4.881567u
,,829.12k,5.134356u
,,829.14k,5.585915u
,,829.16k,7.428775u
,,829.18k,8.77549u
,,829.2k,7.639466u
,,829.22k,5.086013u
,,829.24k,1.143009u
,,829.26k,1.963121u
,,829.28k,4.865798u
,,829.3k,9.539639u
,,829.32k,11.62444u
,,829.34k,8.906517u
,,829.36k,5.121235u
,,829.38k,5.199173u
,,829.4k,5.711425u
,,829.42k,4.426056u
,,829.44k,4.711327u
,,829.46k,6.035015u
,,829.48k,7.648722u
,,829.5k,9.260301u
,,829.52k,8.854535u
,,829.54k,8.1895u
,,829.56k,8.574753u
,,829.58k,8.978584u
,,829.6k,9.157282u
,,829.62k,8.755958u
,,829.64k,7.017384u
,,829.66k,5.255695u
,,829.68k,5.872991u
,,829.7k,7.760707u
,,829.72k,8.781104u
,,829.74k,8.503187u
,,829.76k,7.543601u
,,829.78k,7.038625u
,,829.8k,6.745206u
,,829.82k,6.2346u
,,829.84k,6.511448u
,,829.86k,6.519889u
,,829.88k,6.293982u
,,829.9k,6.799478u
,,829.92k,7.753727u
,,829.94k,8.971108u
,,829.96k,9.572646u
,,829.98k,9.059371u
,,830k,8.0391u
,,830.02k,7.022445u
,,830.04k,5.167145u
,,830.06k,4.146756u
,,830.08k,4.207039u
,,830.1k,5.331652u
,,830.12k,6.964742u
,,830.14k,8.227501u
,,830.16k,8.715599u
,,830.18k,9.374073u
,,830.2k,10.27356u
,,830.22k,10.83633u
,,830.24k,10.63398u
,,830.26k,9.760544u
,,830.28k,9.954813u
,,830.3k,11.46322u
,,830.32k,11.81566u
,,830.34k,10.54847u
,,830.36k,9.572148u
,,830.38k,9.816857u
,,830.4k,9.97696u
,,830.42k,8.514703u
,,830.44k,6.440046u
,,830.46k,7.567943u
,,830.48k,8.244097u
,,830.5k,7.723865u
,,830.52k,6.487602u
,,830.54k,4.513362u
,,830.56k,7.089909u
,,830.58k,12.14183u
,,830.6k,14.75077u
,,830.62k,14.68268u
,,830.64k,11.95715u
,,830.66k,7.274284u
,,830.68k,3.310573u
,,830.7k,1.137643u
,,830.72k,2.668139u
,,830.74k,5.509337u
,,830.76k,6.953987u
,,830.78k,8.344883u
,,830.8k,11.03128u
,,830.82k,12.30038u
,,830.84k,9.402257u
,,830.86k,7.232491u
,,830.88k,6.466811u
,,830.9k,6.820165u
,,830.92k,7.753491u
,,830.94k,9.018939u
,,830.96k,10.78387u
,,830.98k,12.35357u
,,831k,13.5812u
,,831.02k,13.59601u
,,831.04k,11.28005u
,,831.06k,8.970812u
,,831.08k,9.360678u
,,831.1k,11.17527u
,,831.12k,12.1307u
,,831.14k,11.1449u
,,831.16k,8.140736u
,,831.18k,4.895842u
,,831.2k,2.828172u
,,831.22k,3.978212u
,,831.24k,6.845141u
,,831.26k,8.095013u
,,831.28k,8.497721u
,,831.3k,9.521444u
,,831.32k,10.4213u
,,831.34k,11.22224u
,,831.36k,11.62129u
,,831.38k,10.67026u
,,831.4k,8.741286u
,,831.42k,6.728085u
,,831.44k,5.291462u
,,831.46k,5.604304u
,,831.48k,6.651625u
,,831.5k,6.478879u
,,831.52k,5.080535u
,,831.54k,3.902951u
,,831.56k,5.19598u
,,831.58k,7.09787u
,,831.6k,6.634806u
,,831.62k,4.909944u
,,831.64k,4.109833u
,,831.66k,3.481159u
,,831.68k,2.930716u
,,831.7k,2.91571u
,,831.72k,2.051366u
,,831.74k,2.659637u
,,831.76k,5.377917u
,,831.78k,6.172551u
,,831.8k,5.870556u
,,831.82k,5.696183u
,,831.84k,5.792854u
,,831.86k,6.332277u
,,831.88k,6.822031u
,,831.9k,6.749006u
,,831.92k,7.400005u
,,831.94k,8.611682u
,,831.96k,8.736256u
,,831.98k,7.59002u
,,832k,6.211428u
,,832.02k,5.734144u
,,832.04k,5.674184u
,,832.06k,5.564629u
,,832.08k,8.605982u
,,832.1k,12.46576u
,,832.12k,12.87119u
,,832.14k,9.908309u
,,832.16k,7.711463u
,,832.18k,6.124005u
,,832.2k,3.990802u
,,832.22k,4.69223u
,,832.24k,8.495742u
,,832.26k,11.20623u
,,832.28k,9.04461u
,,832.3k,2.887565u
,,832.32k,3.182734u
,,832.34k,2.590518u
,,832.36k,6.72707u
,,832.38k,9.089238u
,,832.4k,8.761311u
,,832.42k,6.777211u
,,832.44k,6.438281u
,,832.46k,5.295651u
,,832.48k,4.877887u
,,832.5k,5.516426u
,,832.52k,4.731162u
,,832.54k,4.113021u
,,832.56k,4.968407u
,,832.58k,3.755416u
,,832.6k,4.107276u
,,832.62k,5.281295u
,,832.64k,5.209519u
,,832.66k,4.374567u
,,832.68k,3.781086u
,,832.7k,2.375585u
,,832.72k,1.293841u
,,832.74k,752.1986n
,,832.76k,1.148623u
,,832.78k,2.124205u
,,832.8k,2.766771u
,,832.82k,2.751257u
,,832.84k,4.074157u
,,832.86k,6.038442u
,,832.88k,6.184039u
,,832.9k,6.113748u
,,832.92k,7.663045u
,,832.94k,8.107497u
,,832.96k,6.868928u
,,832.98k,6.286864u
,,833k,5.372206u
,,833.02k,3.792213u
,,833.04k,4.182001u
,,833.06k,6.139896u
,,833.08k,6.572404u
,,833.1k,6.053754u
,,833.12k,7.846874u
,,833.14k,7.838912u
,,833.16k,7.881014u
,,833.18k,8.659966u
,,833.2k,7.110913u
,,833.22k,3.814616u
,,833.24k,704.5719n
,,833.26k,3.534691u
,,833.28k,2.648518u
,,833.3k,1.3168u
,,833.32k,2.260664u
,,833.34k,4.116662u
,,833.36k,5.748432u
,,833.38k,6.154277u
,,833.4k,5.976645u
,,833.42k,6.001644u
,,833.44k,4.266869u
,,833.46k,2.331173u
,,833.48k,4.054491u
,,833.5k,7.028261u
,,833.52k,9.482184u
,,833.54k,9.106286u
,,833.56k,6.759882u
,,833.58k,6.766255u
,,833.6k,7.452916u
,,833.62k,7.723764u
,,833.64k,5.071566u
,,833.66k,2.634494u
,,833.68k,3.484159u
,,833.7k,4.450881u
,,833.72k,3.351566u
,,833.74k,2.340938u
,,833.76k,2.286972u
,,833.78k,2.520803u
,,833.8k,2.429174u
,,833.82k,1.316839u
,,833.84k,505.0005n
,,833.86k,999.3784n
,,833.88k,624.05n
,,833.9k,1.599772u
,,833.92k,2.552886u
,,833.94k,4.401748u
,,833.96k,4.639063u
,,833.98k,4.787763u
,,834k,4.106246u
,,834.02k,2.928615u
,,834.04k,2.118303u
,,834.06k,2.961897u
,,834.08k,5.14165u
,,834.1k,5.514205u
,,834.12k,4.058884u
,,834.14k,3.868547u
,,834.16k,3.902761u
,,834.18k,2.693928u
,,834.2k,1.59155u
,,834.22k,791.2611n
,,834.24k,2.274864u
,,834.26k,5.404307u
,,834.28k,6.047124u
,,834.3k,4.230511u
,,834.32k,2.839651u
,,834.34k,4.411173u
,,834.36k,3.960025u
,,834.38k,1.833689u
,,834.4k,3.489505u
,,834.42k,5.168239u
,,834.44k,5.580409u
,,834.46k,3.500567u
,,834.48k,4.10368u
,,834.5k,6.478638u
,,834.52k,4.409419u
,,834.54k,1.579382u
,,834.56k,3.692827u
,,834.58k,6.65052u
,,834.6k,9.187393u
,,834.62k,8.029857u
,,834.64k,7.99934u
,,834.66k,6.540397u
,,834.68k,1.566036u
,,834.7k,1.908836u
,,834.72k,2.177137u
,,834.74k,2.869772u
,,834.76k,5.686979u
,,834.78k,6.252727u
,,834.8k,5.362771u
,,834.82k,5.937707u
,,834.84k,6.169536u
,,834.86k,5.957094u
,,834.88k,5.005349u
,,834.9k,3.866845u
,,834.92k,3.562201u
,,834.94k,3.309572u
,,834.96k,3.021413u
,,834.98k,3.2814u
,,835k,2.883236u
,,835.02k,2.342401u
,,835.04k,3.223162u
,,835.06k,2.845598u
,,835.08k,998.6016n
,,835.1k,2.136947u
,,835.12k,3.995424u
,,835.14k,4.690297u
,,835.16k,2.909818u
,,835.18k,968.6309n
,,835.2k,2.310621u
,,835.22k,2.634666u
,,835.24k,1.129865u
,,835.26k,6.133349u
,,835.28k,8.842296u
,,835.3k,6.49577u
,,835.32k,2.457342u
,,835.34k,1.640569u
,,835.36k,2.762185u
,,835.38k,3.121237u
,,835.4k,4.554514u
,,835.42k,6.008823u
,,835.44k,6.510823u
,,835.46k,5.603842u
,,835.48k,4.021724u
,,835.5k,3.367181u
,,835.52k,4.11691u
,,835.54k,5.538749u
,,835.56k,6.371127u
,,835.58k,4.661719u
,,835.6k,3.222935u
,,835.62k,3.154378u
,,835.64k,6.09874u
,,835.66k,9.411694u
,,835.68k,9.078387u
,,835.7k,6.0044u
,,835.72k,5.554822u
,,835.74k,7.800305u
,,835.76k,7.065348u
,,835.78k,4.101559u
,,835.8k,3.436548u
,,835.82k,3.123009u
,,835.84k,3.586734u
,,835.86k,4.459477u
,,835.88k,5.888824u
,,835.9k,7.969424u
,,835.92k,7.998606u
,,835.94k,4.393993u
,,835.96k,3.206765u
,,835.98k,6.709205u
,,836k,7.673562u
,,836.02k,5.998796u
,,836.04k,3.906569u
,,836.06k,3.335304u
,,836.08k,3.605961u
,,836.1k,4.407704u
,,836.12k,3.678075u
,,836.14k,4.535579u
,,836.16k,7.10347u
,,836.18k,6.634464u
,,836.2k,5.112401u
,,836.22k,5.091294u
,,836.24k,4.909824u
,,836.26k,5.973005u
,,836.28k,6.704687u
,,836.3k,4.828432u
,,836.32k,2.342774u
,,836.34k,2.691112u
,,836.36k,2.435925u
,,836.38k,973.5251n
,,836.4k,2.295775u
,,836.42k,1.061832u
,,836.44k,1.59842u
,,836.46k,5.194123u
,,836.48k,8.280662u
,,836.5k,7.935936u
,,836.52k,5.791409u
,,836.54k,4.389428u
,,836.56k,6.460336u
,,836.58k,7.930533u
,,836.6k,6.618187u
,,836.62k,6.417069u
,,836.64k,6.597464u
,,836.66k,6.01211u
,,836.68k,6.141346u
,,836.7k,6.05952u
,,836.72k,6.004754u
,,836.74k,5.130499u
,,836.76k,4.601434u
,,836.78k,5.023612u
,,836.8k,5.561267u
,,836.82k,6.200697u
,,836.84k,7.261176u
,,836.86k,9.485284u
,,836.88k,10.25366u
,,836.9k,7.853673u
,,836.92k,5.153385u
,,836.94k,3.594504u
,,836.96k,2.285567u
,,836.98k,2.587466u
,,837k,2.758356u
,,837.02k,1.576041u
,,837.04k,847.8519n
,,837.06k,3.494205u
,,837.08k,5.800445u
,,837.1k,7.985285u
,,837.12k,10.16552u
,,837.14k,9.638646u
,,837.16k,6.904194u
,,837.18k,5.179748u
,,837.2k,4.136476u
,,837.22k,6.393961u
,,837.24k,8.864577u
,,837.26k,8.560837u
,,837.28k,6.904188u
,,837.3k,7.609509u
,,837.32k,11.36876u
,,837.34k,13.01252u
,,837.36k,11.30557u
,,837.38k,8.860728u
,,837.4k,7.581951u
,,837.42k,7.656974u
,,837.44k,7.515533u
,,837.46k,7.687841u
,,837.48k,9.386725u
,,837.5k,9.516495u
,,837.52k,8.179601u
,,837.54k,7.251566u
,,837.56k,6.80054u
,,837.58k,7.145863u
,,837.6k,7.242359u
,,837.62k,7.528106u
,,837.64k,7.856554u
,,837.66k,6.519197u
,,837.68k,4.334356u
,,837.7k,3.891677u
,,837.72k,3.119815u
,,837.74k,4.394861u
,,837.76k,5.867471u
,,837.78k,4.697355u
,,837.8k,4.444326u
,,837.82k,4.674553u
,,837.84k,4.854558u
,,837.86k,5.846789u
,,837.88k,6.3708u
,,837.9k,4.307373u
,,837.92k,4.782014u
,,837.94k,6.075076u
,,837.96k,5.523359u
,,837.98k,5.85881u
,,838k,6.276666u
,,838.02k,5.398766u
,,838.04k,7.175769u
,,838.06k,10.1521u
,,838.08k,11.07227u
,,838.1k,10.1159u
,,838.12k,9.71395u
,,838.14k,10.39722u
,,838.16k,10.32277u
,,838.18k,9.444199u
,,838.2k,6.79973u
,,838.22k,3.961488u
,,838.24k,3.320632u
,,838.26k,3.982798u
,,838.28k,5.004863u
,,838.3k,5.461193u
,,838.32k,5.627058u
,,838.34k,5.931953u
,,838.36k,4.405356u
,,838.38k,2.834803u
,,838.4k,5.26269u
,,838.42k,6.509743u
,,838.44k,5.861258u
,,838.46k,5.333271u
,,838.48k,6.879797u
,,838.5k,8.618371u
,,838.52k,7.366374u
,,838.54k,4.630344u
,,838.56k,3.517981u
,,838.58k,3.665006u
,,838.6k,4.541435u
,,838.62k,4.596423u
,,838.64k,2.124611u
,,838.66k,1.129575u
,,838.68k,3.730209u
,,838.7k,6.061356u
,,838.72k,5.304564u
,,838.74k,4.953757u
,,838.76k,5.343753u
,,838.78k,4.917698u
,,838.8k,2.707512u
,,838.82k,1.157096u
,,838.84k,2.287152u
,,838.86k,3.773773u
,,838.88k,4.196482u
,,838.9k,4.68877u
,,838.92k,5.59382u
,,838.94k,6.58423u
,,838.96k,7.150992u
,,838.98k,6.751233u
,,839k,5.686697u
,,839.02k,3.97516u
,,839.04k,2.375952u
,,839.06k,2.469323u
,,839.08k,4.392469u
,,839.1k,6.786741u
,,839.12k,7.963459u
,,839.14k,9.035065u
,,839.16k,9.434713u
,,839.18k,7.868699u
,,839.2k,7.013361u
,,839.22k,7.070888u
,,839.24k,5.710516u
,,839.26k,4.575094u
,,839.28k,6.501783u
,,839.3k,9.067712u
,,839.32k,8.949208u
,,839.34k,6.349974u
,,839.36k,3.070775u
,,839.38k,1.830657u
,,839.4k,6.213693u
,,839.42k,8.542257u
,,839.44k,7.54578u
,,839.46k,7.999896u
,,839.48k,8.637629u
,,839.5k,7.313356u
,,839.52k,6.055925u
,,839.54k,6.3457u
,,839.56k,6.638182u
,,839.58k,6.005063u
,,839.6k,7.020751u
,,839.62k,7.955793u
,,839.64k,7.024626u
,,839.66k,8.061632u
,,839.68k,11.52845u
,,839.7k,12.93903u
,,839.72k,11.13928u
,,839.74k,8.494483u
,,839.76k,6.691957u
,,839.78k,5.671764u
,,839.8k,5.939439u
,,839.82k,6.649161u
,,839.84k,6.697814u
,,839.86k,6.463845u
,,839.88k,5.800967u
,,839.9k,4.42204u
,,839.92k,3.711201u
,,839.94k,5.362069u
,,839.96k,7.284275u
,,839.98k,6.341848u
,,840k,4.821795u
,,840.02k,3.196182u
,,840.04k,3.533647u
,,840.06k,6.413598u
,,840.08k,8.153489u
,,840.1k,6.717206u
,,840.12k,4.285236u
,,840.14k,4.141045u
,,840.16k,3.845777u
,,840.18k,5.606171u
,,840.2k,7.465731u
,,840.22k,6.579042u
,,840.24k,4.60835u
,,840.26k,3.731721u
,,840.28k,4.550441u
,,840.3k,6.181727u
,,840.32k,6.408546u
,,840.34k,5.607194u
,,840.36k,6.349713u
,,840.38k,6.312197u
,,840.4k,7.342413u
,,840.42k,7.302123u
,,840.44k,6.885872u
,,840.46k,7.795502u
,,840.48k,8.013088u
,,840.5k,6.81097u
,,840.52k,6.009398u
,,840.54k,5.432006u
,,840.56k,4.296719u
,,840.58k,5.027672u
,,840.6k,6.94595u
,,840.62k,7.940942u
,,840.64k,8.090986u
,,840.66k,6.807013u
,,840.68k,5.490153u
,,840.7k,4.5116u
,,840.72k,4.257768u
,,840.74k,4.227952u
,,840.76k,4.395934u
,,840.78k,6.191454u
,,840.8k,7.295407u
,,840.82k,7.630626u
,,840.84k,9.425366u
,,840.86k,10.33507u
,,840.88k,8.923685u
,,840.9k,9.581676u
,,840.92k,11.95154u
,,840.94k,12.27638u
,,840.96k,10.52305u
,,840.98k,9.245307u
,,841k,7.74917u
,,841.02k,7.709255u
,,841.04k,8.357275u
,,841.06k,7.868405u
,,841.08k,9.685265u
,,841.1k,11.58945u
,,841.12k,9.827926u
,,841.14k,8.95184u
,,841.16k,9.975338u
,,841.18k,9.415707u
,,841.2k,7.311558u
,,841.22k,5.320612u
,,841.24k,3.858609u
,,841.26k,4.028319u
,,841.28k,5.420626u
,,841.3k,5.992985u
,,841.32k,7.140543u
,,841.34k,9.89907u
,,841.36k,11.10417u
,,841.38k,8.461193u
,,841.4k,5.153608u
,,841.42k,4.606808u
,,841.44k,6.74726u
,,841.46k,8.421805u
,,841.48k,6.851842u
,,841.5k,5.595834u
,,841.52k,6.284394u
,,841.54k,5.928792u
,,841.56k,4.855165u
,,841.58k,6.981686u
,,841.6k,9.182335u
,,841.62k,8.01461u
,,841.64k,7.39683u
,,841.66k,9.296566u
,,841.68k,10.87662u
,,841.7k,8.232907u
,,841.72k,5.609177u
,,841.74k,4.594208u
,,841.76k,3.958017u
,,841.78k,5.873772u
,,841.8k,6.682597u
,,841.82k,6.850431u
,,841.84k,5.588395u
,,841.86k,2.974429u
,,841.88k,1.515464u
,,841.9k,5.713397u
,,841.92k,7.058173u
,,841.94k,6.401213u
,,841.96k,6.629577u
,,841.98k,7.361268u
,,842k,5.820375u
,,842.02k,6.946086u
,,842.04k,9.842307u
,,842.06k,11.01877u
,,842.08k,10.18946u
,,842.1k,6.182941u
,,842.12k,2.322437u
,,842.14k,3.498994u
,,842.16k,5.192232u
,,842.18k,4.01233u
,,842.2k,2.857372u
,,842.22k,4.47242u
,,842.24k,5.909643u
,,842.26k,6.428485u
,,842.28k,5.113592u
,,842.3k,3.287089u
,,842.32k,2.008224u
,,842.34k,2.798756u
,,842.36k,3.920479u
,,842.38k,2.942737u
,,842.4k,2.945325u
,,842.42k,3.24673u
,,842.44k,2.923229u
,,842.46k,3.64523u
,,842.48k,3.839787u
,,842.5k,5.259156u
,,842.52k,5.51891u
,,842.54k,5.155001u
,,842.56k,4.895711u
,,842.58k,4.382055u
,,842.6k,4.022429u
,,842.62k,3.632525u
,,842.64k,2.043506u
,,842.66k,1.549325u
,,842.68k,2.895852u
,,842.7k,3.132135u
,,842.72k,4.836883u
,,842.74k,3.752414u
,,842.76k,4.268638u
,,842.78k,4.449496u
,,842.8k,3.234606u
,,842.82k,2.317974u
,,842.84k,4.038742u
,,842.86k,5.451735u
,,842.88k,4.473908u
,,842.9k,4.148056u
,,842.92k,5.095352u
,,842.94k,5.490288u
,,842.96k,6.50982u
,,842.98k,6.48809u
,,843k,3.395941u
,,843.02k,1.579614u
,,843.04k,3.268229u
,,843.06k,2.9473u
,,843.08k,4.381193u
,,843.1k,5.825829u
,,843.12k,5.944143u
,,843.14k,4.483967u
,,843.16k,3.081589u
,,843.18k,3.601802u
,,843.2k,4.073822u
,,843.22k,3.635711u
,,843.24k,3.142631u
,,843.26k,3.287656u
,,843.28k,2.795249u
,,843.3k,103.9112n
,,843.32k,2.609839u
,,843.34k,2.093334u
,,843.36k,2.53253u
,,843.38k,3.864196u
,,843.4k,5.3972u
,,843.42k,5.248405u
,,843.44k,4.249869u
,,843.46k,4.653914u
,,843.48k,4.601781u
,,843.5k,3.891027u
,,843.52k,4.294065u
,,843.54k,6.39746u
,,843.56k,6.795715u
,,843.58k,4.951571u
,,843.6k,3.91162u
,,843.62k,3.608133u
,,843.64k,1.705362u
,,843.66k,1.07651u
,,843.68k,1.739994u
,,843.7k,1.970642u
,,843.72k,2.744253u
,,843.74k,2.514842u
,,843.76k,4.028425u
,,843.78k,5.20414u
,,843.8k,4.823058u
,,843.82k,5.094735u
,,843.84k,6.580728u
,,843.86k,6.98977u
,,843.88k,6.108105u
,,843.9k,6.894574u
,,843.92k,8.676339u
,,843.94k,6.900126u
,,843.96k,4.471529u
,,843.98k,3.775905u
,,844k,1.989143u
,,844.02k,3.832618u
,,844.04k,6.304876u
,,844.06k,5.562868u
,,844.08k,4.456425u
,,844.1k,4.156506u
,,844.12k,3.958889u
,,844.14k,4.227332u
,,844.16k,2.784832u
,,844.18k,730.3752n
,,844.2k,3.013719u
,,844.22k,1.342664u
,,844.24k,1.569116u
,,844.26k,2.795956u
,,844.28k,2.022656u
,,844.3k,777.9836n
,,844.32k,2.563495u
,,844.34k,1.311442u
,,844.36k,1.009708u
,,844.38k,3.36944u
,,844.4k,5.42112u
,,844.42k,4.625256u
,,844.44k,2.999778u
,,844.46k,2.773537u
,,844.48k,3.477385u
,,844.5k,3.249613u
,,844.52k,5.12042u
,,844.54k,5.558784u
,,844.56k,3.807084u
,,844.58k,1.144858u
,,844.6k,1.767047u
,,844.62k,1.550355u
,,844.64k,2.097708u
,,844.66k,4.808916u
,,844.68k,7.093539u
,,844.7k,7.040303u
,,844.72k,5.226043u
,,844.74k,3.427545u
,,844.76k,3.382308u
,,844.78k,4.24312u
,,844.8k,4.436085u
,,844.82k,2.137409u
,,844.84k,2.565124u
,,844.86k,4.361479u
,,844.88k,2.502323u
,,844.9k,695.7532n
,,844.92k,3.932332u
,,844.94k,5.125068u
,,844.96k,3.769153u
,,844.98k,3.49953u
,,845k,4.610654u
,,845.02k,1.864992u
,,845.04k,1.963171u
,,845.06k,1.514726u
,,845.08k,2.437559u
,,845.1k,2.797171u
,,845.12k,2.784192u
,,845.14k,3.12899u
,,845.16k,3.192107u
,,845.18k,1.496686u
,,845.2k,1.647702u
,,845.22k,3.93313u
,,845.24k,4.409467u
,,845.26k,4.622767u
,,845.28k,5.608151u
,,845.3k,5.655973u
,,845.32k,5.066426u
,,845.34k,5.602565u
,,845.36k,5.32037u
,,845.38k,4.09537u
,,845.4k,4.737107u
,,845.42k,6.925291u
,,845.44k,7.043603u
,,845.46k,4.245957u
,,845.48k,2.818026u
,,845.5k,1.914785u
,,845.52k,3.274846u
,,845.54k,1.8091u
,,845.56k,891.9511n
,,845.58k,893.1786n
,,845.6k,1.359185u
,,845.62k,1.294278u
,,845.64k,549.6785n
,,845.66k,1.036865u
,,845.68k,795.1961n
,,845.7k,3.266677u
,,845.72k,4.803268u
,,845.74k,3.104646u
,,845.76k,726.2705n
,,845.78k,1.87148u
,,845.8k,1.533953u
,,845.82k,4.68505u
,,845.84k,6.160134u
,,845.86k,5.430376u
,,845.88k,4.303619u
,,845.9k,3.388253u
,,845.92k,2.558309u
,,845.94k,2.322206u
,,845.96k,2.741264u
,,845.98k,4.438745u
,,846k,6.510751u
,,846.02k,6.996453u
,,846.04k,5.078973u
,,846.06k,2.676321u
,,846.08k,3.310147u
,,846.1k,4.494489u
,,846.12k,5.047436u
,,846.14k,5.701335u
,,846.16k,5.229495u
,,846.18k,3.922645u
,,846.2k,1.717979u
,,846.22k,1.073857u
,,846.24k,2.404514u
,,846.26k,4.719031u
,,846.28k,4.155311u
,,846.3k,2.388901u
,,846.32k,886.3634n
,,846.34k,923.3565n
,,846.36k,2.758261u
,,846.38k,4.333043u
,,846.4k,4.135152u
,,846.42k,2.001428u
,,846.44k,798.4522n
,,846.46k,2.030243u
,,846.48k,2.435844u
,,846.5k,4.966775u
,,846.52k,4.873556u
,,846.54k,4.423824u
,,846.56k,5.196937u
,,846.58k,6.119912u
,,846.6k,5.189408u
,,846.62k,2.954375u
,,846.64k,3.407712u
,,846.66k,4.39442u
,,846.68k,4.679737u
,,846.7k,4.081633u
,,846.72k,2.480846u
,,846.74k,2.205073u
,,846.76k,3.181669u
,,846.78k,3.562577u
,,846.8k,3.159756u
,,846.82k,4.519134u
,,846.84k,3.731388u
,,846.86k,655.0858n
,,846.88k,2.589181u
,,846.9k,3.36571u
,,846.92k,6.61264u
,,846.94k,9.061352u
,,846.96k,8.00853u
,,846.98k,7.174479u
,,847k,6.600531u
,,847.02k,5.052026u
,,847.04k,3.690125u
,,847.06k,1.921985u
,,847.08k,3.018796u
,,847.1k,2.887489u
,,847.12k,869.3992n
,,847.14k,2.450248u
,,847.16k,2.139161u
,,847.18k,2.681118u
,,847.2k,2.473552u
,,847.22k,1.591899u
,,847.24k,3.73113u
,,847.26k,4.447161u
,,847.28k,5.104877u
,,847.3k,5.394737u
,,847.32k,4.768944u
,,847.34k,3.38338u
,,847.36k,4.119843u
,,847.38k,4.072594u
,,847.4k,2.863573u
,,847.42k,3.385683u
,,847.44k,4.250813u
,,847.46k,2.874945u
,,847.48k,211.1318n
,,847.5k,1.848402u
,,847.52k,2.646845u
,,847.54k,2.548555u
,,847.56k,2.156404u
,,847.58k,1.021859u
,,847.6k,1.389114u
,,847.62k,2.771244u
,,847.64k,4.188474u
,,847.66k,5.216053u
,,847.68k,5.313885u
,,847.7k,4.544736u
,,847.72k,3.31905u
,,847.74k,1.966474u
,,847.76k,1.499378u
,,847.78k,3.357078u
,,847.8k,5.363945u
,,847.82k,5.384946u
,,847.84k,4.881007u
,,847.86k,4.920135u
,,847.88k,7.37566u
,,847.9k,8.822704u
,,847.92k,10.10964u
,,847.94k,10.46127u
,,847.96k,8.722554u
,,847.98k,6.745202u
,,848k,4.932914u
,,848.02k,5.631827u
,,848.04k,6.920516u
,,848.06k,8.549023u
,,848.08k,8.300626u
,,848.1k,4.28421u
,,848.12k,1.794793u
,,848.14k,2.595188u
,,848.16k,3.707574u
,,848.18k,4.667544u
,,848.2k,5.307728u
,,848.22k,4.616847u
,,848.24k,3.282879u
,,848.26k,3.628795u
,,848.28k,5.007879u
,,848.3k,5.756753u
,,848.32k,5.763102u
,,848.34k,5.412567u
,,848.36k,5.653771u
,,848.38k,7.704555u
,,848.4k,9.723769u
,,848.42k,9.139397u
,,848.44k,7.63491u
,,848.46k,8.17847u
,,848.48k,10.75626u
,,848.5k,11.38464u
,,848.52k,9.674853u
,,848.54k,8.478057u
,,848.56k,8.477954u
,,848.58k,10.18301u
,,848.6k,9.783945u
,,848.62k,5.579721u
,,848.64k,2.866929u
,,848.66k,5.043285u
,,848.68k,9.169909u
,,848.7k,9.251884u
,,848.72k,6.182104u
,,848.74k,4.922336u
,,848.76k,6.388577u
,,848.78k,7.846757u
,,848.8k,7.184741u
,,848.82k,6.766506u
,,848.84k,9.575744u
,,848.86k,11.03021u
,,848.88k,10.60181u
,,848.9k,9.731005u
,,848.92k,9.749536u
,,848.94k,11.40899u
,,848.96k,12.06706u
,,848.98k,11.6322u
,,849k,10.5641u
,,849.02k,8.427407u
,,849.04k,6.425676u
,,849.06k,7.342011u
,,849.08k,10.05616u
,,849.1k,11.09479u
,,849.12k,11.54608u
,,849.14k,12.52347u
,,849.16k,11.1103u
,,849.18k,8.022437u
,,849.2k,7.370318u
,,849.22k,9.300714u
,,849.24k,10.74802u
,,849.26k,9.863141u
,,849.28k,7.809046u
,,849.3k,7.862513u
,,849.32k,8.540311u
,,849.34k,8.052803u
,,849.36k,6.620159u
,,849.38k,6.409381u
,,849.4k,6.674976u
,,849.42k,6.138773u
,,849.44k,5.541034u
,,849.46k,6.297968u
,,849.48k,7.025072u
,,849.5k,5.764422u
,,849.52k,5.769519u
,,849.54k,5.438419u
,,849.56k,4.698979u
,,849.58k,4.444871u
,,849.6k,5.109083u
,,849.62k,7.358358u
,,849.64k,8.417195u
,,849.66k,8.012815u
,,849.68k,7.59643u
,,849.7k,8.38972u
,,849.72k,9.887932u
,,849.74k,11.55836u
,,849.76k,12.80632u
,,849.78k,12.04691u
,,849.8k,9.051344u
,,849.82k,7.827503u
,,849.84k,10.40073u
,,849.86k,12.18406u
,,849.88k,11.77957u
,,849.9k,10.24272u
,,849.92k,9.906994u
,,849.94k,11.08073u
,,849.96k,11.27537u
,,849.98k,10.26377u
,,850k,9.828834u
,,850.02k,10.9471u
,,850.04k,13.5338u
,,850.06k,15.6762u
,,850.08k,14.16087u
,,850.1k,9.812618u
,,850.12k,6.596333u
,,850.14k,5.858072u
,,850.16k,6.649658u
,,850.18k,8.176361u
,,850.2k,9.096158u
,,850.22k,9.033049u
,,850.24k,8.628944u
,,850.26k,6.588452u
,,850.28k,4.224101u
,,850.3k,4.969981u
,,850.32k,7.754029u
,,850.34k,8.70347u
,,850.36k,7.708517u
,,850.38k,7.699475u
,,850.4k,9.698942u
,,850.42k,11.5237u
,,850.44k,12.33337u
,,850.46k,12.89646u
,,850.48k,13.59848u
,,850.5k,13.63699u
,,850.52k,12.73988u
,,850.54k,11.70231u
,,850.56k,10.36405u
,,850.58k,9.76807u
,,850.6k,9.604666u
,,850.62k,8.900741u
,,850.64k,8.456934u
,,850.66k,8.924912u
,,850.68k,10.16262u
,,850.7k,12.54377u
,,850.72k,14.13453u
,,850.74k,14.21865u
,,850.76k,14.74512u
,,850.78k,13.18584u
,,850.8k,10.35462u
,,850.82k,10.32182u
,,850.84k,10.11636u
,,850.86k,10.4944u
,,850.88k,11.63641u
,,850.9k,12.03588u
,,850.92k,12.55818u
,,850.94k,12.17802u
,,850.96k,11.95022u
,,850.98k,11.38324u
,,851k,10.29666u
,,851.02k,10.80924u
,,851.04k,14.17178u
,,851.06k,17.49713u
,,851.08k,17.3327u
,,851.1k,15.218u
,,851.12k,14.61537u
,,851.14k,16.06058u
,,851.16k,17.09505u
,,851.18k,15.68229u
,,851.2k,14.544u
,,851.22k,14.21665u
,,851.24k,13.70101u
,,851.26k,13.6907u
,,851.28k,12.64581u
,,851.3k,12.65385u
,,851.32k,14.34007u
,,851.34k,14.8496u
,,851.36k,14.35164u
,,851.38k,13.39028u
,,851.4k,13.35687u
,,851.42k,13.61918u
,,851.44k,13.38279u
,,851.46k,14.48775u
,,851.48k,16.19218u
,,851.5k,16.81983u
,,851.52k,16.55192u
,,851.54k,15.75818u
,,851.56k,15.7945u
,,851.58k,16.35394u
,,851.6k,14.16132u
,,851.62k,11.92876u
,,851.64k,12.90092u
,,851.66k,14.35911u
,,851.68k,14.09895u
,,851.7k,12.65127u
,,851.72k,11.44282u
,,851.74k,12.32839u
,,851.76k,14.4975u
,,851.78k,14.59401u
,,851.8k,11.93576u
,,851.82k,10.39202u
,,851.84k,12.35013u
,,851.86k,13.61569u
,,851.88k,12.27472u
,,851.9k,11.4398u
,,851.92k,13.56098u
,,851.94k,17.53063u
,,851.96k,19.57221u
,,851.98k,17.04123u
,,852k,13.90902u
,,852.02k,13.99256u
,,852.04k,15.00333u
,,852.06k,14.37593u
,,852.08k,12.87279u
,,852.1k,11.36476u
,,852.12k,10.91261u
,,852.14k,13.13036u
,,852.16k,17.18414u
,,852.18k,18.38707u
,,852.2k,15.80329u
,,852.22k,12.62924u
,,852.24k,10.54819u
,,852.26k,12.13491u
,,852.28k,16.4794u
,,852.3k,17.6125u
,,852.32k,15.49206u
,,852.34k,14.26674u
,,852.36k,14.54191u
,,852.38k,15.38158u
,,852.4k,15.83146u
,,852.42k,15.63807u
,,852.44k,16.58128u
,,852.46k,17.28573u
,,852.48k,15.82963u
,,852.5k,14.8106u
,,852.52k,14.45124u
,,852.54k,14.0263u
,,852.56k,13.94394u
,,852.58k,16.12466u
,,852.6k,19.0405u
,,852.62k,19.30362u
,,852.64k,16.48485u
,,852.66k,13.27826u
,,852.68k,12.77925u
,,852.7k,13.03251u
,,852.72k,14.29388u
,,852.74k,15.5022u
,,852.76k,16.05933u
,,852.78k,18.24249u
,,852.8k,19.4185u
,,852.82k,17.79895u
,,852.84k,16.60351u
,,852.86k,17.79488u
,,852.88k,19.95151u
,,852.9k,21.29251u
,,852.92k,20.07774u
,,852.94k,17.60892u
,,852.96k,17.18812u
,,852.98k,17.7999u
,,853k,16.80817u
,,853.02k,16.71962u
,,853.04k,18.42048u
,,853.06k,18.56173u
,,853.08k,17.94808u
,,853.1k,17.63444u
,,853.12k,18.30553u
,,853.14k,19.31868u
,,853.16k,18.23377u
,,853.18k,17.41502u
,,853.2k,17.81457u
,,853.22k,17.391u
,,853.24k,16.61129u
,,853.26k,15.29598u
,,853.28k,15.22453u
,,853.3k,17.05898u
,,853.32k,17.41137u
,,853.34k,17.30005u
,,853.36k,19.66521u
,,853.38k,20.79042u
,,853.4k,18.68502u
,,853.42k,17.55656u
,,853.44k,18.69225u
,,853.46k,19.75712u
,,853.48k,20.11787u
,,853.5k,19.39442u
,,853.52k,17.50427u
,,853.54k,16.02446u
,,853.56k,15.59864u
,,853.58k,15.20025u
,,853.6k,15.1534u
,,853.62k,16.94623u
,,853.64k,18.76514u
,,853.66k,19.52001u
,,853.68k,18.57548u
,,853.7k,16.57513u
,,853.72k,16.13574u
,,853.74k,17.64801u
,,853.76k,19.2697u
,,853.78k,20.14338u
,,853.8k,20.58444u
,,853.82k,19.91618u
,,853.84k,18.40231u
,,853.86k,16.8238u
,,853.88k,16.03703u
,,853.9k,16.77266u
,,853.92k,18.04782u
,,853.94k,19.15575u
,,853.96k,18.88716u
,,853.98k,18.44596u
,,854k,19.07267u
,,854.02k,18.29122u
,,854.04k,14.75683u
,,854.06k,12.70158u
,,854.08k,14.17602u
,,854.1k,16.84367u
,,854.12k,17.23043u
,,854.14k,18.00277u
,,854.16k,18.64675u
,,854.18k,17.94186u
,,854.2k,18.66348u
,,854.22k,19.41517u
,,854.24k,19.58942u
,,854.26k,20.14853u
,,854.28k,19.48905u
,,854.3k,18.20522u
,,854.32k,17.46266u
,,854.34k,16.63688u
,,854.36k,16.4856u
,,854.38k,17.1649u
,,854.4k,17.64488u
,,854.42k,17.32881u
,,854.44k,16.9149u
,,854.46k,17.43068u
,,854.48k,18.82995u
,,854.5k,18.85971u
,,854.52k,17.11856u
,,854.54k,16.4029u
,,854.56k,17.29477u
,,854.58k,16.74844u
,,854.6k,16.22981u
,,854.62k,15.22202u
,,854.64k,11.58097u
,,854.66k,9.311197u
,,854.68k,11.58273u
,,854.7k,14.02352u
,,854.72k,14.50647u
,,854.74k,14.31546u
,,854.76k,14.70087u
,,854.78k,15.0844u
,,854.8k,15.33u
,,854.82k,15.40713u
,,854.84k,15.69194u
,,854.86k,16.62586u
,,854.88k,17.99063u
,,854.9k,18.04311u
,,854.92k,16.66139u
,,854.94k,16.81512u
,,854.96k,18.16276u
,,854.98k,17.51609u
,,855k,16.43537u
,,855.02k,16.3066u
,,855.04k,16.62235u
,,855.06k,16.38552u
,,855.08k,15.92333u
,,855.1k,15.25148u
,,855.12k,15.24346u
,,855.14k,15.36938u
,,855.16k,14.03115u
,,855.18k,11.75398u
,,855.2k,10.44758u
,,855.22k,11.50709u
,,855.24k,13.47198u
,,855.26k,14.66053u
,,855.28k,14.40793u
,,855.3k,13.18783u
,,855.32k,13.02281u
,,855.34k,14.55504u
,,855.36k,15.34826u
,,855.38k,15.63097u
,,855.4k,16.69298u
,,855.42k,16.13684u
,,855.44k,14.46248u
,,855.46k,15.08383u
,,855.48k,16.12171u
,,855.5k,15.25069u
,,855.52k,14.72532u
,,855.54k,15.59865u
,,855.56k,16.80629u
,,855.58k,18.05247u
,,855.6k,18.49812u
,,855.62k,16.4518u
,,855.64k,13.55141u
,,855.66k,12.35255u
,,855.68k,12.70703u
,,855.7k,14.11538u
,,855.72k,14.04541u
,,855.74k,11.60737u
,,855.76k,10.95077u
,,855.78k,11.93422u
,,855.8k,11.5905u
,,855.82k,12.67635u
,,855.84k,15.91331u
,,855.86k,15.96574u
,,855.88k,13.44635u
,,855.9k,12.47673u
,,855.92k,13.10498u
,,855.94k,14.18494u
,,855.96k,14.26347u
,,855.98k,13.63274u
,,856k,13.79392u
,,856.02k,15.20072u
,,856.04k,16.04805u
,,856.06k,16.19225u
,,856.08k,16.94348u
,,856.1k,17.29372u
,,856.12k,16.62041u
,,856.14k,14.84294u
,,856.16k,13.74847u
,,856.18k,13.97202u
,,856.2k,12.82094u
,,856.22k,10.92038u
,,856.24k,10.82155u
,,856.26k,11.52046u
,,856.28k,11.63424u
,,856.3k,11.9865u
,,856.32k,11.75042u
,,856.34k,11.3371u
,,856.36k,11.87032u
,,856.38k,13.05651u
,,856.4k,13.96729u
,,856.42k,14.2165u
,,856.44k,14.51584u
,,856.46k,16.19271u
,,856.48k,17.81654u
,,856.5k,16.29224u
,,856.52k,12.69799u
,,856.54k,11.01115u
,,856.56k,10.77808u
,,856.58k,9.47197u
,,856.6k,9.020119u
,,856.62k,10.35576u
,,856.64k,13.04332u
,,856.66k,16.37209u
,,856.68k,17.00747u
,,856.7k,15.7196u
,,856.72k,13.81879u
,,856.74k,10.81426u
,,856.76k,9.140618u
,,856.78k,8.449332u
,,856.8k,6.764191u
,,856.82k,6.206688u
,,856.84k,8.570795u
,,856.86k,10.3575u
,,856.88k,11.61789u
,,856.9k,11.67109u
,,856.92k,10.36352u
,,856.94k,11.25351u
,,856.96k,12.60938u
,,856.98k,12.89646u
,,857k,11.51394u
,,857.02k,9.51227u
,,857.04k,9.765241u
,,857.06k,12.58885u
,,857.08k,15.38227u
,,857.1k,15.0598u
,,857.12k,12.36313u
,,857.14k,11.33254u
,,857.16k,12.22662u
,,857.18k,11.67734u
,,857.2k,10.68329u
,,857.22k,10.07331u
,,857.24k,8.698241u
,,857.26k,7.629803u
,,857.28k,8.004597u
,,857.3k,9.089866u
,,857.32k,9.390952u
,,857.34k,10.38201u
,,857.36k,13.15085u
,,857.38k,14.28792u
,,857.4k,12.31902u
,,857.42k,9.459171u
,,857.44k,8.088488u
,,857.46k,8.68793u
,,857.48k,10.31135u
,,857.5k,11.0063u
,,857.52k,10.66137u
,,857.54k,10.02864u
,,857.56k,9.219136u
,,857.58k,8.456595u
,,857.6k,7.766179u
,,857.62k,8.163058u
,,857.64k,9.645496u
,,857.66k,10.85593u
,,857.68k,11.52702u
,,857.7k,11.13709u
,,857.72k,9.437639u
,,857.74k,7.780469u
,,857.76k,6.680741u
,,857.78k,8.454047u
,,857.8k,11.51175u
,,857.82k,10.371u
,,857.84k,8.333479u
,,857.86k,9.577648u
,,857.88k,9.970621u
,,857.9k,8.73486u
,,857.92k,9.494912u
,,857.94k,11.16681u
,,857.96k,10.41962u
,,857.98k,8.521312u
,,858k,7.000499u
,,858.02k,6.115969u
,,858.04k,6.001193u
,,858.06k,7.008737u
,,858.08k,7.988284u
,,858.1k,7.941345u
,,858.12k,6.629348u
,,858.14k,5.744281u
,,858.16k,6.278988u
,,858.18k,8.381557u
,,858.2k,9.583094u
,,858.22k,9.254791u
,,858.24k,9.291298u
,,858.26k,11.25124u
,,858.28k,13.98072u
,,858.3k,13.69704u
,,858.32k,12.67654u
,,858.34k,13.32867u
,,858.36k,13.98106u
,,858.38k,12.99585u
,,858.4k,11.89267u
,,858.42k,11.05995u
,,858.44k,10.52156u
,,858.46k,11.10127u
,,858.48k,10.93231u
,,858.5k,9.857063u
,,858.52k,10.22742u
,,858.54k,11.51826u
,,858.56k,10.26574u
,,858.58k,8.197261u
,,858.6k,7.76449u
,,858.62k,7.74595u
,,858.64k,7.467404u
,,858.66k,6.511188u
,,858.68k,5.146282u
,,858.7k,5.333001u
,,858.72k,6.303706u
,,858.74k,6.734563u
,,858.76k,8.284063u
,,858.78k,9.138132u
,,858.8k,9.079215u
,,858.82k,8.840712u
,,858.84k,7.208758u
,,858.86k,5.321356u
,,858.88k,5.595348u
,,858.9k,7.293004u
,,858.92k,7.35916u
,,858.94k,4.865463u
,,858.96k,3.854458u
,,858.98k,5.506495u
,,859k,6.127564u
,,859.02k,4.640389u
,,859.04k,3.177109u
,,859.06k,3.581078u
,,859.08k,4.681299u
,,859.1k,3.672612u
,,859.12k,1.782208u
,,859.14k,3.265145u
,,859.16k,5.523081u
,,859.18k,7.728366u
,,859.2k,7.565699u
,,859.22k,6.430522u
,,859.24k,5.733249u
,,859.26k,3.687176u
,,859.28k,1.494485u
,,859.3k,3.139252u
,,859.32k,5.357946u
,,859.34k,5.969084u
,,859.36k,5.920432u
,,859.38k,5.87239u
,,859.4k,3.94607u
,,859.42k,920.5406n
,,859.44k,1.929975u
,,859.46k,2.358984u
,,859.48k,4.370643u
,,859.5k,6.719403u
,,859.52k,5.599406u
,,859.54k,3.375772u
,,859.56k,4.217913u
,,859.58k,7.047361u
,,859.6k,7.968096u
,,859.62k,8.58671u
,,859.64k,7.46963u
,,859.66k,3.500557u
,,859.68k,1.344755u
,,859.7k,2.332531u
,,859.72k,1.611282u
,,859.74k,1.930282u
,,859.76k,2.872563u
,,859.78k,4.625189u
,,859.8k,3.734568u
,,859.82k,2.609529u
,,859.84k,2.269919u
,,859.86k,2.000287u
,,859.88k,2.597186u
,,859.9k,4.14007u
,,859.92k,6.003722u
,,859.94k,7.425988u
,,859.96k,7.451463u
,,859.98k,6.480598u
,,860k,6.504109u
,,860.02k,5.718736u
,,860.04k,3.786524u
,,860.06k,5.377181u
,,860.08k,6.526641u
,,860.1k,6.216353u
,,860.12k,4.694087u
,,860.14k,3.638831u
,,860.16k,4.000622u
,,860.18k,4.14416u
,,860.2k,4.855093u
,,860.22k,5.752175u
,,860.24k,3.842136u
,,860.26k,608.2221n
,,860.28k,2.096342u
,,860.3k,3.515855u
,,860.32k,4.600337u
,,860.34k,4.266902u
,,860.36k,3.362456u
,,860.38k,2.208405u
,,860.4k,2.034968u
,,860.42k,3.476274u
,,860.44k,5.713559u
,,860.46k,6.390723u
,,860.48k,5.08331u
,,860.5k,5.360814u
,,860.52k,5.975731u
,,860.54k,4.381056u
,,860.56k,3.217977u
,,860.58k,2.733614u
,,860.6k,3.697289u
,,860.62k,4.834358u
,,860.64k,4.367739u
,,860.66k,4.993332u
,,860.68k,5.807819u
,,860.7k,4.421921u
,,860.72k,2.847392u
,,860.74k,2.323353u
,,860.76k,4.35444u
,,860.78k,3.954396u
,,860.8k,3.626657u
,,860.82k,6.223241u
,,860.84k,6.479265u
,,860.86k,4.63644u
,,860.88k,3.131294u
,,860.9k,3.307512u
,,860.92k,2.624968u
,,860.94k,3.027135u
,,860.96k,1.525701u
,,860.98k,4.510392u
,,861k,6.165387u
,,861.02k,5.201229u
,,861.04k,5.184765u
,,861.06k,6.004849u
,,861.08k,6.931682u
,,861.1k,7.728601u
,,861.12k,6.795136u
,,861.14k,2.964699u
,,861.16k,947.7804n
,,861.18k,1.23391u
,,861.2k,2.472958u
,,861.22k,3.155911u
,,861.24k,5.033813u
,,861.26k,7.479332u
,,861.28k,8.127433u
,,861.3k,8.79164u
,,861.32k,7.767342u
,,861.34k,6.791583u
,,861.36k,6.260439u
,,861.38k,3.757614u
,,861.4k,1.892148u
,,861.42k,2.953143u
,,861.44k,5.439868u
,,861.46k,6.710054u
,,861.48k,7.751692u
,,861.5k,8.943801u
,,861.52k,8.11661u
,,861.54k,5.926338u
,,861.56k,4.426053u
,,861.58k,5.751595u
,,861.6k,8.619627u
,,861.62k,9.736461u
,,861.64k,8.897861u
,,861.66k,5.917725u
,,861.68k,2.996946u
,,861.7k,3.522257u
,,861.72k,6.386525u
,,861.74k,5.679144u
,,861.76k,4.922258u
,,861.78k,3.450207u
,,861.8k,5.958775u
,,861.82k,6.266292u
,,861.84k,6.359027u
,,861.86k,7.301833u
,,861.88k,7.816671u
,,861.9k,9.311506u
,,861.92k,8.60438u
,,861.94k,7.125655u
,,861.96k,7.224006u
,,861.98k,8.038977u
,,862k,8.554434u
,,862.02k,8.20473u
,,862.04k,6.683203u
,,862.06k,4.237926u
,,862.08k,1.959198u
,,862.1k,1.978089u
,,862.12k,2.815197u
,,862.14k,3.633312u
,,862.16k,6.084636u
,,862.18k,6.093392u
,,862.2k,4.158063u
,,862.22k,3.35383u
,,862.24k,4.557469u
,,862.26k,6.571044u
,,862.28k,6.734794u
,,862.3k,5.827852u
,,862.32k,5.277635u
,,862.34k,3.660429u
,,862.36k,2.771287u
,,862.38k,3.968242u
,,862.4k,5.755468u
,,862.42k,7.641519u
,,862.44k,7.290421u
,,862.46k,4.924884u
,,862.48k,4.049866u
,,862.5k,3.362543u
,,862.52k,3.3695u
,,862.54k,3.252748u
,,862.56k,2.535017u
,,862.58k,3.057534u
,,862.6k,5.230542u
,,862.62k,6.525877u
,,862.64k,5.668732u
,,862.66k,4.119554u
,,862.68k,4.279632u
,,862.7k,6.213049u
,,862.72k,8.992617u
,,862.74k,10.19836u
,,862.76k,8.927791u
,,862.78k,7.146982u
,,862.8k,5.52868u
,,862.82k,3.38405u
,,862.84k,2.197103u
,,862.86k,3.212069u
,,862.88k,4.233089u
,,862.9k,4.101237u
,,862.92k,4.440518u
,,862.94k,5.425226u
,,862.96k,5.723151u
,,862.98k,5.829431u
,,863k,5.707257u
,,863.02k,6.366035u
,,863.04k,8.359148u
,,863.06k,9.546358u
,,863.08k,8.862337u
,,863.1k,8.012033u
,,863.12k,5.343791u
,,863.14k,5.210591u
,,863.16k,7.686662u
,,863.18k,10.35529u
,,863.2k,9.800255u
,,863.22k,6.1894u
,,863.24k,6.02613u
,,863.26k,7.184433u
,,863.28k,8.920877u
,,863.3k,9.778575u
,,863.32k,8.478055u
,,863.34k,6.848868u
,,863.36k,6.169352u
,,863.38k,6.130068u
,,863.4k,6.748734u
,,863.42k,7.371791u
,,863.44k,7.668343u
,,863.46k,5.659834u
,,863.48k,3.590033u
,,863.5k,4.027945u
,,863.52k,4.516751u
,,863.54k,5.244618u
,,863.56k,5.001u
,,863.58k,5.570542u
,,863.6k,6.98117u
,,863.62k,6.985988u
,,863.64k,6.584136u
,,863.66k,6.937718u
,,863.68k,7.475307u
,,863.7k,7.034714u
,,863.72k,5.86554u
,,863.74k,5.517087u
,,863.76k,5.168985u
,,863.78k,4.355052u
,,863.8k,5.397045u
,,863.82k,7.922928u
,,863.84k,8.789225u
,,863.86k,7.608649u
,,863.88k,7.710047u
,,863.9k,10.10138u
,,863.92k,12.07098u
,,863.94k,12.34192u
,,863.96k,11.3146u
,,863.98k,10.17184u
,,864k,8.801046u
,,864.02k,7.561156u
,,864.04k,6.761144u
,,864.06k,5.331566u
,,864.08k,4.379794u
,,864.1k,4.69369u
,,864.12k,3.119385u
,,864.14k,2.129955u
,,864.16k,4.619073u
,,864.18k,6.7148u
,,864.2k,6.158729u
,,864.22k,3.876863u
,,864.24k,1.66177u
,,864.26k,2.292319u
,,864.28k,5.418533u
,,864.3k,5.88893u
,,864.32k,4.018108u
,,864.34k,2.450331u
,,864.36k,2.742579u
,,864.38k,2.989952u
,,864.4k,5.647917u
,,864.42k,8.161197u
,,864.44k,7.179213u
,,864.46k,5.651343u
,,864.48k,5.682767u
,,864.5k,6.316401u
,,864.52k,7.831613u
,,864.54k,8.494207u
,,864.56k,6.763826u
,,864.58k,5.660109u
,,864.6k,6.059967u
,,864.62k,5.195339u
,,864.64k,2.992343u
,,864.66k,2.701223u
,,864.68k,5.056237u
,,864.7k,6.746911u
,,864.72k,6.69283u
,,864.74k,6.137107u
,,864.76k,4.705823u
,,864.78k,2.430885u
,,864.8k,1.536736u
,,864.82k,4.319486u
,,864.84k,8.26069u
,,864.86k,9.365776u
,,864.88k,7.82482u
,,864.9k,7.742197u
,,864.92k,8.061841u
,,864.94k,7.895186u
,,864.96k,8.340893u
,,864.98k,8.906216u
,,865k,8.316305u
,,865.02k,7.809751u
,,865.04k,8.261249u
,,865.06k,9.687741u
,,865.08k,10.49891u
,,865.1k,9.192032u
,,865.12k,6.532935u
,,865.14k,4.637098u
,,865.16k,3.252175u
,,865.18k,3.959808u
,,865.2k,5.108768u
,,865.22k,5.771657u
,,865.24k,6.739141u
,,865.26k,7.055931u
,,865.28k,8.21812u
,,865.3k,9.957217u
,,865.32k,9.31136u
,,865.34k,6.41973u
,,865.36k,4.698513u
,,865.38k,5.56013u
,,865.4k,7.002879u
,,865.42k,8.220805u
,,865.44k,8.13131u
,,865.46k,7.260127u
,,865.48k,6.510394u
,,865.5k,5.867704u
,,865.52k,5.023438u
,,865.54k,2.965608u
,,865.56k,1.887874u
,,865.58k,2.227317u
,,865.6k,3.510617u
,,865.62k,2.547165u
,,865.64k,3.506071u
,,865.66k,6.170798u
,,865.68k,8.550794u
,,865.7k,9.475224u
,,865.72k,9.405766u
,,865.74k,7.475546u
,,865.76k,5.253361u
,,865.78k,5.048764u
,,865.8k,6.497148u
,,865.82k,8.048769u
,,865.84k,7.969451u
,,865.86k,5.896365u
,,865.88k,3.513774u
,,865.9k,2.709596u
,,865.92k,3.451703u
,,865.94k,4.559345u
,,865.96k,5.619564u
,,865.98k,6.563974u
,,866k,6.482984u
,,866.02k,4.901097u
,,866.04k,4.14368u
,,866.06k,4.662368u
,,866.08k,4.814048u
,,866.1k,5.262605u
,,866.12k,8.094912u
,,866.14k,11.14579u
,,866.16k,9.878172u
,,866.18k,7.302385u
,,866.2k,9.172829u
,,866.22k,12.00372u
,,866.24k,11.15657u
,,866.26k,10.18327u
,,866.28k,10.46341u
,,866.3k,9.612081u
,,866.32k,8.718183u
,,866.34k,9.127338u
,,866.36k,8.50898u
,,866.38k,8.679624u
,,866.4k,9.529999u
,,866.42k,9.063324u
,,866.44k,9.002163u
,,866.46k,8.382945u
,,866.48k,9.611572u
,,866.5k,10.19551u
,,866.52k,8.281145u
,,866.54k,7.849975u
,,866.56k,8.977943u
,,866.58k,9.820066u
,,866.6k,8.747084u
,,866.62k,6.369001u
,,866.64k,4.784572u
,,866.66k,5.510089u
,,866.68k,6.78021u
,,866.7k,7.823798u
,,866.72k,9.06725u
,,866.74k,10.66239u
,,866.76k,12.31916u
,,866.78k,13.14802u
,,866.8k,11.82014u
,,866.82k,9.344249u
,,866.84k,7.132738u
,,866.86k,6.070224u
,,866.88k,5.345618u
,,866.9k,4.127938u
,,866.92k,4.958068u
,,866.94k,7.715158u
,,866.96k,9.406165u
,,866.98k,8.387618u
,,867k,7.341297u
,,867.02k,8.209254u
,,867.04k,9.443937u
,,867.06k,9.127126u
,,867.08k,7.611715u
,,867.1k,5.490596u
,,867.12k,4.32264u
,,867.14k,5.635052u
,,867.16k,8.254166u
,,867.18k,9.298167u
,,867.2k,8.909111u
,,867.22k,9.360209u
,,867.24k,9.683124u
,,867.26k,9.256255u
,,867.28k,10.29072u
,,867.3k,11.0874u
,,867.32k,10.21808u
,,867.34k,10.01466u
,,867.36k,9.596217u
,,867.38k,8.330372u
,,867.4k,8.719014u
,,867.42k,7.920914u
,,867.44k,6.047353u
,,867.46k,6.15024u
,,867.48k,8.057243u
,,867.5k,8.856087u
,,867.52k,8.188713u
,,867.54k,6.755943u
,,867.56k,5.508451u
,,867.58k,4.74589u
,,867.6k,4.273517u
,,867.62k,5.322136u
,,867.64k,6.817321u
,,867.66k,6.296448u
,,867.68k,5.919254u
,,867.7k,8.582599u
,,867.72k,11.92599u
,,867.74k,13.48894u
,,867.76k,11.75493u
,,867.78k,7.580953u
,,867.8k,5.104232u
,,867.82k,6.679132u
,,867.84k,8.368417u
,,867.86k,7.362576u
,,867.88k,9.136038u
,,867.9k,10.9957u
,,867.92k,10.29936u
,,867.94k,8.258976u
,,867.96k,7.214881u
,,867.98k,7.324851u
,,868k,7.234399u
,,868.02k,7.030467u
,,868.04k,7.488521u
,,868.06k,8.932992u
,,868.08k,10.50927u
,,868.1k,10.98359u
,,868.12k,10.14918u
,,868.14k,9.572694u
,,868.16k,9.679828u
,,868.18k,9.730469u
,,868.2k,9.799555u
,,868.22k,8.867299u
,,868.24k,6.715566u
,,868.26k,5.114715u
,,868.28k,5.628684u
,,868.3k,6.381901u
,,868.32k,6.46667u
,,868.34k,6.216822u
,,868.36k,7.004791u
,,868.38k,7.403204u
,,868.4k,9.105069u
,,868.42k,10.11202u
,,868.44k,10.21571u
,,868.46k,9.80864u
,,868.48k,8.439286u
,,868.5k,8.253998u
,,868.52k,8.604571u
,,868.54k,7.154786u
,,868.56k,6.378785u
,,868.58k,6.695518u
,,868.6k,8.328176u
,,868.62k,10.38611u
,,868.64k,11.44u
,,868.66k,13.46596u
,,868.68k,14.63528u
,,868.7k,13.65855u
,,868.72k,12.34963u
,,868.74k,12.43675u
,,868.76k,10.84461u
,,868.78k,7.197141u
,,868.8k,5.492507u
,,868.82k,6.788067u
,,868.84k,8.138029u
,,868.86k,8.420914u
,,868.88k,8.727988u
,,868.9k,10.17654u
,,868.92k,10.91107u
,,868.94k,10.58255u
,,868.96k,11.78137u
,,868.98k,12.42419u
,,869k,9.810157u
,,869.02k,8.08722u
,,869.04k,9.777167u
,,869.06k,9.449067u
,,869.08k,7.54423u
,,869.1k,7.590942u
,,869.12k,7.705501u
,,869.14k,6.943769u
,,869.16k,7.230342u
,,869.18k,8.651631u
,,869.2k,9.184247u
,,869.22k,10.57847u
,,869.24k,11.33377u
,,869.26k,11.23761u
,,869.28k,9.909594u
,,869.3k,7.224199u
,,869.32k,6.090842u
,,869.34k,7.202349u
,,869.36k,8.183504u
,,869.38k,7.446582u
,,869.4k,4.8902u
,,869.42k,2.630086u
,,869.44k,4.203537u
,,869.46k,7.903812u
,,869.48k,10.00961u
,,869.5k,9.085027u
,,869.52k,6.857037u
,,869.54k,6.039928u
,,869.56k,5.703446u
,,869.58k,5.291071u
,,869.6k,5.80344u
,,869.62k,6.293925u
,,869.64k,5.435956u
,,869.66k,4.074332u
,,869.68k,4.792506u
,,869.7k,6.224352u
,,869.72k,7.103197u
,,869.74k,9.022008u
,,869.76k,10.73761u
,,869.78k,11.74419u
,,869.8k,11.44745u
,,869.82k,9.728981u
,,869.84k,8.932805u
,,869.86k,8.621839u
,,869.88k,6.384232u
,,869.9k,4.227727u
,,869.92k,4.808214u
,,869.94k,2.598321u
,,869.96k,4.48007u
,,869.98k,8.54919u
,,870k,9.232598u
,,870.02k,7.338095u
,,870.04k,6.510092u
,,870.06k,6.778047u
,,870.08k,6.860052u
,,870.1k,8.48207u
,,870.12k,11.34331u
,,870.14k,11.78975u
,,870.16k,10.08271u
,,870.18k,6.930621u
,,870.2k,3.59073u
,,870.22k,3.331881u
,,870.24k,5.984225u
,,870.26k,6.747257u
,,870.28k,6.832647u
,,870.3k,7.618906u
,,870.32k,7.129038u
,,870.34k,4.599863u
,,870.36k,4.126876u
,,870.38k,6.053182u
,,870.4k,8.312823u
,,870.42k,9.903127u
,,870.44k,10.52011u
,,870.46k,8.240457u
,,870.48k,6.029547u
,,870.5k,7.904158u
,,870.52k,10.38159u
,,870.54k,8.988261u
,,870.56k,5.551877u
,,870.58k,2.768525u
,,870.6k,4.519317u
,,870.62k,6.966414u
,,870.64k,9.193885u
,,870.66k,9.49323u
,,870.68k,9.313604u
,,870.7k,8.659359u
,,870.72k,8.104109u
,,870.74k,9.700499u
,,870.76k,10.81335u
,,870.78k,8.073136u
,,870.8k,5.307698u
,,870.82k,6.444614u
,,870.84k,8.66088u
,,870.86k,8.75166u
,,870.88k,8.824559u
,,870.9k,9.005135u
,,870.92k,7.386225u
,,870.94k,6.969951u
,,870.96k,8.226112u
,,870.98k,7.833337u
,,871k,8.133225u
,,871.02k,9.869762u
,,871.04k,11.51035u
,,871.06k,10.6355u
,,871.08k,8.59584u
,,871.1k,8.329032u
,,871.12k,8.618495u
,,871.14k,8.078092u
,,871.16k,8.327183u
,,871.18k,8.467795u
,,871.2k,8.090652u
,,871.22k,8.872527u
,,871.24k,9.695795u
,,871.26k,9.820512u
,,871.28k,10.26725u
,,871.3k,10.42653u
,,871.32k,9.539913u
,,871.34k,8.855737u
,,871.36k,10.21231u
,,871.38k,10.67461u
,,871.4k,7.844193u
,,871.42k,5.05077u
,,871.44k,2.98415u
,,871.46k,3.360033u
,,871.48k,4.043409u
,,871.5k,2.889835u
,,871.52k,2.920286u
,,871.54k,3.816892u
,,871.56k,4.478692u
,,871.58k,6.181277u
,,871.6k,9.914621u
,,871.62k,13.14064u
,,871.64k,12.73858u
,,871.66k,11.2221u
,,871.68k,9.117703u
,,871.7k,6.733489u
,,871.72k,6.168131u
,,871.74k,7.171099u
,,871.76k,8.164347u
,,871.78k,11.23361u
,,871.8k,12.92433u
,,871.82k,10.55486u
,,871.84k,6.815373u
,,871.86k,3.403298u
,,871.88k,2.318424u
,,871.9k,3.410515u
,,871.92k,4.860373u
,,871.94k,2.640213u
,,871.96k,1.090117u
,,871.98k,3.913414u
,,872k,8.031274u
,,872.02k,9.785625u
,,872.04k,10.43928u
,,872.06k,11.23815u
,,872.08k,9.86918u
,,872.1k,7.76375u
,,872.12k,6.317142u
,,872.14k,5.438592u
,,872.16k,4.980949u
,,872.18k,5.968371u
,,872.2k,6.213425u
,,872.22k,5.245733u
,,872.24k,5.401093u
,,872.26k,6.673591u
,,872.28k,8.332804u
,,872.3k,10.15461u
,,872.32k,11.98778u
,,872.34k,12.7155u
,,872.36k,11.64009u
,,872.38k,9.292395u
,,872.4k,7.101378u
,,872.42k,5.81596u
,,872.44k,5.816787u
,,872.46k,7.958781u
,,872.48k,11.06916u
,,872.5k,12.80219u
,,872.52k,11.67299u
,,872.54k,9.438515u
,,872.56k,9.488641u
,,872.58k,11.39129u
,,872.6k,12.57605u
,,872.62k,12.2325u
,,872.64k,10.99629u
,,872.66k,10.15815u
,,872.68k,10.22164u
,,872.7k,10.24947u
,,872.72k,9.852202u
,,872.74k,9.814066u
,,872.76k,10.7815u
,,872.78k,10.84779u
,,872.8k,8.643174u
,,872.82k,8.435356u
,,872.84k,10.69023u
,,872.86k,10.40184u
,,872.88k,7.564528u
,,872.9k,5.821518u
,,872.92k,4.460385u
,,872.94k,3.747548u
,,872.96k,5.277417u
,,872.98k,8.118966u
,,873k,11.42187u
,,873.02k,13.3349u
,,873.04k,12.95528u
,,873.06k,11.00796u
,,873.08k,9.093373u
,,873.1k,9.853258u
,,873.12k,10.67851u
,,873.14k,9.547599u
,,873.16k,9.308603u
,,873.18k,9.568353u
,,873.2k,9.146143u
,,873.22k,9.061595u
,,873.24k,10.10811u
,,873.26k,11.51354u
,,873.28k,11.91437u
,,873.3k,10.57478u
,,873.32k,8.56531u
,,873.34k,7.554457u
,,873.36k,7.500313u
,,873.38k,8.174594u
,,873.4k,9.575303u
,,873.42k,10.07541u
,,873.44k,9.922939u
,,873.46k,9.109285u
,,873.48k,9.643805u
,,873.5k,10.74215u
,,873.52k,10.17612u
,,873.54k,10.2627u
,,873.56k,13.3867u
,,873.58k,15.13119u
,,873.6k,12.90828u
,,873.62k,9.92903u
,,873.64k,8.132179u
,,873.66k,6.467078u
,,873.68k,6.155717u
,,873.7k,7.605505u
,,873.72k,8.741536u
,,873.74k,9.136492u
,,873.76k,8.798353u
,,873.78k,8.358751u
,,873.8k,9.974182u
,,873.82k,11.24758u
,,873.84k,9.562417u
,,873.86k,11.02801u
,,873.88k,13.73858u
,,873.9k,11.81778u
,,873.92k,9.40271u
,,873.94k,10.29607u
,,873.96k,13.0869u
,,873.98k,13.36731u
,,874k,11.23697u
,,874.02k,11.22178u
,,874.04k,13.1615u
,,874.06k,13.47076u
,,874.08k,13.25955u
,,874.1k,12.48839u
,,874.12k,9.906875u
,,874.14k,7.955438u
,,874.16k,9.478737u
,,874.18k,11.34116u
,,874.2k,13.46059u
,,874.22k,15.00506u
,,874.24k,14.38527u
,,874.26k,12.35511u
,,874.28k,10.66234u
,,874.3k,10.62967u
,,874.32k,11.0166u
,,874.34k,11.24696u
,,874.36k,11.81251u
,,874.38k,13.30253u
,,874.4k,15.73233u
,,874.42k,15.43537u
,,874.44k,12.51416u
,,874.46k,10.97437u
,,874.48k,11.55043u
,,874.5k,11.59964u
,,874.52k,11.24554u
,,874.54k,12.31596u
,,874.56k,13.61772u
,,874.58k,13.1741u
,,874.6k,11.72172u
,,874.62k,10.57314u
,,874.64k,9.932476u
,,874.66k,10.4452u
,,874.68k,11.20045u
,,874.7k,10.97023u
,,874.72k,10.14762u
,,874.74k,10.22655u
,,874.76k,11.02345u
,,874.78k,10.28561u
,,874.8k,8.998061u
,,874.82k,9.170526u
,,874.84k,9.732121u
,,874.86k,10.07197u
,,874.88k,10.328u
,,874.9k,10.27551u
,,874.92k,9.986532u
,,874.94k,10.81517u
,,874.96k,12.8282u
,,874.98k,15.86765u
,,875k,17.68336u
,,875.02k,17.09635u
,,875.04k,16.35255u
,,875.06k,15.25695u
,,875.08k,11.76754u
,,875.1k,8.407303u
,,875.12k,7.867627u
,,875.14k,9.844451u
,,875.16k,14.39246u
,,875.18k,17.99116u
,,875.2k,16.70053u
,,875.22k,13.82148u
,,875.24k,12.93804u
,,875.26k,12.84786u
,,875.28k,12.74659u
,,875.3k,12.39978u
,,875.32k,12.3685u
,,875.34k,13.18277u
,,875.36k,13.87801u
,,875.38k,14.5686u
,,875.4k,13.69352u
,,875.42k,12.26252u
,,875.44k,10.78624u
,,875.46k,9.90141u
,,875.48k,11.13865u
,,875.5k,12.19921u
,,875.52k,10.96045u
,,875.54k,9.819211u
,,875.56k,10.18303u
,,875.58k,10.85685u
,,875.6k,13.291u
,,875.62k,17.82957u
,,875.64k,20.39204u
,,875.66k,18.60863u
,,875.68k,14.15559u
,,875.7k,10.74361u
,,875.72k,10.36599u
,,875.74k,11.73602u
,,875.76k,13.42119u
,,875.78k,15.04728u
,,875.8k,15.35484u
,,875.82k,12.69708u
,,875.84k,9.81758u
,,875.86k,9.698849u
,,875.88k,11.08638u
,,875.9k,11.47241u
,,875.92k,11.8152u
,,875.94k,11.63229u
,,875.96k,12.18356u
,,875.98k,13.79566u
,,876k,13.30483u
,,876.02k,11.87597u
,,876.04k,11.57724u
,,876.06k,12.89833u
,,876.08k,14.1796u
,,876.1k,12.37285u
,,876.12k,9.181589u
,,876.14k,9.190952u
,,876.16k,11.87313u
,,876.18k,14.52282u
,,876.2k,14.85986u
,,876.22k,13.57977u
,,876.24k,14.86966u
,,876.26k,16.89747u
,,876.28k,15.87699u
,,876.3k,13.90211u
,,876.32k,12.96064u
,,876.34k,12.40932u
,,876.36k,10.66002u
,,876.38k,9.557995u
,,876.4k,10.99033u
,,876.42k,12.78662u
,,876.44k,13.22043u
,,876.46k,12.96281u
,,876.48k,13.02093u
,,876.5k,14.60641u
,,876.52k,17.71245u
,,876.54k,19.37252u
,,876.56k,19.51813u
,,876.58k,18.89185u
,,876.6k,15.89045u
,,876.62k,13.11278u
,,876.64k,12.52723u
,,876.66k,12.50088u
,,876.68k,11.69093u
,,876.7k,10.66241u
,,876.72k,10.85939u
,,876.74k,12.74881u
,,876.76k,14.68405u
,,876.78k,14.50778u
,,876.8k,11.553u
,,876.82k,10.24916u
,,876.84k,12.2605u
,,876.86k,13.04386u
,,876.88k,12.44487u
,,876.9k,13.57777u
,,876.92k,13.99398u
,,876.94k,13.31205u
,,876.96k,13.13142u
,,876.98k,12.66439u
,,877k,12.12145u
,,877.02k,13.17429u
,,877.04k,14.41528u
,,877.06k,14.12197u
,,877.08k,11.01379u
,,877.1k,8.44226u
,,877.12k,8.788959u
,,877.14k,10.4406u
,,877.16k,12.43226u
,,877.18k,12.55957u
,,877.2k,10.48541u
,,877.22k,9.58015u
,,877.24k,13.25988u
,,877.26k,15.67399u
,,877.28k,14.65654u
,,877.3k,15.42699u
,,877.32k,18.25276u
,,877.34k,18.79836u
,,877.36k,17.80895u
,,877.38k,15.24433u
,,877.4k,12.43349u
,,877.42k,11.62869u
,,877.44k,13.62021u
,,877.46k,15.37373u
,,877.48k,15.21503u
,,877.5k,14.11598u
,,877.52k,12.50109u
,,877.54k,12.45036u
,,877.56k,14.4398u
,,877.58k,15.55092u
,,877.6k,13.31301u
,,877.62k,10.85228u
,,877.64k,12.52916u
,,877.66k,15.38693u
,,877.68k,15.15033u
,,877.7k,14.32433u
,,877.72k,13.709u
,,877.74k,12.96326u
,,877.76k,13.25027u
,,877.78k,14.73973u
,,877.8k,14.89782u
,,877.82k,13.71184u
,,877.84k,12.49588u
,,877.86k,12.02484u
,,877.88k,12.01667u
,,877.9k,11.47645u
,,877.92k,10.82599u
,,877.94k,11.43912u
,,877.96k,14.43783u
,,877.98k,17.59384u
,,878k,16.88555u
,,878.02k,13.68012u
,,878.04k,11.88138u
,,878.06k,12.25561u
,,878.08k,13.84994u
,,878.1k,15.20906u
,,878.12k,15.49697u
,,878.14k,14.76779u
,,878.16k,12.69871u
,,878.18k,12.25854u
,,878.2k,15.27061u
,,878.22k,18.06579u
,,878.24k,17.97404u
,,878.26k,16.1243u
,,878.28k,14.79649u
,,878.3k,13.07698u
,,878.32k,11.71595u
,,878.34k,13.08123u
,,878.36k,15.61992u
,,878.38k,16.81162u
,,878.4k,16.0456u
,,878.42k,15.01996u
,,878.44k,15.49172u
,,878.46k,16.46105u
,,878.48k,17.42287u
,,878.5k,18.90926u
,,878.52k,19.77289u
,,878.54k,19.03669u
,,878.56k,17.98664u
,,878.58k,16.87587u
,,878.6k,16.15133u
,,878.62k,16.06075u
,,878.64k,15.91818u
,,878.66k,15.00887u
,,878.68k,14.55743u
,,878.7k,15.62271u
,,878.72k,15.75536u
,,878.74k,14.51516u
,,878.76k,15.25232u
,,878.78k,16.75518u
,,878.8k,15.5048u
,,878.82k,13.72057u
,,878.84k,14.07632u
,,878.86k,14.02311u
,,878.88k,12.26193u
,,878.9k,10.8082u
,,878.92k,11.21561u
,,878.94k,11.93829u
,,878.96k,12.05437u
,,878.98k,11.21974u
,,879k,10.2653u
,,879.02k,10.55145u
,,879.04k,12.27791u
,,879.06k,14.75077u
,,879.08k,16.36767u
,,879.1k,15.97406u
,,879.12k,14.1016u
,,879.14k,13.15765u
,,879.16k,14.08113u
,,879.18k,14.35385u
,,879.2k,14.80425u
,,879.22k,16.52619u
,,879.24k,15.77058u
,,879.26k,13.24151u
,,879.28k,13.65879u
,,879.3k,14.63044u
,,879.32k,12.85849u
,,879.34k,11.20299u
,,879.36k,11.68424u
,,879.38k,12.24647u
,,879.4k,12.50981u
,,879.42k,12.63434u
,,879.44k,12.80742u
,,879.46k,13.30381u
,,879.48k,14.33998u
,,879.5k,14.44593u
,,879.52k,12.33928u
,,879.54k,12.35628u
,,879.56k,15.23182u
,,879.58k,15.42684u
,,879.6k,13.56848u
,,879.62k,13.78397u
,,879.64k,14.97651u
,,879.66k,14.59988u
,,879.68k,13.31144u
,,879.7k,12.84635u
,,879.72k,12.96486u
,,879.74k,11.89475u
,,879.76k,10.58796u
,,879.78k,10.29928u
,,879.8k,11.14452u
,,879.82k,14.64194u
,,879.84k,17.85821u
,,879.86k,17.10127u
,,879.88k,14.36423u
,,879.9k,13.45711u
,,879.92k,14.12334u
,,879.94k,13.63172u
,,879.96k,10.99846u
,,879.98k,9.938001u
,,880k,11.9525u
,,880.02k,13.70061u
,,880.04k,12.67412u
,,880.06k,10.14271u
,,880.08k,8.143033u
,,880.1k,7.816598u
,,880.12k,9.171237u
,,880.14k,11.33927u
,,880.16k,12.9851u
,,880.18k,14.10621u
,,880.2k,14.55778u
,,880.22k,13.10867u
,,880.24k,10.68737u
,,880.26k,8.516052u
,,880.28k,7.730678u
,,880.3k,9.251966u
,,880.32k,12.73017u
,,880.34k,16.40939u
,,880.36k,18.78953u
,,880.38k,20.05091u
,,880.4k,18.66943u
,,880.42k,15.60512u
,,880.44k,14.84157u
,,880.46k,15.17349u
,,880.48k,14.28796u
,,880.5k,13.34396u
,,880.52k,13.07962u
,,880.54k,13.66066u
,,880.56k,14.27674u
,,880.58k,13.39878u
,,880.6k,12.01469u
,,880.62k,12.1168u
,,880.64k,12.16899u
,,880.66k,10.92557u
,,880.68k,10.97087u
,,880.7k,13.6147u
,,880.72k,16.419u
,,880.74k,16.73712u
,,880.76k,15.56631u
,,880.78k,16.11515u
,,880.8k,17.50906u
,,880.82k,16.68871u
,,880.84k,15.7415u
,,880.86k,17.03094u
,,880.88k,17.65552u
,,880.9k,16.37986u
,,880.92k,15.35609u
,,880.94k,16.16341u
,,880.96k,17.53773u
,,880.98k,17.47564u
,,881k,16.86962u
,,881.02k,17.31115u
,,881.04k,16.32461u
,,881.06k,13.84696u
,,881.08k,13.28566u
,,881.1k,14.88129u
,,881.12k,16.16046u
,,881.14k,15.27245u
,,881.16k,13.35309u
,,881.18k,12.58543u
,,881.2k,12.21506u
,,881.22k,11.73686u
,,881.24k,12.46626u
,,881.26k,14.20414u
,,881.28k,15.06725u
,,881.3k,16.3577u
,,881.32k,18.09542u
,,881.34k,17.07415u
,,881.36k,14.34514u
,,881.38k,14.05886u
,,881.4k,15.61397u
,,881.42k,16.26823u
,,881.44k,14.88716u
,,881.46k,13.96665u
,,881.48k,15.44604u
,,881.5k,16.48222u
,,881.52k,16.91375u
,,881.54k,19.80068u
,,881.56k,21.59248u
,,881.58k,19.21276u
,,881.6k,16.45836u
,,881.62k,14.74359u
,,881.64k,12.41933u
,,881.66k,10.95854u
,,881.68k,11.01549u
,,881.7k,12.86657u
,,881.72k,15.89084u
,,881.74k,18.43781u
,,881.76k,19.49237u
,,881.78k,18.60907u
,,881.8k,17.69755u
,,881.82k,18.66988u
,,881.84k,18.26133u
,,881.86k,16.53899u
,,881.88k,15.87374u
,,881.9k,13.82859u
,,881.92k,12.07726u
,,881.94k,13.62122u
,,881.96k,16.95138u
,,881.98k,18.48803u
,,882k,17.81044u
,,882.02k,17.91274u
,,882.04k,17.40573u
,,882.06k,15.23195u
,,882.08k,14.7087u
,,882.1k,17.04767u
,,882.12k,19.26606u
,,882.14k,17.88902u
,,882.16k,14.71288u
,,882.18k,13.87876u
,,882.2k,14.70289u
,,882.22k,15.8402u
,,882.24k,17.34184u
,,882.26k,17.73401u
,,882.28k,15.3213u
,,882.3k,11.22469u
,,882.32k,9.744914u
,,882.34k,11.63588u
,,882.36k,14.49306u
,,882.38k,17.09235u
,,882.4k,18.08736u
,,882.42k,17.02507u
,,882.44k,14.82473u
,,882.46k,13.1406u
,,882.48k,13.25417u
,,882.5k,14.97201u
,,882.52k,14.8812u
,,882.54k,14.19896u
,,882.56k,16.0131u
,,882.58k,17.35154u
,,882.6k,16.94021u
,,882.62k,15.2311u
,,882.64k,13.53888u
,,882.66k,13.88049u
,,882.68k,15.21632u
,,882.7k,15.65823u
,,882.72k,15.63249u
,,882.74k,15.15076u
,,882.76k,14.54597u
,,882.78k,13.55927u
,,882.8k,12.77626u
,,882.82k,13.76924u
,,882.84k,15.63858u
,,882.86k,14.52236u
,,882.88k,11.74063u
,,882.9k,11.50954u
,,882.92k,13.57297u
,,882.94k,16.58584u
,,882.96k,18.57963u
,,882.98k,18.65109u
,,883k,18.3973u
,,883.02k,17.10236u
,,883.04k,14.47168u
,,883.06k,13.22851u
,,883.08k,14.24414u
,,883.1k,16.44904u
,,883.12k,17.46987u
,,883.14k,16.81427u
,,883.16k,15.5997u
,,883.18k,14.15894u
,,883.2k,13.8107u
,,883.22k,11.90067u
,,883.24k,9.747956u
,,883.26k,10.9457u
,,883.28k,14.93024u
,,883.3k,15.17145u
,,883.32k,12.68499u
,,883.34k,13.08632u
,,883.36k,15.87419u
,,883.38k,17.333u
,,883.4k,16.91632u
,,883.42k,16.57039u
,,883.44k,16.23149u
,,883.46k,14.92013u
,,883.48k,12.93431u
,,883.5k,10.22692u
,,883.52k,8.396545u
,,883.54k,9.628598u
,,883.56k,12.61046u
,,883.58k,14.79322u
,,883.6k,13.54307u
,,883.62k,10.70671u
,,883.64k,9.406806u
,,883.66k,9.301918u
,,883.68k,9.470797u
,,883.7k,9.734086u
,,883.72k,9.753846u
,,883.74k,9.563929u
,,883.76k,10.69734u
,,883.78k,12.36377u
,,883.8k,14.05399u
,,883.82k,14.99603u
,,883.84k,13.81904u
,,883.86k,10.31922u
,,883.88k,8.028056u
,,883.9k,9.721131u
,,883.92k,13.11852u
,,883.94k,14.44448u
,,883.96k,12.98362u
,,883.98k,9.348834u
,,884k,5.951251u
,,884.02k,6.398682u
,,884.04k,11.5564u
,,884.06k,15.50905u
,,884.08k,15.78813u
,,884.1k,14.35448u
,,884.12k,11.81568u
,,884.14k,10.87395u
,,884.16k,12.44904u
,,884.18k,13.61479u
,,884.2k,13.02386u
,,884.22k,11.18474u
,,884.24k,10.43224u
,,884.26k,8.869649u
,,884.28k,7.603103u
,,884.3k,8.138453u
,,884.32k,10.67498u
,,884.34k,12.98405u
,,884.36k,13.66354u
,,884.38k,13.45843u
,,884.4k,12.50288u
,,884.42k,11.98039u
,,884.44k,10.36673u
,,884.46k,7.369493u
,,884.48k,5.931593u
,,884.5k,6.446567u
,,884.52k,8.417818u
,,884.54k,9.904853u
,,884.56k,9.017902u
,,884.58k,7.403896u
,,884.6k,5.894521u
,,884.62k,4.78417u
,,884.64k,5.571986u
,,884.66k,6.661385u
,,884.68k,6.778907u
,,884.7k,6.582138u
,,884.72k,7.599284u
,,884.74k,10.25853u
,,884.76k,12.04338u
,,884.78k,10.44335u
,,884.8k,8.790565u
,,884.82k,8.92039u
,,884.84k,7.976577u
,,884.86k,6.899859u
,,884.88k,7.841164u
,,884.9k,9.715482u
,,884.92k,9.590592u
,,884.94k,8.056165u
,,884.96k,7.301033u
,,884.98k,6.072351u
,,885k,4.863942u
,,885.02k,6.492999u
,,885.04k,9.26269u
,,885.06k,11.64557u
,,885.08k,10.33695u
,,885.1k,7.383338u
,,885.12k,7.6271u
,,885.14k,9.928867u
,,885.16k,9.368988u
,,885.18k,7.037593u
,,885.2k,7.234484u
,,885.22k,8.913177u
,,885.24k,11.04673u
,,885.26k,13.19177u
,,885.28k,13.64286u
,,885.3k,13.75184u
,,885.32k,14.03749u
,,885.34k,13.37082u
,,885.36k,12.94071u
,,885.38k,11.42217u
,,885.4k,9.06748u
,,885.42k,8.596232u
,,885.44k,11.06477u
,,885.46k,14.16595u
,,885.48k,15.04894u
,,885.5k,14.61919u
,,885.52k,14.25396u
,,885.54k,13.50957u
,,885.56k,11.92658u
,,885.58k,10.05896u
,,885.6k,7.074196u
,,885.62k,5.343397u
,,885.64k,7.76705u
,,885.66k,10.90711u
,,885.68k,10.9263u
,,885.7k,9.803797u
,,885.72k,10.05012u
,,885.74k,11.0936u
,,885.76k,11.11908u
,,885.78k,10.42936u
,,885.8k,10.47491u
,,885.82k,11.61747u
,,885.84k,13.86669u
,,885.86k,15.36813u
,,885.88k,15.38295u
,,885.9k,14.40014u
,,885.92k,13.07475u
,,885.94k,11.68417u
,,885.96k,11.28266u
,,885.98k,11.70469u
,,886k,10.39921u
,,886.02k,8.819028u
,,886.04k,8.459356u
,,886.06k,9.498645u
,,886.08k,10.75524u
,,886.1k,11.22085u
,,886.12k,11.61949u
,,886.14k,12.5117u
,,886.16k,12.38658u
,,886.18k,11.1733u
,,886.2k,10.85558u
,,886.22k,10.62139u
,,886.24k,10.59028u
,,886.26k,12.40852u
,,886.28k,13.9119u
,,886.3k,14.02299u
,,886.32k,12.50102u
,,886.34k,10.15219u
,,886.36k,9.599118u
,,886.38k,11.28325u
,,886.4k,12.42499u
,,886.42k,12.41894u
,,886.44k,12.26632u
,,886.46k,11.86754u
,,886.48k,10.94298u
,,886.5k,8.908888u
,,886.52k,8.195625u
,,886.54k,8.769994u
,,886.56k,8.629801u
,,886.58k,9.642311u
,,886.6k,11.14025u
,,886.62k,12.04581u
,,886.64k,12.65932u
,,886.66k,12.9492u
,,886.68k,12.18699u
,,886.7k,11.0466u
,,886.72k,11.76403u
,,886.74k,13.64213u
,,886.76k,14.76451u
,,886.78k,14.3629u
,,886.8k,12.95722u
,,886.82k,11.08139u
,,886.84k,9.888797u
,,886.86k,10.1216u
,,886.88k,10.91778u
,,886.9k,10.66724u
,,886.92k,10.35206u
,,886.94k,11.59321u
,,886.96k,13.49102u
,,886.98k,15.00345u
,,887k,14.47171u
,,887.02k,12.396u
,,887.04k,11.66739u
,,887.06k,12.34677u
,,887.08k,12.34334u
,,887.1k,12.15619u
,,887.12k,14.33392u
,,887.14k,15.05293u
,,887.16k,12.80688u
,,887.18k,13.73825u
,,887.2k,16.63157u
,,887.22k,15.22616u
,,887.24k,11.19884u
,,887.26k,9.574171u
,,887.28k,10.96855u
,,887.3k,11.96041u
,,887.32k,12.18852u
,,887.34k,12.28307u
,,887.36k,11.42096u
,,887.38k,9.833156u
,,887.4k,9.641816u
,,887.42k,11.0069u
,,887.44k,12.84228u
,,887.46k,14.78633u
,,887.48k,16.12838u
,,887.5k,14.84099u
,,887.52k,12.10428u
,,887.54k,12.56269u
,,887.56k,16.03613u
,,887.58k,17.70459u
,,887.6k,15.6247u
,,887.62k,13.5609u
,,887.64k,13.20791u
,,887.66k,12.553u
,,887.68k,11.08602u
,,887.7k,11.67596u
,,887.72k,13.21209u
,,887.74k,13.34945u
,,887.76k,13.42241u
,,887.78k,14.17552u
,,887.8k,15.43078u
,,887.82k,17.23464u
,,887.84k,17.6446u
,,887.86k,16.30122u
,,887.88k,14.71451u
,,887.9k,12.6974u
,,887.92k,12.3991u
,,887.94k,14.4005u
,,887.96k,15.63731u
,,887.98k,15.62237u
,,888k,15.35958u
,,888.02k,14.74928u
,,888.04k,14.56512u
,,888.06k,15.72632u
,,888.08k,16.33255u
,,888.1k,14.85867u
,,888.12k,12.84005u
,,888.14k,11.80842u
,,888.16k,11.75242u
,,888.18k,13.07612u
,,888.2k,15.68212u
,,888.22k,16.69711u
,,888.24k,14.95911u
,,888.26k,13.13645u
,,888.28k,12.84568u
,,888.3k,13.27765u
,,888.32k,14.46629u
,,888.34k,16.043u
,,888.36k,16.82217u
,,888.38k,17.31016u
,,888.4k,17.5048u
,,888.42k,18.41933u
,,888.44k,19.61772u
,,888.46k,18.77972u
,,888.48k,16.05791u
,,888.5k,13.50312u
,,888.52k,12.73983u
,,888.54k,12.81206u
,,888.56k,14.24428u
,,888.58k,15.88369u
,,888.6k,16.46293u
,,888.62k,16.91817u
,,888.64k,17.92116u
,,888.66k,18.68032u
,,888.68k,18.0063u
,,888.7k,16.97238u
,,888.72k,17.4307u
,,888.74k,18.25429u
,,888.76k,18.4683u
,,888.78k,18.72363u
,,888.8k,17.21725u
,,888.82k,15.7924u
,,888.84k,16.56942u
,,888.86k,17.41073u
,,888.88k,17.61602u
,,888.9k,16.60502u
,,888.92k,15.05872u
,,888.94k,15.13343u
,,888.96k,16.25322u
,,888.98k,17.87732u
,,889k,20.02665u
,,889.02k,20.53301u
,,889.04k,19.04344u
,,889.06k,17.23897u
,,889.08k,15.77659u
,,889.1k,15.09991u
,,889.12k,15.50202u
,,889.14k,17.41245u
,,889.16k,19.28449u
,,889.18k,19.09968u
,,889.2k,18.46057u
,,889.22k,18.997u
,,889.24k,19.47296u
,,889.26k,18.17983u
,,889.28k,17.46805u
,,889.3k,18.00525u
,,889.32k,16.15459u
,,889.34k,14.10963u
,,889.36k,14.80326u
,,889.38k,16.6388u
,,889.4k,18.1967u
,,889.42k,18.55039u
,,889.44k,18.74809u
,,889.46k,18.24172u
,,889.48k,16.23268u
,,889.5k,14.56232u
,,889.52k,15.2778u
,,889.54k,17.95048u
,,889.56k,17.70562u
,,889.58k,16.50129u
,,889.6k,17.97698u
,,889.62k,20.60068u
,,889.64k,22.31018u
,,889.66k,21.05488u
,,889.68k,18.88571u
,,889.7k,17.45455u
,,889.72k,16.01267u
,,889.74k,16.31239u
,,889.76k,17.81535u
,,889.78k,18.14931u
,,889.8k,17.93498u
,,889.82k,17.49974u
,,889.84k,17.20666u
,,889.86k,18.37451u
,,889.88k,21.87258u
,,889.9k,25.54165u
,,889.92k,27.11915u
,,889.94k,26.24088u
,,889.96k,22.92099u
,,889.98k,19.51502u
,,890k,19.15795u
,,890.02k,19.64012u
,,890.04k,18.20698u
,,890.06k,15.83649u
,,890.08k,15.06133u
,,890.1k,17.381u
,,890.12k,20.51557u
,,890.14k,21.76477u
,,890.16k,21.69014u
,,890.18k,22.34661u
,,890.2k,23.54243u
,,890.22k,23.22488u
,,890.24k,21.51797u
,,890.26k,21.08919u
,,890.28k,21.76691u
,,890.3k,22.4581u
,,890.32k,23.73987u
,,890.34k,23.58942u
,,890.36k,20.82059u
,,890.38k,18.0756u
,,890.4k,17.32104u
,,890.42k,18.49007u
,,890.44k,20.20813u
,,890.46k,20.87836u
,,890.48k,21.36522u
,,890.5k,22.5394u
,,890.52k,23.63274u
,,890.54k,25.10186u
,,890.56k,25.32599u
,,890.58k,23.31556u
,,890.6k,22.05221u
,,890.62k,22.82768u
,,890.64k,23.59191u
,,890.66k,22.9445u
,,890.68k,21.96656u
,,890.7k,22.32632u
,,890.72k,22.62271u
,,890.74k,21.5125u
,,890.76k,21.26909u
,,890.78k,22.41502u
,,890.8k,22.35866u
,,890.82k,20.25563u
,,890.84k,18.15928u
,,890.86k,19.51491u
,,890.88k,23.40291u
,,890.9k,23.84287u
,,890.92k,21.79805u
,,890.94k,21.37412u
,,890.96k,20.74498u
,,890.98k,20.8159u
,,891k,22.92775u
,,891.02k,24.56866u
,,891.04k,25.07985u
,,891.06k,24.95481u
,,891.08k,25.01402u
,,891.1k,24.95185u
,,891.12k,24.81948u
,,891.14k,24.82438u
,,891.16k,23.76954u
,,891.18k,23.13586u
,,891.2k,24.25508u
,,891.22k,26.53149u
,,891.24k,28.21433u
,,891.26k,28.00467u
,,891.28k,26.3856u
,,891.3k,24.14386u
,,891.32k,22.49564u
,,891.34k,22.6742u
,,891.36k,25.06414u
,,891.38k,26.94211u
,,891.4k,26.66551u
,,891.42k,26.30624u
,,891.44k,26.66629u
,,891.46k,25.6843u
,,891.48k,22.4877u
,,891.5k,19.53218u
,,891.52k,18.26868u
,,891.54k,18.31918u
,,891.56k,19.93606u
,,891.58k,22.87476u
,,891.6k,24.20397u
,,891.62k,22.5115u
,,891.64k,21.13304u
,,891.66k,21.71965u
,,891.68k,22.84777u
,,891.7k,23.74291u
,,891.72k,23.91948u
,,891.74k,23.68471u
,,891.76k,24.24423u
,,891.78k,25.80273u
,,891.8k,26.29317u
,,891.82k,25.3433u
,,891.84k,24.26891u
,,891.86k,22.98692u
,,891.88k,21.81008u
,,891.9k,22.54755u
,,891.92k,24.79563u
,,891.94k,27.17822u
,,891.96k,28.56943u
,,891.98k,27.90268u
,,892k,27.24754u
,,892.02k,27.34694u
,,892.04k,25.9443u
,,892.06k,24.32582u
,,892.08k,24.64713u
,,892.1k,25.45088u
,,892.12k,24.83975u
,,892.14k,24.81619u
,,892.16k,26.67572u
,,892.18k,28.37597u
,,892.2k,28.80587u
,,892.22k,28.34339u
,,892.24k,28.16651u
,,892.26k,28.34714u
,,892.28k,28.81888u
,,892.3k,30.15783u
,,892.32k,30.19203u
,,892.34k,27.08823u
,,892.36k,22.79327u
,,892.38k,21.28888u
,,892.4k,23.35042u
,,892.42k,25.23889u
,,892.44k,26.00792u
,,892.46k,27.02623u
,,892.48k,27.40571u
,,892.5k,25.84979u
,,892.52k,25.00415u
,,892.54k,26.09436u
,,892.56k,25.73512u
,,892.58k,24.66146u
,,892.6k,25.50462u
,,892.62k,26.44685u
,,892.64k,26.1492u
,,892.66k,26.83782u
,,892.68k,28.94217u
,,892.7k,29.09373u
,,892.72k,27.48742u
,,892.74k,27.26772u
,,892.76k,27.74594u
,,892.78k,26.48711u
,,892.8k,24.61506u
,,892.82k,24.21888u
,,892.84k,25.57898u
,,892.86k,27.7772u
,,892.88k,28.84478u
,,892.9k,28.19218u
,,892.92k,28.88589u
,,892.94k,30.86413u
,,892.96k,29.69349u
,,892.98k,27.06228u
,,893k,26.74893u
,,893.02k,27.15522u
,,893.04k,27.33451u
,,893.06k,27.84802u
,,893.08k,28.33361u
,,893.1k,29.46701u
,,893.12k,30.71705u
,,893.14k,30.64477u
,,893.16k,29.33509u
,,893.18k,27.25108u
,,893.2k,26.18883u
,,893.22k,27.55812u
,,893.24k,28.77285u
,,893.26k,27.48011u
,,893.28k,25.41119u
,,893.3k,24.01646u
,,893.32k,23.16758u
,,893.34k,23.90161u
,,893.36k,26.75037u
,,893.38k,28.07577u
,,893.4k,27.08098u
,,893.42k,27.71494u
,,893.44k,30.2016u
,,893.46k,31.77618u
,,893.48k,29.6568u
,,893.5k,25.92872u
,,893.52k,25.01246u
,,893.54k,26.41012u
,,893.56k,28.54551u
,,893.58k,29.72669u
,,893.6k,28.3658u
,,893.62k,26.47469u
,,893.64k,25.69276u
,,893.66k,25.1283u
,,893.68k,24.06058u
,,893.7k,24.70898u
,,893.72k,26.91091u
,,893.74k,27.81888u
,,893.76k,26.57762u
,,893.78k,25.04602u
,,893.8k,23.79098u
,,893.82k,24.08172u
,,893.84k,25.56925u
,,893.86k,25.73973u
,,893.88k,24.50507u
,,893.9k,24.32217u
,,893.92k,25.22451u
,,893.94k,25.72899u
,,893.96k,24.7573u
,,893.98k,23.50742u
,,894k,24.71863u
,,894.02k,26.93579u
,,894.04k,26.89143u
,,894.06k,24.87297u
,,894.08k,24.24586u
,,894.1k,26.22339u
,,894.12k,27.44179u
,,894.14k,26.06956u
,,894.16k,25.12248u
,,894.18k,26.31119u
,,894.2k,27.16105u
,,894.22k,27.33805u
,,894.24k,29.02602u
,,894.26k,30.97423u
,,894.28k,30.26624u
,,894.3k,27.79607u
,,894.32k,26.91094u
,,894.34k,27.95002u
,,894.36k,29.06304u
,,894.38k,30.22852u
,,894.4k,30.44539u
,,894.42k,28.37293u
,,894.44k,26.83492u
,,894.46k,26.82009u
,,894.48k,26.52586u
,,894.5k,26.8428u
,,894.52k,28.25297u
,,894.54k,28.5033u
,,894.56k,26.74901u
,,894.58k,25.34144u
,,894.6k,24.54439u
,,894.62k,23.29126u
,,894.64k,23.19799u
,,894.66k,25.69336u
,,894.68k,28.28984u
,,894.7k,27.93908u
,,894.72k,25.9442u
,,894.74k,24.78861u
,,894.76k,26.04102u
,,894.78k,28.40645u
,,894.8k,27.90476u
,,894.82k,25.13094u
,,894.84k,23.60174u
,,894.86k,23.03719u
,,894.88k,22.55234u
,,894.9k,22.5302u
,,894.92k,22.9553u
,,894.94k,22.84248u
,,894.96k,21.19571u
,,894.98k,20.34858u
,,895k,21.42498u
,,895.02k,23.14796u
,,895.04k,24.85145u
,,895.06k,24.29196u
,,895.08k,22.47503u
,,895.1k,23.09003u
,,895.12k,24.32318u
,,895.14k,23.57236u
,,895.16k,23.24916u
,,895.18k,24.41297u
,,895.2k,25.41021u
,,895.22k,26.08079u
,,895.24k,26.218u
,,895.26k,26.21886u
,,895.28k,26.35953u
,,895.3k,25.03667u
,,895.32k,21.10508u
,,895.34k,17.84153u
,,895.36k,18.62599u
,,895.38k,20.73923u
,,895.4k,20.76439u
,,895.42k,19.7485u
,,895.44k,19.23393u
,,895.46k,19.48353u
,,895.48k,21.18355u
,,895.5k,23.02212u
,,895.52k,23.50656u
,,895.54k,23.8885u
,,895.56k,24.2806u
,,895.58k,23.52573u
,,895.6k,22.41294u
,,895.62k,22.02274u
,,895.64k,22.41941u
,,895.66k,23.29867u
,,895.68k,23.91572u
,,895.7k,23.47704u
,,895.72k,22.51882u
,,895.74k,22.63298u
,,895.76k,24.31589u
,,895.78k,24.50206u
,,895.8k,22.15216u
,,895.82k,20.59218u
,,895.84k,21.62642u
,,895.86k,23.7296u
,,895.88k,23.35463u
,,895.9k,21.06497u
,,895.92k,19.54395u
,,895.94k,17.86615u
,,895.96k,16.19542u
,,895.98k,16.35587u
,,896k,19.0441u
,,896.02k,22.28012u
,,896.04k,23.4442u
,,896.06k,22.12798u
,,896.08k,21.40505u
,,896.1k,23.24599u
,,896.12k,23.73111u
,,896.14k,21.20174u
,,896.16k,19.18541u
,,896.18k,18.24088u
,,896.2k,17.54828u
,,896.22k,18.56752u
,,896.24k,21.23266u
,,896.26k,22.06194u
,,896.28k,20.91737u
,,896.3k,19.36109u
,,896.32k,17.75421u
,,896.34k,16.92344u
,,896.36k,16.03626u
,,896.38k,15.72759u
,,896.4k,18.32334u
,,896.42k,20.97221u
,,896.44k,21.05756u
,,896.46k,22.23671u
,,896.48k,24.75223u
,,896.5k,24.68452u
,,896.52k,21.35065u
,,896.54k,16.99903u
,,896.56k,15.13763u
,,896.58k,17.53717u
,,896.6k,20.11289u
,,896.62k,19.38246u
,,896.64k,17.86343u
,,896.66k,18.82157u
,,896.68k,20.14565u
,,896.7k,19.23308u
,,896.72k,17.66216u
,,896.74k,17.99928u
,,896.76k,19.5444u
,,896.78k,19.19482u
,,896.8k,16.33886u
,,896.82k,14.95743u
,,896.84k,16.29207u
,,896.86k,17.17004u
,,896.88k,18.0171u
,,896.9k,18.90644u
,,896.92k,18.95982u
,,896.94k,18.00953u
,,896.96k,16.18641u
,,896.98k,15.35609u
,,897k,15.49339u
,,897.02k,15.72129u
,,897.04k,16.22472u
,,897.06k,16.19273u
,,897.08k,14.84776u
,,897.1k,14.09907u
,,897.12k,14.91946u
,,897.14k,14.92179u
,,897.16k,13.01799u
,,897.18k,10.45019u
,,897.2k,9.871352u
,,897.22k,12.50853u
,,897.24k,15.91925u
,,897.26k,17.39166u
,,897.28k,17.1353u
,,897.3k,16.64556u
,,897.32k,17.35612u
,,897.34k,18.94774u
,,897.36k,20.38532u
,,897.38k,20.76758u
,,897.4k,19.63688u
,,897.42k,17.94291u
,,897.44k,17.51881u
,,897.46k,18.78682u
,,897.48k,18.70822u
,,897.5k,15.95363u
,,897.52k,14.15942u
,,897.54k,15.1065u
,,897.56k,16.89038u
,,897.58k,18.22547u
,,897.6k,17.59224u
,,897.62k,16.31574u
,,897.64k,15.67874u
,,897.66k,14.15115u
,,897.68k,12.93102u
,,897.7k,13.02614u
,,897.72k,14.56365u
,,897.74k,18.73784u
,,897.76k,21.99387u
,,897.78k,21.03919u
,,897.8k,19.66789u
,,897.82k,20.28809u
,,897.84k,19.98321u
,,897.86k,18.34864u
,,897.88k,17.70326u
,,897.9k,16.93948u
,,897.92k,14.49201u
,,897.94k,13.18033u
,,897.96k,14.18712u
,,897.98k,15.34442u
,,898k,16.21946u
,,898.02k,15.38639u
,,898.04k,13.5043u
,,898.06k,13.87473u
,,898.08k,15.79956u
,,898.1k,16.98655u
,,898.12k,16.7965u
,,898.14k,16.16603u
,,898.16k,16.84598u
,,898.18k,17.7946u
,,898.2k,18.1013u
,,898.22k,18.97456u
,,898.24k,19.19682u
,,898.26k,17.59677u
,,898.28k,17.26043u
,,898.3k,17.91143u
,,898.32k,15.59063u
,,898.34k,12.57269u
,,898.36k,13.53505u
,,898.38k,15.66795u
,,898.4k,14.44188u
,,898.42k,11.38366u
,,898.44k,11.46073u
,,898.46k,14.256u
,,898.48k,14.9115u
,,898.5k,13.97206u
,,898.52k,14.19684u
,,898.54k,15.68411u
,,898.56k,16.40633u
,,898.58k,15.69969u
,,898.6k,14.4933u
,,898.62k,14.38096u
,,898.64k,15.252u
,,898.66k,16.09616u
,,898.68k,16.69498u
,,898.7k,16.38754u
,,898.72k,14.99037u
,,898.74k,14.34528u
,,898.76k,16.32875u
,,898.78k,17.5663u
,,898.8k,15.72329u
,,898.82k,13.9733u
,,898.84k,14.85846u
,,898.86k,15.95712u
,,898.88k,15.13361u
,,898.9k,14.43931u
,,898.92k,13.08464u
,,898.94k,10.84453u
,,898.96k,10.65168u
,,898.98k,13.09252u
,,899k,15.92993u
,,899.02k,16.35856u
,,899.04k,14.69199u
,,899.06k,13.48449u
,,899.08k,12.36329u
,,899.1k,10.57667u
,,899.12k,10.09713u
,,899.14k,12.06205u
,,899.16k,13.45582u
,,899.18k,14.04546u
,,899.2k,13.58916u
,,899.22k,12.06339u
,,899.24k,10.38565u
,,899.26k,10.37462u
,,899.28k,12.39502u
,,899.3k,14.2463u
,,899.32k,14.72864u
,,899.34k,14.68639u
,,899.36k,13.64002u
,,899.38k,11.7257u
,,899.4k,11.34004u
,,899.42k,13.31168u
,,899.44k,15.39348u
,,899.46k,14.62893u
,,899.48k,11.03841u
,,899.5k,7.474159u
,,899.52k,5.415406u
,,899.54k,5.973347u
,,899.56k,7.699282u
,,899.58k,8.167308u
,,899.6k,8.781144u
,,899.62k,11.47849u
,,899.64k,14.46115u
,,899.66k,16.04192u
,,899.68k,16.28365u
,,899.7k,14.90013u
,,899.72k,12.32841u
,,899.74k,11.23553u
,,899.76k,11.97337u
,,899.78k,12.64284u
,,899.8k,12.11984u
,,899.82k,10.98754u
,,899.84k,11.90907u
,,899.86k,13.86998u
,,899.88k,13.42767u
,,899.9k,11.92556u
,,899.92k,11.17773u
,,899.94k,11.09444u
,,899.96k,11.02668u
,,899.98k,9.227414u
,,900k,7.198584u
,,900.02k,5.955671u
,,900.04k,5.17979u
,,900.06k,5.89542u
,,900.08k,8.021113u
,,900.1k,7.950956u
,,900.12k,6.705613u
,,900.14k,7.63494u
,,900.16k,9.375482u
,,900.18k,10.08491u
,,900.2k,10.34763u
,,900.22k,10.15544u
,,900.24k,9.477976u
,,900.26k,8.369643u
,,900.28k,9.14592u
,,900.3k,8.992523u
,,900.32k,6.936351u
,,900.34k,7.513129u
,,900.36k,11.09686u
,,900.38k,13.36904u
,,900.4k,13.40553u
,,900.42k,13.34933u
,,900.44k,10.79622u
,,900.46k,5.993171u
,,900.48k,4.719443u
,,900.5k,5.753727u
,,900.52k,6.526982u
,,900.54k,6.539815u
,,900.56k,7.656579u
,,900.58k,8.560615u
,,900.6k,7.43871u
,,900.62k,4.751396u
,,900.64k,4.523423u
,,900.66k,7.858521u
,,900.68k,10.68259u
,,900.7k,10.70361u
,,900.72k,8.946855u
,,900.74k,8.430528u
,,900.76k,10.63186u
,,900.78k,12.92784u
,,900.8k,12.05283u
,,900.82k,8.329469u
,,900.84k,5.214534u
,,900.86k,4.376643u
,,900.88k,4.209023u
,,900.9k,4.856046u
,,900.92k,7.295604u
,,900.94k,10.26723u
,,900.96k,11.91173u
,,900.98k,11.79724u
,,901k,10.05026u
,,901.02k,8.759585u
,,901.04k,9.687222u
,,901.06k,10.64578u
,,901.08k,9.986463u
,,901.1k,8.695727u
,,901.12k,9.83004u
,,901.14k,10.64807u
,,901.16k,10.05681u
,,901.18k,9.851431u
,,901.2k,8.223888u
,,901.22k,5.356929u
,,901.24k,4.002046u
,,901.26k,4.915631u
,,901.28k,6.906536u
,,901.3k,8.482669u
,,901.32k,10.68561u
,,901.34k,11.36493u
,,901.36k,9.277296u
,,901.38k,5.800141u
,,901.4k,3.52974u
,,901.42k,4.123054u
,,901.44k,6.115655u
,,901.46k,7.437823u
,,901.48k,8.231802u
,,901.5k,8.732012u
,,901.52k,9.304629u
,,901.54k,9.481937u
,,901.56k,7.897326u
,,901.58k,6.444907u
,,901.6k,7.224939u
,,901.62k,9.038918u
,,901.64k,10.48551u
,,901.66k,10.65814u
,,901.68k,9.015555u
,,901.7k,7.784506u
,,901.72k,8.983627u
,,901.74k,11.1309u
,,901.76k,11.27038u
,,901.78k,9.028103u
,,901.8k,8.226944u
,,901.82k,9.488798u
,,901.84k,9.693191u
,,901.86k,8.418351u
,,901.88k,7.417869u
,,901.9k,7.87919u
,,901.92k,8.618524u
,,901.94k,8.653631u
,,901.96k,7.206083u
,,901.98k,6.121208u
,,902k,5.907436u
,,902.02k,4.524654u
,,902.04k,3.379341u
,,902.06k,4.008529u
,,902.08k,5.243244u
,,902.1k,5.96264u
,,902.12k,7.271769u
,,902.14k,7.193734u
,,902.16k,7.059646u
,,902.18k,10.39275u
,,902.2k,14.7749u
,,902.22k,15.25091u
,,902.24k,12.11574u
,,902.26k,10.0732u
,,902.28k,9.984533u
,,902.3k,8.418767u
,,902.32k,5.890395u
,,902.34k,6.480346u
,,902.36k,9.217703u
,,902.38k,9.352748u
,,902.4k,7.135776u
,,902.42k,6.160832u
,,902.44k,5.677521u
,,902.46k,5.536581u
,,902.48k,6.606344u
,,902.5k,7.380101u
,,902.52k,7.662689u
,,902.54k,8.227253u
,,902.56k,7.571207u
,,902.58k,6.429225u
,,902.6k,6.829722u
,,902.62k,7.561631u
,,902.64k,6.437839u
,,902.66k,5.976885u
,,902.68k,6.959879u
,,902.7k,6.688968u
,,902.72k,5.051323u
,,902.74k,3.55782u
,,902.76k,3.620463u
,,902.78k,4.698802u
,,902.8k,7.213263u
,,902.82k,8.057339u
,,902.84k,7.637539u
,,902.86k,7.983992u
,,902.88k,8.271575u
,,902.9k,8.143728u
,,902.92k,8.233835u
,,902.94k,6.772747u
,,902.96k,5.967199u
,,902.98k,6.863503u
,,903k,7.031809u
,,903.02k,6.714694u
,,903.04k,7.790978u
,,903.06k,9.382641u
,,903.08k,10.2304u
,,903.1k,9.733954u
,,903.12k,8.22024u
,,903.14k,7.833564u
,,903.16k,7.346549u
,,903.18k,4.458712u
,,903.2k,2.599875u
,,903.22k,3.470231u
,,903.24k,3.990195u
,,903.26k,2.753143u
,,903.28k,316.1984n
,,903.3k,1.310385u
,,903.32k,4.306626u
,,903.34k,6.599712u
,,903.36k,7.266976u
,,903.38k,7.682772u
,,903.4k,8.4083u
,,903.42k,8.602589u
,,903.44k,8.342827u
,,903.46k,8.821433u
,,903.48k,10.33217u
,,903.5k,9.364549u
,,903.52k,6.722739u
,,903.54k,5.925223u
,,903.56k,5.882207u
,,903.58k,5.363525u
,,903.6k,4.265019u
,,903.62k,1.759611u
,,903.64k,1.372991u
,,903.66k,4.133435u
,,903.68k,6.533207u
,,903.7k,7.905193u
,,903.72k,8.493918u
,,903.74k,7.184255u
,,903.76k,4.25371u
,,903.78k,3.432133u
,,903.8k,5.437048u
,,903.82k,7.232058u
,,903.84k,5.146403u
,,903.86k,2.298137u
,,903.88k,1.539919u
,,903.9k,3.235754u
,,903.92k,3.393932u
,,903.94k,3.125201u
,,903.96k,2.803833u
,,903.98k,4.277407u
,,904k,6.24208u
,,904.02k,6.526908u
,,904.04k,4.637508u
,,904.06k,3.016553u
,,904.08k,5.615948u
,,904.1k,9.780388u
,,904.12k,10.95512u
,,904.14k,9.907591u
,,904.16k,9.500426u
,,904.18k,7.509341u
,,904.2k,3.868311u
,,904.22k,2.378639u
,,904.24k,2.980082u
,,904.26k,4.194944u
,,904.28k,4.131907u
,,904.3k,2.595079u
,,904.32k,2.297298u
,,904.34k,2.774143u
,,904.36k,3.687348u
,,904.38k,3.133429u
,,904.4k,2.996871u
,,904.42k,4.637832u
,,904.44k,7.144387u
,,904.46k,8.083953u
,,904.48k,8.49701u
,,904.5k,8.724036u
,,904.52k,8.241118u
,,904.54k,6.280636u
,,904.56k,4.294185u
,,904.58k,3.442125u
,,904.6k,4.370423u
,,904.62k,5.569264u
,,904.64k,5.790116u
,,904.66k,4.06789u
,,904.68k,2.071687u
,,904.7k,1.724579u
,,904.72k,3.621423u
,,904.74k,5.746476u
,,904.76k,8.606136u
,,904.78k,10.34423u
,,904.8k,10.09942u
,,904.82k,8.246531u
,,904.84k,5.09796u
,,904.86k,2.940063u
,,904.88k,3.060936u
,,904.9k,5.078861u
,,904.92k,7.931546u
,,904.94k,7.644634u
,,904.96k,5.80677u
,,904.98k,5.848058u
,,905k,7.971543u
,,905.02k,8.889111u
,,905.04k,6.811315u
,,905.06k,5.316982u
,,905.08k,5.845303u
,,905.1k,7.06794u
,,905.12k,8.05532u
,,905.14k,7.532656u
,,905.16k,6.726009u
,,905.18k,6.119065u
,,905.2k,5.605201u
,,905.22k,6.516293u
,,905.24k,6.858548u
,,905.26k,4.69129u
,,905.28k,4.715972u
,,905.3k,7.38012u
,,905.32k,7.447921u
,,905.34k,7.508908u
,,905.36k,8.625826u
,,905.38k,8.185529u
,,905.4k,5.675901u
,,905.42k,5.315279u
,,905.44k,7.174175u
,,905.46k,8.879906u
,,905.48k,9.529088u
,,905.5k,7.481539u
,,905.52k,5.100749u
,,905.54k,5.020498u
,,905.56k,6.976055u
,,905.58k,9.256595u
,,905.6k,9.657631u
,,905.62k,8.890223u
,,905.64k,8.264555u
,,905.66k,7.089168u
,,905.68k,6.267525u
,,905.7k,7.0617u
,,905.72k,9.871063u
,,905.74k,11.36429u
,,905.76k,9.757147u
,,905.78k,7.009041u
,,905.8k,4.988655u
,,905.82k,5.223002u
,,905.84k,7.400774u
,,905.86k,8.490757u
,,905.88k,8.644199u
,,905.9k,8.521231u
,,905.92k,6.919307u
,,905.94k,4.747889u
,,905.96k,5.867525u
,,905.98k,6.204892u
,,906k,7.254763u
,,906.02k,9.225741u
,,906.04k,9.726503u
,,906.06k,9.075225u
,,906.08k,7.146135u
,,906.1k,5.161224u
,,906.12k,4.884642u
,,906.14k,5.897775u
,,906.16k,6.780943u
,,906.18k,7.501623u
,,906.2k,7.132785u
,,906.22k,5.819822u
,,906.24k,4.375824u
,,906.26k,5.405264u
,,906.28k,7.578078u
,,906.3k,7.9855u
,,906.32k,7.976992u
,,906.34k,7.744635u
,,906.36k,5.891422u
,,906.38k,5.159245u
,,906.4k,5.850696u
,,906.42k,6.239094u
,,906.44k,5.955363u
,,906.46k,7.076893u
,,906.48k,9.579114u
,,906.5k,10.30493u
,,906.52k,8.789212u
,,906.54k,7.443248u
,,906.56k,6.958605u
,,906.58k,6.991579u
,,906.6k,7.890285u
,,906.62k,9.932929u
,,906.64k,10.87929u
,,906.66k,10.44776u
,,906.68k,9.570723u
,,906.7k,8.599173u
,,906.72k,8.764274u
,,906.74k,9.760257u
,,906.76k,9.973432u
,,906.78k,8.276761u
,,906.8k,5.314782u
,,906.82k,3.92118u
,,906.84k,5.002429u
,,906.86k,7.169984u
,,906.88k,8.065745u
,,906.9k,7.664082u
,,906.92k,7.824316u
,,906.94k,6.877341u
,,906.96k,3.35017u
,,906.98k,1.678137u
,,907k,2.740888u
,,907.02k,5.099768u
,,907.04k,7.162935u
,,907.06k,8.964733u
,,907.08k,9.2957u
,,907.1k,7.913513u
,,907.12k,7.056033u
,,907.14k,6.143731u
,,907.16k,5.356701u
,,907.18k,6.944426u
,,907.2k,8.57875u
,,907.22k,8.334307u
,,907.24k,6.915243u
,,907.26k,7.28833u
,,907.28k,8.962979u
,,907.3k,8.653606u
,,907.32k,6.123461u
,,907.34k,4.971408u
,,907.36k,6.57212u
,,907.38k,8.522828u
,,907.4k,9.267749u
,,907.42k,9.394081u
,,907.44k,9.781346u
,,907.46k,10.21032u
,,907.48k,9.4636u
,,907.5k,8.033351u
,,907.52k,8.609527u
,,907.54k,10.78166u
,,907.56k,10.99871u
,,907.58k,9.010442u
,,907.6k,6.60904u
,,907.62k,4.960956u
,,907.64k,4.636993u
,,907.66k,5.424729u
,,907.68k,6.120414u
,,907.7k,6.552117u
,,907.72k,7.030481u
,,907.74k,7.587524u
,,907.76k,8.171357u
,,907.78k,8.438187u
,,907.8k,9.363991u
,,907.82k,12.2393u
,,907.84k,14.56162u
,,907.86k,13.91673u
,,907.88k,12.04157u
,,907.9k,10.62099u
,,907.92k,10.00327u
,,907.94k,10.91985u
,,907.96k,12.17518u
,,907.98k,12.58704u
,,908k,12.41094u
,,908.02k,10.63091u
,,908.04k,8.714345u
,,908.06k,7.933351u
,,908.08k,7.07363u
,,908.1k,7.278001u
,,908.12k,7.779845u
,,908.14k,7.6331u
,,908.16k,7.972095u
,,908.18k,8.674778u
,,908.2k,9.538952u
,,908.22k,9.009192u
,,908.24k,6.088809u
,,908.26k,5.240348u
,,908.28k,7.494175u
,,908.3k,8.4108u
,,908.32k,7.652836u
,,908.34k,7.246663u
,,908.36k,8.108666u
,,908.38k,9.677425u
,,908.4k,9.861029u
,,908.42k,8.164203u
,,908.44k,7.840435u
,,908.46k,8.233382u
,,908.48k,8.386606u
,,908.5k,8.644463u
,,908.52k,7.894302u
,,908.54k,6.897103u
,,908.56k,7.883805u
,,908.58k,8.670207u
,,908.6k,8.952081u
,,908.62k,9.659658u
,,908.64k,9.714347u
,,908.66k,8.957746u
,,908.68k,8.56274u
,,908.7k,9.662512u
,,908.72k,10.43887u
,,908.74k,9.14002u
,,908.76k,9.456671u
,,908.78k,11.97976u
,,908.8k,13.63369u
,,908.82k,13.76551u
,,908.84k,13.79275u
,,908.86k,13.88673u
,,908.88k,13.35043u
,,908.9k,12.42212u
,,908.92k,9.975959u
,,908.94k,6.710882u
,,908.96k,6.766971u
,,908.98k,9.639601u
,,909k,10.98199u
,,909.02k,9.760404u
,,909.04k,9.207511u
,,909.06k,10.41942u
,,909.08k,12.00356u
,,909.1k,11.41604u
,,909.12k,8.431822u
,,909.14k,6.385733u
,,909.16k,6.782872u
,,909.18k,7.380079u
,,909.2k,6.375093u
,,909.22k,5.553481u
,,909.24k,6.364976u
,,909.26k,7.737357u
,,909.28k,8.682547u
,,909.3k,7.822144u
,,909.32k,6.526754u
,,909.34k,8.033549u
,,909.36k,7.913803u
,,909.38k,6.161269u
,,909.4k,7.217273u
,,909.42k,9.122927u
,,909.44k,9.370965u
,,909.46k,7.494588u
,,909.48k,6.516072u
,,909.5k,7.032509u
,,909.52k,8.13993u
,,909.54k,7.859816u
,,909.56k,6.415717u
,,909.58k,5.910083u
,,909.6k,6.969835u
,,909.62k,8.408157u
,,909.64k,9.520372u
,,909.66k,10.80831u
,,909.68k,11.3851u
,,909.7k,12.08573u
,,909.72k,13.78977u
,,909.74k,14.66167u
,,909.76k,13.45743u
,,909.78k,11.92158u
,,909.8k,10.68423u
,,909.82k,8.542633u
,,909.84k,7.627815u
,,909.86k,8.737288u
,,909.88k,9.817386u
,,909.9k,10.72112u
,,909.92k,11.50476u
,,909.94k,11.48391u
,,909.96k,10.78516u
,,909.98k,9.726516u
,,910k,7.751772u
,,910.02k,5.742159u
,,910.04k,6.613709u
,,910.06k,8.404544u
,,910.08k,7.052735u
,,910.1k,4.084811u
,,910.12k,3.919067u
,,910.14k,5.869628u
,,910.16k,6.079409u
,,910.18k,4.035801u
,,910.2k,4.11344u
,,910.22k,6.170953u
,,910.24k,6.794629u
,,910.26k,7.051531u
,,910.28k,9.563239u
,,910.3k,12.62284u
,,910.32k,13.44154u
,,910.34k,11.54033u
,,910.36k,8.634775u
,,910.38k,7.102557u
,,910.4k,5.978623u
,,910.42k,5.152432u
,,910.44k,5.783453u
,,910.46k,6.497661u
,,910.48k,5.281358u
,,910.5k,4.121688u
,,910.52k,5.386207u
,,910.54k,7.790228u
,,910.56k,7.679047u
,,910.58k,6.100493u
,,910.6k,5.144128u
,,910.62k,5.163122u
,,910.64k,6.687166u
,,910.66k,7.737524u
,,910.68k,7.554742u
,,910.7k,7.437921u
,,910.72k,6.677899u
,,910.74k,5.951528u
,,910.76k,6.72848u
,,910.78k,6.936966u
,,910.8k,5.789597u
,,910.82k,5.261179u
,,910.84k,6.57858u
,,910.86k,7.742579u
,,910.88k,5.964315u
,,910.9k,4.615023u
,,910.92k,5.548343u
,,910.94k,6.529508u
,,910.96k,6.199318u
,,910.98k,5.985492u
,,911k,6.481537u
,,911.02k,7.711208u
,,911.04k,8.197773u
,,911.06k,6.848365u
,,911.08k,5.941465u
,,911.1k,4.45371u
,,911.12k,4.385501u
,,911.14k,5.093582u
,,911.16k,5.579726u
,,911.18k,4.786358u
,,911.2k,3.684485u
,,911.22k,4.403057u
,,911.24k,5.745125u
,,911.26k,7.713587u
,,911.28k,7.840119u
,,911.3k,6.169265u
,,911.32k,6.232496u
,,911.34k,5.764487u
,,911.36k,3.500132u
,,911.38k,3.823856u
,,911.4k,5.22429u
,,911.42k,5.985639u
,,911.44k,5.880162u
,,911.46k,6.251623u
,,911.48k,6.547876u
,,911.5k,4.56017u
,,911.52k,2.179127u
,,911.54k,4.086448u
,,911.56k,6.19733u
,,911.58k,5.714099u
,,911.6k,4.713699u
,,911.62k,4.580279u
,,911.64k,4.602335u
,,911.66k,4.824027u
,,911.68k,4.812048u
,,911.7k,3.33209u
,,911.72k,1.944189u
,,911.74k,2.38382u
,,911.76k,3.63564u
,,911.78k,4.81029u
,,911.8k,6.078238u
,,911.82k,7.744501u
,,911.84k,7.865129u
,,911.86k,6.205763u
,,911.88k,3.258268u
,,911.9k,2.464849u
,,911.92k,3.203745u
,,911.94k,2.113851u
,,911.96k,4.926193u
,,911.98k,4.55729u
,,912k,2.531884u
,,912.02k,4.75903u
,,912.04k,5.307128u
,,912.06k,3.252189u
,,912.08k,1.044118u
,,912.1k,2.457775u
,,912.12k,3.551851u
,,912.14k,2.914265u
,,912.16k,1.114892u
,,912.18k,3.207182u
,,912.2k,2.829904u
,,912.22k,3.378169u
,,912.24k,4.329879u
,,912.26k,3.170371u
,,912.28k,921.9599n
,,912.3k,382.4782n
,,912.32k,516.4878n
,,912.34k,544.8222n
,,912.36k,1.44091u
,,912.38k,1.885265u
,,912.4k,4.358202u
,,912.42k,6.652511u
,,912.44k,6.38321u
,,912.46k,3.668449u
,,912.48k,945.7246n
,,912.5k,3.170579u
,,912.52k,1.351222u
,,912.54k,3.255962u
,,912.56k,6.385666u
,,912.58k,5.540964u
,,912.6k,3.067841u
,,912.62k,3.120011u
,,912.64k,3.994806u
,,912.66k,3.613894u
,,912.68k,3.685213u
,,912.7k,3.277364u
,,912.72k,2.956722u
,,912.74k,6.239247u
,,912.76k,6.272522u
,,912.78k,4.296756u
,,912.8k,3.832721u
,,912.82k,4.942186u
,,912.84k,6.339556u
,,912.86k,6.870531u
,,912.88k,5.250764u
,,912.9k,3.236844u
,,912.92k,3.677791u
,,912.94k,5.877786u
,,912.96k,7.787145u
,,912.98k,7.712212u
,,913k,6.543504u
,,913.02k,6.705551u
,,913.04k,5.928054u
,,913.06k,4.735974u
,,913.08k,4.557579u
,,913.1k,4.75949u
,,913.12k,4.232347u
,,913.14k,3.833583u
,,913.16k,4.243086u
,,913.18k,5.74828u
,,913.2k,9.167104u
,,913.22k,10.19049u
,,913.24k,7.388449u
,,913.26k,5.36492u
,,913.28k,6.069324u
,,913.3k,6.590183u
,,913.32k,5.994269u
,,913.34k,6.394693u
,,913.36k,8.739872u
,,913.38k,9.59755u
,,913.4k,7.345731u
,,913.42k,6.603011u
,,913.44k,8.420097u
,,913.46k,9.73547u
,,913.48k,9.338087u
,,913.5k,8.278595u
,,913.52k,7.657478u
,,913.54k,7.910246u
,,913.56k,8.13408u
,,913.58k,7.966796u
,,913.6k,8.498954u
,,913.62k,9.265858u
,,913.64k,9.316272u
,,913.66k,8.393246u
,,913.68k,7.113438u
,,913.7k,5.351311u
,,913.72k,4.309153u
,,913.74k,3.319431u
,,913.76k,3.595836u
,,913.78k,5.77885u
,,913.8k,8.391485u
,,913.82k,8.751811u
,,913.84k,7.763921u
,,913.86k,6.636158u
,,913.88k,5.752002u
,,913.9k,6.327524u
,,913.92k,8.042413u
,,913.94k,9.428143u
,,913.96k,8.372678u
,,913.98k,5.7356u
,,914k,4.715988u
,,914.02k,5.784964u
,,914.04k,5.647872u
,,914.06k,4.978041u
,,914.08k,6.371479u
,,914.1k,7.286451u
,,914.12k,7.001778u
,,914.14k,6.840498u
,,914.16k,6.489851u
,,914.18k,5.873505u
,,914.2k,4.29168u
,,914.22k,3.377648u
,,914.24k,4.680254u
,,914.26k,7.13315u
,,914.28k,9.76428u
,,914.3k,10.13771u
,,914.32k,8.789939u
,,914.34k,7.719821u
,,914.36k,6.220742u
,,914.38k,5.871397u
,,914.4k,5.5684u
,,914.42k,4.517133u
,,914.44k,4.884476u
,,914.46k,7.000469u
,,914.48k,8.43446u
,,914.5k,7.564698u
,,914.52k,6.575843u
,,914.54k,6.47424u
,,914.56k,5.895377u
,,914.58k,7.118349u
,,914.6k,8.693234u
,,914.62k,8.323937u
,,914.64k,9.168934u
,,914.66k,10.1386u
,,914.68k,9.743309u
,,914.7k,10.27985u
,,914.72k,10.73243u
,,914.74k,8.787835u
,,914.76k,6.847466u
,,914.78k,7.718873u
,,914.8k,9.019501u
,,914.82k,8.713676u
,,914.84k,8.606673u
,,914.86k,9.282953u
,,914.88k,8.807883u
,,914.9k,6.247681u
,,914.92k,3.47208u
,,914.94k,4.717087u
,,914.96k,7.373669u
,,914.98k,9.575601u
,,915k,12.02593u
,,915.02k,12.77141u
,,915.04k,10.43402u
,,915.06k,8.140272u
,,915.08k,7.901452u
,,915.1k,7.238621u
,,915.12k,5.05359u
,,915.14k,4.804775u
,,915.16k,6.840985u
,,915.18k,9.138751u
,,915.2k,10.78585u
,,915.22k,10.95944u
,,915.24k,9.973635u
,,915.26k,9.443291u
,,915.28k,10.03448u
,,915.3k,11.02599u
,,915.32k,11.89406u
,,915.34k,12.08479u
,,915.36k,12.25211u
,,915.38k,12.66474u
,,915.4k,13.22019u
,,915.42k,14.61544u
,,915.44k,14.37108u
,,915.46k,11.76242u
,,915.48k,8.750312u
,,915.5k,7.15427u
,,915.52k,7.846274u
,,915.54k,9.924674u
,,915.56k,10.32784u
,,915.58k,10.26429u
,,915.6k,9.962049u
,,915.62k,9.636365u
,,915.64k,9.047739u
,,915.66k,8.286712u
,,915.68k,8.194728u
,,915.7k,9.685257u
,,915.72k,12.64683u
,,915.74k,13.76137u
,,915.76k,13.22883u
,,915.78k,13.25775u
,,915.8k,11.95149u
,,915.82k,9.904436u
,,915.84k,10.59777u
,,915.86k,12.93241u
,,915.88k,12.14857u
,,915.9k,9.485176u
,,915.92k,8.430664u
,,915.94k,8.653656u
,,915.96k,8.172576u
,,915.98k,7.756202u
,,916k,8.452706u
,,916.02k,10.32768u
,,916.04k,11.37921u
,,916.06k,10.49735u
,,916.08k,10.38985u
,,916.1k,11.74275u
,,916.12k,12.18261u
,,916.14k,11.41909u
,,916.16k,9.536907u
,,916.18k,7.632251u
,,916.2k,7.562152u
,,916.22k,7.981832u
,,916.24k,8.659796u
,,916.26k,8.844918u
,,916.28k,8.330614u
,,916.3k,7.814448u
,,916.32k,8.171913u
,,916.34k,9.032847u
,,916.36k,10.53425u
,,916.38k,12.46855u
,,916.4k,12.81244u
,,916.42k,12.4099u
,,916.44k,11.67483u
,,916.46k,10.67073u
,,916.48k,10.23478u
,,916.5k,10.71553u
,,916.52k,11.26707u
,,916.54k,11.69003u
,,916.56k,11.5291u
,,916.58k,9.991883u
,,916.6k,7.986904u
,,916.62k,5.89775u
,,916.64k,4.080389u
,,916.66k,4.019425u
,,916.68k,6.650369u
,,916.7k,8.844897u
,,916.72k,8.624814u
,,916.74k,7.508436u
,,916.76k,8.628611u
,,916.78k,11.06799u
,,916.8k,11.23344u
,,916.82k,10.06379u
,,916.84k,10.14919u
,,916.86k,9.544789u
,,916.88k,8.840999u
,,916.9k,9.388795u
,,916.92k,9.569799u
,,916.94k,9.158139u
,,916.96k,8.473553u
,,916.98k,7.247188u
,,917k,6.893656u
,,917.02k,8.324994u
,,917.04k,10.51059u
,,917.06k,11.43275u
,,917.08k,11.30947u
,,917.1k,12.23324u
,,917.12k,13.33495u
,,917.14k,13.01436u
,,917.16k,13.50481u
,,917.18k,13.71095u
,,917.2k,11.60439u
,,917.22k,8.255454u
,,917.24k,6.787242u
,,917.26k,7.090124u
,,917.28k,9.018067u
,,917.3k,10.17499u
,,917.32k,8.990037u
,,917.34k,8.049614u
,,917.36k,8.722405u
,,917.38k,9.393107u
,,917.4k,10.77966u
,,917.42k,13.4638u
,,917.44k,13.45145u
,,917.46k,10.03776u
,,917.48k,7.864525u
,,917.5k,7.816608u
,,917.52k,7.556871u
,,917.54k,5.889245u
,,917.56k,5.486507u
,,917.58k,7.565529u
,,917.6k,10.50783u
,,917.62k,11.40018u
,,917.64k,11.67563u
,,917.66k,12.0833u
,,917.68k,12.79895u
,,917.7k,11.51416u
,,917.72k,8.90579u
,,917.74k,5.818363u
,,917.76k,4.190566u
,,917.78k,5.672028u
,,917.8k,9.157547u
,,917.82k,10.41001u
,,917.84k,8.424137u
,,917.86k,6.570015u
,,917.88k,5.480081u
,,917.9k,4.803751u
,,917.92k,5.594056u
,,917.94k,6.637658u
,,917.96k,6.588864u
,,917.98k,5.741931u
,,918k,7.672639u
,,918.02k,9.628135u
,,918.04k,9.411556u
,,918.06k,8.031062u
,,918.08k,6.86628u
,,918.1k,5.883798u
,,918.12k,5.544506u
,,918.14k,8.221944u
,,918.16k,12.72202u
,,918.18k,14.37202u
,,918.2k,10.86205u
,,918.22k,6.96392u
,,918.24k,6.233955u
,,918.26k,7.294193u
,,918.28k,9.041844u
,,918.3k,9.364603u
,,918.32k,8.887032u
,,918.34k,9.67163u
,,918.36k,9.855078u
,,918.38k,8.861068u
,,918.4k,9.259905u
,,918.42k,10.51733u
,,918.44k,10.71878u
,,918.46k,10.32147u
,,918.48k,8.351716u
,,918.5k,6.220652u
,,918.52k,6.180866u
,,918.54k,8.247766u
,,918.56k,9.452333u
,,918.58k,7.909825u
,,918.6k,5.58668u
,,918.62k,5.089207u
,,918.64k,5.734733u
,,918.66k,7.394156u
,,918.68k,9.330745u
,,918.7k,8.769508u
,,918.72k,5.69765u
,,918.74k,3.913313u
,,918.76k,5.366308u
,,918.78k,6.739008u
,,918.8k,5.962738u
,,918.82k,5.956401u
,,918.84k,6.10135u
,,918.86k,6.968488u
,,918.88k,6.867243u
,,918.9k,6.070549u
,,918.92k,4.903412u
,,918.94k,4.373794u
,,918.96k,4.941145u
,,918.98k,4.556102u
,,919k,3.434571u
,,919.02k,3.621853u
,,919.04k,3.7987u
,,919.06k,3.040168u
,,919.08k,5.44162u
,,919.1k,8.17676u
,,919.12k,11.00494u
,,919.14k,12.39346u
,,919.16k,10.51336u
,,919.18k,8.087648u
,,919.2k,7.695164u
,,919.22k,7.562443u
,,919.24k,7.245069u
,,919.26k,7.877803u
,,919.28k,7.969217u
,,919.3k,7.70068u
,,919.32k,8.702139u
,,919.34k,8.995816u
,,919.36k,8.21291u
,,919.38k,7.638699u
,,919.4k,7.50242u
,,919.42k,7.159065u
,,919.44k,6.580845u
,,919.46k,7.210483u
,,919.48k,7.982026u
,,919.5k,7.929054u
,,919.52k,7.760672u
,,919.54k,7.534143u
,,919.56k,5.591264u
,,919.58k,2.667606u
,,919.6k,2.735088u
,,919.62k,4.210185u
,,919.64k,6.626363u
,,919.66k,9.046476u
,,919.68k,8.972258u
,,919.7k,6.711564u
,,919.72k,5.685136u
,,919.74k,6.991288u
,,919.76k,8.736303u
,,919.78k,8.975851u
,,919.8k,7.50679u
,,919.82k,5.618941u
,,919.84k,5.363305u
,,919.86k,7.777904u
,,919.88k,11.02021u
,,919.9k,12.18055u
,,919.92k,11.94841u
,,919.94k,11.8879u
,,919.96k,11.75384u
,,919.98k,11.0165u
,,920k,10.71694u
,,920.02k,10.9543u
,,920.04k,10.61238u
,,920.06k,7.386199u
,,920.08k,3.816428u
,,920.1k,2.969037u
,,920.12k,3.339521u
,,920.14k,4.934451u
,,920.16k,4.95056u
,,920.18k,4.928536u
,,920.2k,4.209748u
,,920.22k,2.957548u
,,920.24k,4.489085u
,,920.26k,6.980935u
,,920.28k,7.056433u
,,920.3k,7.395845u
,,920.32k,8.021556u
,,920.34k,7.638774u
,,920.36k,8.364411u
,,920.38k,10.24102u
,,920.4k,11.48444u
,,920.42k,10.12962u
,,920.44k,6.785712u
,,920.46k,6.241338u
,,920.48k,8.361334u
,,920.5k,8.283291u
,,920.52k,6.627079u
,,920.54k,6.331341u
,,920.56k,5.915952u
,,920.58k,6.087758u
,,920.6k,6.54246u
,,920.62k,6.204173u
,,920.64k,6.092385u
,,920.66k,6.76767u
,,920.68k,7.801529u
,,920.7k,8.091857u
,,920.72k,7.942003u
,,920.74k,8.17366u
,,920.76k,8.386632u
,,920.78k,9.007118u
,,920.8k,9.722483u
,,920.82k,9.314251u
,,920.84k,9.503047u
,,920.86k,10.63305u
,,920.88k,10.35434u
,,920.9k,8.198635u
,,920.92k,7.255187u
,,920.94k,7.98125u
,,920.96k,7.568089u
,,920.98k,7.199872u
,,921k,9.303499u
,,921.02k,11.11406u
,,921.04k,10.42814u
,,921.06k,10.20933u
,,921.08k,10.4941u
,,921.1k,9.271655u
,,921.12k,8.050336u
,,921.14k,7.570779u
,,921.16k,6.678533u
,,921.18k,7.064869u
,,921.2k,9.53771u
,,921.22k,11.83586u
,,921.24k,12.98027u
,,921.26k,12.90116u
,,921.28k,11.58311u
,,921.3k,9.922294u
,,921.32k,8.968337u
,,921.34k,8.76342u
,,921.36k,7.566484u
,,921.38k,5.732844u
,,921.4k,5.506146u
,,921.42k,6.237187u
,,921.44k,7.570212u
,,921.46k,9.519632u
,,921.48k,10.25305u
,,921.5k,9.488637u
,,921.52k,8.208508u
,,921.54k,7.681069u
,,921.56k,8.2308u
,,921.58k,8.898813u
,,921.6k,8.458167u
,,921.62k,7.515879u
,,921.64k,8.786939u
,,921.66k,11.82169u
,,921.68k,13.49523u
,,921.7k,12.35013u
,,921.72k,11.32943u
,,921.74k,12.00842u
,,921.76k,11.62216u
,,921.78k,10.5727u
,,921.8k,10.33951u
,,921.82k,9.946972u
,,921.84k,9.304812u
,,921.86k,8.542997u
,,921.88k,8.597441u
,,921.9k,8.805578u
,,921.92k,9.702073u
,,921.94k,11.78224u
,,921.96k,12.63852u
,,921.98k,12.47515u
,,922k,11.79212u
,,922.02k,11.60288u
,,922.04k,12.96492u
,,922.06k,13.36552u
,,922.08k,10.71533u
,,922.1k,8.9789u
,,922.12k,10.44239u
,,922.14k,11.35599u
,,922.16k,11.98687u
,,922.18k,15.22702u
,,922.2k,17.13331u
,,922.22k,15.54792u
,,922.24k,12.53939u
,,922.26k,12.41397u
,,922.28k,14.38236u
,,922.3k,13.4247u
,,922.32k,11.03635u
,,922.34k,10.51446u
,,922.36k,10.812u
,,922.38k,11.28341u
,,922.4k,12.09692u
,,922.42k,12.26146u
,,922.44k,12.73092u
,,922.46k,12.43887u
,,922.48k,12.1489u
,,922.5k,12.16129u
,,922.52k,11.37877u
,,922.54k,10.31554u
,,922.56k,10.7717u
,,922.58k,12.46768u
,,922.6k,12.653u
,,922.62k,11.82951u
,,922.64k,11.78759u
,,922.66k,11.55739u
,,922.68k,9.801386u
,,922.7k,8.192633u
,,922.72k,8.505949u
,,922.74k,9.813463u
,,922.76k,10.57608u
,,922.78k,9.0538u
,,922.8k,6.596109u
,,922.82k,6.981824u
,,922.84k,9.563492u
,,922.86k,10.22739u
,,922.88k,10.04671u
,,922.9k,10.89186u
,,922.92k,11.27545u
,,922.94k,11.11895u
,,922.96k,10.34158u
,,922.98k,9.947665u
,,923k,11.93906u
,,923.02k,14.56915u
,,923.04k,15.09205u
,,923.06k,13.30985u
,,923.08k,11.94059u
,,923.1k,12.95567u
,,923.12k,13.83721u
,,923.14k,13.5818u
,,923.16k,14.36884u
,,923.18k,15.59352u
,,923.2k,15.2047u
,,923.22k,14.53889u
,,923.24k,14.78106u
,,923.26k,14.64019u
,,923.28k,14.2987u
,,923.3k,14.73977u
,,923.32k,15.26319u
,,923.34k,14.1924u
,,923.36k,11.55023u
,,923.38k,10.18614u
,,923.4k,12.06695u
,,923.42k,15.39623u
,,923.44k,15.47573u
,,923.46k,13.53672u
,,923.48k,12.87042u
,,923.5k,12.39214u
,,923.52k,11.73217u
,,923.54k,11.61734u
,,923.56k,11.28177u
,,923.58k,10.35292u
,,923.6k,9.885699u
,,923.62k,11.84812u
,,923.64k,15.53551u
,,923.66k,17.19505u
,,923.68k,14.98695u
,,923.7k,11.65755u
,,923.72k,11.33182u
,,923.74k,12.72339u
,,923.76k,13.2352u
,,923.78k,14.488u
,,923.8k,15.13511u
,,923.82k,13.85518u
,,923.84k,13.84677u
,,923.86k,15.98398u
,,923.88k,17.38833u
,,923.9k,14.86506u
,,923.92k,10.50598u
,,923.94k,8.56465u
,,923.96k,9.029089u
,,923.98k,10.91978u
,,924k,12.72261u
,,924.02k,12.43198u
,,924.04k,10.50622u
,,924.06k,9.933915u
,,924.08k,13.01926u
,,924.1k,16.52421u
,,924.12k,15.43939u
,,924.14k,12.39362u
,,924.16k,11.80781u
,,924.18k,12.58863u
,,924.2k,12.03464u
,,924.22k,10.59696u
,,924.24k,10.57193u
,,924.26k,12.95495u
,,924.28k,15.25866u
,,924.3k,14.66222u
,,924.32k,12.01774u
,,924.34k,10.2356u
,,924.36k,10.91208u
,,924.38k,12.47274u
,,924.4k,12.52508u
,,924.42k,12.73939u
,,924.44k,15.18872u
,,924.46k,16.47956u
,,924.48k,14.8284u
,,924.5k,13.32845u
,,924.52k,12.70162u
,,924.54k,12.50811u
,,924.56k,12.57079u
,,924.58k,12.34119u
,,924.6k,11.68651u
,,924.62k,10.15872u
,,924.64k,8.573033u
,,924.66k,7.999145u
,,924.68k,8.509983u
,,924.7k,9.857721u
,,924.72k,12.47306u
,,924.74k,14.75173u
,,924.76k,14.42162u
,,924.78k,13.12868u
,,924.8k,12.48378u
,,924.82k,11.81204u
,,924.84k,11.39279u
,,924.86k,9.927804u
,,924.88k,9.191141u
,,924.9k,10.19444u
,,924.92k,11.70486u
,,924.94k,12.45078u
,,924.96k,12.91599u
,,924.98k,12.82522u
,,925k,12.01193u
,,925.02k,11.09886u
,,925.04k,10.6109u
,,925.06k,11.22185u
,,925.08k,11.17108u
,,925.1k,9.209325u
,,925.12k,8.582422u
,,925.14k,10.15975u
,,925.16k,11.93148u
,,925.18k,12.91281u
,,925.2k,13.41388u
,,925.22k,14.5753u
,,925.24k,15.37937u
,,925.26k,13.89261u
,,925.28k,13.35513u
,,925.3k,14.27132u
,,925.32k,14.13088u
,,925.34k,14.08369u
,,925.36k,14.5577u
,,925.38k,13.81238u
,,925.4k,12.55792u
,,925.42k,12.56176u
,,925.44k,12.65184u
,,925.46k,11.47698u
,,925.48k,9.94392u
,,925.5k,9.71466u
,,925.52k,10.28036u
,,925.54k,10.48834u
,,925.56k,11.32541u
,,925.58k,13.41905u
,,925.6k,13.38092u
,,925.62k,14.00303u
,,925.64k,14.70345u
,,925.66k,12.06898u
,,925.68k,9.052377u
,,925.7k,11.26887u
,,925.72k,14.886u
,,925.74k,15.50128u
,,925.76k,12.81818u
,,925.78k,10.18893u
,,925.8k,9.615107u
,,925.82k,8.640855u
,,925.84k,7.326608u
,,925.86k,8.40416u
,,925.88k,9.742152u
,,925.9k,8.272421u
,,925.92k,6.120217u
,,925.94k,5.536158u
,,925.96k,6.17084u
,,925.98k,6.604501u
,,926k,7.653378u
,,926.02k,10.33946u
,,926.04k,11.90461u
,,926.06k,10.90086u
,,926.08k,9.950744u
,,926.1k,11.23915u
,,926.12k,12.02692u
,,926.14k,10.47331u
,,926.16k,9.73322u
,,926.18k,10.52384u
,,926.2k,10.07183u
,,926.22k,8.493293u
,,926.24k,6.707542u
,,926.26k,5.472205u
,,926.28k,6.233795u
,,926.3k,7.716556u
,,926.32k,6.872786u
,,926.34k,3.919402u
,,926.36k,2.976108u
,,926.38k,4.826531u
,,926.4k,5.439805u
,,926.42k,4.678608u
,,926.44k,4.366718u
,,926.46k,3.651648u
,,926.48k,5.035986u
,,926.5k,7.924019u
,,926.52k,9.385967u
,,926.54k,9.659904u
,,926.56k,10.41161u
,,926.58k,11.89536u
,,926.6k,11.75106u
,,926.62k,9.389003u
,,926.64k,7.112078u
,,926.66k,5.051813u
,,926.68k,3.558171u
,,926.7k,5.052441u
,,926.72k,6.360865u
,,926.74k,5.868178u
,,926.76k,5.523794u
,,926.78k,6.575924u
,,926.8k,7.697663u
,,926.82k,7.796989u
,,926.84k,6.635767u
,,926.86k,4.3475u
,,926.88k,2.235016u
,,926.9k,3.711087u
,,926.92k,6.615041u
,,926.94k,8.977836u
,,926.96k,11.94529u
,,926.98k,10.66992u
,,927k,6.719424u
,,927.02k,4.985744u
,,927.04k,5.07269u
,,927.06k,6.487699u
,,927.08k,8.308583u
,,927.1k,8.24674u
,,927.12k,7.510524u
,,927.14k,6.728841u
,,927.16k,5.038848u
,,927.18k,3.803281u
,,927.2k,3.682299u
,,927.22k,3.380141u
,,927.24k,4.751821u
,,927.26k,6.495025u
,,927.28k,7.679177u
,,927.3k,7.00737u
,,927.32k,5.298027u
,,927.34k,4.967525u
,,927.36k,5.36035u
,,927.38k,4.384724u
,,927.4k,3.486186u
,,927.42k,3.077041u
,,927.44k,2.222073u
,,927.46k,3.010125u
,,927.48k,5.633945u
,,927.5k,7.161439u
,,927.52k,6.974293u
,,927.54k,5.538012u
,,927.56k,3.686128u
,,927.58k,3.349961u
,,927.6k,6.008604u
,,927.62k,7.96913u
,,927.64k,7.65188u
,,927.66k,7.468569u
,,927.68k,7.952909u
,,927.7k,7.290778u
,,927.72k,6.377463u
,,927.74k,5.757457u
,,927.76k,4.988199u
,,927.78k,5.883942u
,,927.8k,7.375909u
,,927.82k,7.7066u
,,927.84k,7.760318u
,,927.86k,7.748291u
,,927.88k,7.529798u
,,927.9k,6.033068u
,,927.92k,4.826893u
,,927.94k,4.512123u
,,927.96k,4.485281u
,,927.98k,3.999388u
,,928k,4.483655u
,,928.02k,6.4419u
,,928.04k,8.048029u
,,928.06k,7.393342u
,,928.08k,4.221823u
,,928.1k,1.233345u
,,928.12k,826.8443n
,,928.14k,567.7191n
,,928.16k,909.7484n
,,928.18k,3.333829u
,,928.2k,4.356156u
,,928.22k,3.646599u
,,928.24k,3.454132u
,,928.26k,2.758423u
,,928.28k,946.7484n
,,928.3k,1.689148u
,,928.32k,3.091812u
,,928.34k,3.738237u
,,928.36k,4.405299u
,,928.38k,5.323413u
,,928.4k,6.008553u
,,928.42k,5.97237u
,,928.44k,5.466681u
,,928.46k,5.347968u
,,928.48k,5.670296u
,,928.5k,5.17623u
,,928.52k,5.135891u
,,928.54k,5.380867u
,,928.56k,4.230771u
,,928.58k,3.522627u
,,928.6k,4.208917u
,,928.62k,4.025781u
,,928.64k,3.76615u
,,928.66k,2.1645u
,,928.68k,1.256603u
,,928.7k,2.509748u
,,928.72k,1.334852u
,,928.74k,2.709788u
,,928.76k,3.749727u
,,928.78k,4.231052u
,,928.8k,4.549195u
,,928.82k,4.908537u
,,928.84k,4.415107u
,,928.86k,1.960116u
,,928.88k,2.959698u
,,928.9k,5.425002u
,,928.92k,7.358583u
,,928.94k,8.131577u
,,928.96k,9.207411u
,,928.98k,8.693433u
,,929k,6.442673u
,,929.02k,3.666539u
,,929.04k,4.053658u
,,929.06k,4.874766u
,,929.08k,3.348242u
,,929.1k,2.022452u
,,929.12k,3.032506u
,,929.14k,4.857894u
,,929.16k,5.757243u
,,929.18k,5.941345u
,,929.2k,4.747852u
,,929.22k,2.826342u
,,929.24k,3.046195u
,,929.26k,4.108087u
,,929.28k,4.586437u
,,929.3k,5.468194u
,,929.32k,5.256122u
,,929.34k,4.157497u
,,929.36k,2.874491u
,,929.38k,1.379255u
,,929.4k,498.7798n
,,929.42k,818.811n
,,929.44k,1.962611u
,,929.46k,2.410888u
,,929.48k,4.748253u
,,929.5k,5.078408u
,,929.52k,5.120688u
,,929.54k,6.038067u
,,929.56k,5.888698u
,,929.58k,5.101412u
,,929.6k,5.403502u
,,929.62k,6.123057u
,,929.64k,5.825761u
,,929.66k,5.276849u
,,929.68k,6.265664u
,,929.7k,8.463687u
,,929.72k,8.720436u
,,929.74k,6.677826u
,,929.76k,5.537816u
,,929.78k,4.902142u
,,929.8k,1.874959u
,,929.82k,2.663295u
,,929.84k,5.14187u
,,929.86k,5.712614u
,,929.88k,5.108877u
,,929.9k,4.519713u
,,929.92k,3.089799u
,,929.94k,2.453068u
,,929.96k,3.885391u
,,929.98k,5.817557u
,,930k,7.868291u
,,930.02k,7.352776u
,,930.04k,4.519574u
,,930.06k,3.598843u
,,930.08k,2.569853u
,,930.1k,1.920598u
,,930.12k,1.692494u
,,930.14k,4.310655u
,,930.16k,4.487045u
,,930.18k,5.148391u
,,930.2k,5.726321u
,,930.22k,4.92239u
,,930.24k,3.191935u
,,930.26k,4.558415u
,,930.28k,8.060316u
,,930.3k,9.240453u
,,930.32k,8.128257u
,,930.34k,5.383506u
,,930.36k,3.762684u
,,930.38k,3.245936u
,,930.4k,2.158708u
,,930.42k,1.429906u
,,930.44k,2.377798u
,,930.46k,3.276181u
,,930.48k,4.740144u
,,930.5k,6.834584u
,,930.52k,7.621249u
,,930.54k,7.098729u
,,930.56k,5.676903u
,,930.58k,4.115928u
,,930.6k,4.016672u
,,930.62k,5.128554u
,,930.64k,5.77075u
,,930.66k,4.617666u
,,930.68k,3.195278u
,,930.7k,3.838901u
,,930.72k,4.57539u
,,930.74k,6.529306u
,,930.76k,8.673785u
,,930.78k,8.357206u
,,930.8k,7.41373u
,,930.82k,6.867413u
,,930.84k,6.764286u
,,930.86k,8.166877u
,,930.88k,9.776842u
,,930.9k,9.742115u
,,930.92k,7.84945u
,,930.94k,4.872273u
,,930.96k,2.806306u
,,930.98k,2.814569u
,,931k,2.366831u
,,931.02k,3.300002u
,,931.04k,6.351103u
,,931.06k,6.408645u
,,931.08k,4.355257u
,,931.1k,3.699238u
,,931.12k,6.373419u
,,931.14k,10.23374u
,,931.16k,11.12072u
,,931.18k,9.396027u
,,931.2k,7.172885u
,,931.22k,4.271332u
,,931.24k,2.14725u
,,931.26k,3.226129u
,,931.28k,4.628955u
,,931.3k,5.063026u
,,931.32k,5.633537u
,,931.34k,8.042483u
,,931.36k,9.58114u
,,931.38k,8.498581u
,,931.4k,5.898543u
,,931.42k,3.201054u
,,931.44k,3.357331u
,,931.46k,6.784337u
,,931.48k,7.974667u
,,931.5k,7.255127u
,,931.52k,7.795112u
,,931.54k,7.566342u
,,931.56k,5.683401u
,,931.58k,4.351311u
,,931.6k,6.29285u
,,931.62k,6.174005u
,,931.64k,3.794744u
,,931.66k,2.005303u
,,931.68k,2.351433u
,,931.7k,4.324221u
,,931.72k,4.656456u
,,931.74k,2.652082u
,,931.76k,1.072008u
,,931.78k,1.279489u
,,931.8k,2.832125u
,,931.82k,5.180848u
,,931.84k,8.131358u
,,931.86k,8.799775u
,,931.88k,6.665072u
,,931.9k,5.315493u
,,931.92k,4.599544u
,,931.94k,3.291873u
,,931.96k,2.168219u
,,931.98k,2.548978u
,,932k,4.012841u
,,932.02k,2.738459u
,,932.04k,460.8975n
,,932.06k,2.195149u
,,932.08k,4.279612u
,,932.1k,5.103719u
,,932.12k,6.114035u
,,932.14k,7.015098u
,,932.16k,5.563787u
,,932.18k,3.072935u
,,932.2k,3.276665u
,,932.22k,4.855535u
,,932.24k,4.874502u
,,932.26k,3.799596u
,,932.28k,2.954712u
,,932.3k,1.770408u
,,932.32k,1.925955u
,,932.34k,4.189071u
,,932.36k,5.913208u
,,932.38k,5.556979u
,,932.4k,4.311962u
,,932.42k,4.324476u
,,932.44k,5.388684u
,,932.46k,5.372504u
,,932.48k,5.212494u
,,932.5k,6.307968u
,,932.52k,8.252206u
,,932.54k,8.584933u
,,932.56k,8.572383u
,,932.58k,9.104361u
,,932.6k,6.632207u
,,932.62k,2.499676u
,,932.64k,2.331617u
,,932.66k,3.059474u
,,932.68k,4.679802u
,,932.7k,6.764194u
,,932.72k,8.976977u
,,932.74k,9.364137u
,,932.76k,7.843051u
,,932.78k,5.930419u
,,932.8k,3.868838u
,,932.82k,2.539901u
,,932.84k,3.197181u
,,932.86k,2.719105u
,,932.88k,3.536188u
,,932.9k,3.330908u
,,932.92k,2.328999u
,,932.94k,2.460157u
,,932.96k,3.011343u
,,932.98k,3.96447u
,,933k,4.321246u
,,933.02k,5.436155u
,,933.04k,8.619626u
,,933.06k,10.8056u
,,933.08k,9.787978u
,,933.1k,7.624425u
,,933.12k,7.147731u
,,933.14k,7.470381u
,,933.16k,6.336417u
,,933.18k,4.928338u
,,933.2k,3.59348u
,,933.22k,1.758809u
,,933.24k,3.138815u
,,933.26k,7.005272u
,,933.28k,8.088931u
,,933.3k,4.834953u
,,933.32k,2.775249u
,,933.34k,3.8619u
,,933.36k,5.063769u
,,933.38k,5.292458u
,,933.4k,4.934586u
,,933.42k,5.434033u
,,933.44k,6.715474u
,,933.46k,6.49116u
,,933.48k,4.27439u
,,933.5k,3.80012u
,,933.52k,3.536491u
,,933.54k,5.253243u
,,933.56k,4.004282u
,,933.58k,1.488403u
,,933.6k,2.529562u
,,933.62k,2.885481u
,,933.64k,4.430446u
,,933.66k,4.787502u
,,933.68k,4.016709u
,,933.7k,4.869586u
,,933.72k,5.584541u
,,933.74k,5.198367u
,,933.76k,5.129485u
,,933.78k,4.586875u
,,933.8k,3.921209u
,,933.82k,4.788717u
,,933.84k,3.708069u
,,933.86k,3.439158u
,,933.88k,4.771694u
,,933.9k,5.900868u
,,933.92k,7.800564u
,,933.94k,7.921181u
,,933.96k,6.286086u
,,933.98k,6.039298u
,,934k,5.740854u
,,934.02k,5.972857u
,,934.04k,6.9614u
,,934.06k,7.992579u
,,934.08k,7.775016u
,,934.1k,5.784104u
,,934.12k,3.245721u
,,934.14k,1.883646u
,,934.16k,1.915179u
,,934.18k,3.701824u
,,934.2k,6.492075u
,,934.22k,8.527939u
,,934.24k,8.491462u
,,934.26k,7.378926u
,,934.28k,8.634454u
,,934.3k,9.07981u
,,934.32k,8.413295u
,,934.34k,6.435243u
,,934.36k,3.991302u
,,934.38k,3.233175u
,,934.4k,6.984177u
,,934.42k,9.641783u
,,934.44k,8.216871u
,,934.46k,4.860061u
,,934.48k,4.781011u
,,934.5k,4.889885u
,,934.52k,3.0672u
,,934.54k,1.642501u
,,934.56k,1.895324u
,,934.58k,2.066061u
,,934.6k,2.080173u
,,934.62k,2.469223u
,,934.64k,3.620457u
,,934.66k,4.049471u
,,934.68k,2.699236u
,,934.7k,5.253379u
,,934.72k,7.799525u
,,934.74k,7.692345u
,,934.76k,7.478075u
,,934.78k,5.262779u
,,934.8k,1.802877u
,,934.82k,1.409985u
,,934.84k,5.693668u
,,934.86k,6.401816u
,,934.88k,4.221852u
,,934.9k,5.445897u
,,934.92k,4.843442u
,,934.94k,3.146223u
,,934.96k,2.963563u
,,934.98k,4.355712u
,,935k,6.414517u
,,935.02k,7.186951u
,,935.04k,5.804949u
,,935.06k,5.315618u
,,935.08k,6.926118u
,,935.1k,7.285338u
,,935.12k,5.818643u
,,935.14k,4.762042u
,,935.16k,3.854559u
,,935.18k,3.206167u
,,935.2k,3.850908u
,,935.22k,4.591666u
,,935.24k,2.723521u
,,935.26k,2.54437u
,,935.28k,3.935383u
,,935.3k,4.275932u
,,935.32k,3.417881u
,,935.34k,2.435877u
,,935.36k,2.669979u
,,935.38k,4.078041u
,,935.4k,6.508845u
,,935.42k,7.606802u
,,935.44k,6.937404u
,,935.46k,5.394607u
,,935.48k,4.395027u
,,935.5k,5.092302u
,,935.52k,5.392935u
,,935.54k,4.861114u
,,935.56k,4.122013u
,,935.58k,2.768979u
,,935.6k,2.5663u
,,935.62k,3.280485u
,,935.64k,5.309023u
,,935.66k,7.084821u
,,935.68k,7.026869u
,,935.7k,4.274239u
,,935.72k,1.771523u
,,935.74k,947.7302n
,,935.76k,1.756684u
,,935.78k,2.738407u
,,935.8k,2.869809u
,,935.82k,830.9061n
,,935.84k,2.440547u
,,935.86k,4.061103u
,,935.88k,5.538989u
,,935.9k,5.489763u
,,935.92k,4.455832u
,,935.94k,4.042679u
,,935.96k,3.06988u
,,935.98k,2.504243u
,,936k,407.5248n
,,936.02k,3.752376u
,,936.04k,5.124205u
,,936.06k,3.880356u
,,936.08k,2.851255u
,,936.1k,1.355667u
,,936.12k,1.273559u
,,936.14k,4.311488u
,,936.16k,6.390886u
,,936.18k,6.789163u
,,936.2k,7.620006u
,,936.22k,7.090049u
,,936.24k,5.003966u
,,936.26k,2.477605u
,,936.28k,1.831485u
,,936.3k,4.25025u
,,936.32k,6.414006u
,,936.34k,7.077419u
,,936.36k,6.993833u
,,936.38k,6.400555u
,,936.4k,6.463344u
,,936.42k,5.978674u
,,936.44k,4.747129u
,,936.46k,4.958457u
,,936.48k,4.74603u
,,936.5k,3.228253u
,,936.52k,4.376293u
,,936.54k,5.782945u
,,936.56k,3.80778u
,,936.58k,2.063578u
,,936.6k,3.849132u
,,936.62k,5.06555u
,,936.64k,5.357511u
,,936.66k,5.344582u
,,936.68k,4.023858u
,,936.7k,2.767891u
,,936.72k,4.703179u
,,936.74k,7.449047u
,,936.76k,9.875705u
,,936.78k,10.95077u
,,936.8k,10.35589u
,,936.82k,8.923989u
,,936.84k,8.078337u
,,936.86k,8.637926u
,,936.88k,6.815738u
,,936.9k,2.798235u
,,936.92k,2.304493u
,,936.94k,4.440974u
,,936.96k,5.359942u
,,936.98k,3.708776u
,,937k,3.258484u
,,937.02k,3.982605u
,,937.04k,4.086284u
,,937.06k,4.496445u
,,937.08k,5.809931u
,,937.1k,6.791672u
,,937.12k,5.439357u
,,937.14k,4.013728u
,,937.16k,3.469849u
,,937.18k,4.172714u
,,937.2k,6.867971u
,,937.22k,9.396378u
,,937.24k,10.95566u
,,937.26k,10.83998u
,,937.28k,8.473744u
,,937.3k,6.753557u
,,937.32k,6.057897u
,,937.34k,5.144057u
,,937.36k,3.631265u
,,937.38k,2.46549u
,,937.4k,2.189987u
,,937.42k,1.13077u
,,937.44k,2.78784u
,,937.46k,5.161279u
,,937.48k,4.700926u
,,937.5k,3.263092u
,,937.52k,2.83009u
,,937.54k,5.022159u
,,937.56k,6.725796u
,,937.58k,5.436613u
,,937.6k,3.068381u
,,937.62k,1.6861u
,,937.64k,2.620165u
,,937.66k,4.920145u
,,937.68k,7.623513u
,,937.7k,9.439407u
,,937.72k,9.038865u
,,937.74k,7.881474u
,,937.76k,7.403876u
,,937.78k,6.655694u
,,937.8k,6.26807u
,,937.82k,6.625124u
,,937.84k,5.734193u
,,937.86k,3.799401u
,,937.88k,2.59176u
,,937.9k,4.268693u
,,937.92k,6.180081u
,,937.94k,4.444842u
,,937.96k,3.581967u
,,937.98k,3.798803u
,,938k,3.972091u
,,938.02k,4.296152u
,,938.04k,3.337187u
,,938.06k,2.069874u
,,938.08k,1.766738u
,,938.1k,3.791942u
,,938.12k,8.665731u
,,938.14k,11.18523u
,,938.16k,10.35314u
,,938.18k,7.594955u
,,938.2k,5.297872u
,,938.22k,6.926655u
,,938.24k,8.976307u
,,938.26k,8.840644u
,,938.28k,7.330356u
,,938.3k,5.686935u
,,938.32k,6.094678u
,,938.34k,7.127098u
,,938.36k,7.235593u
,,938.38k,7.559795u
,,938.4k,7.828113u
,,938.42k,6.896137u
,,938.44k,5.140203u
,,938.46k,4.926822u
,,938.48k,7.239696u
,,938.5k,9.727813u
,,938.52k,10.38116u
,,938.54k,8.733419u
,,938.56k,6.648088u
,,938.58k,6.416112u
,,938.6k,7.276994u
,,938.62k,6.975103u
,,938.64k,6.289383u
,,938.66k,7.016385u
,,938.68k,7.713395u
,,938.7k,7.093686u
,,938.72k,5.588513u
,,938.74k,6.154697u
,,938.76k,8.794642u
,,938.78k,10.40418u
,,938.8k,11.89726u
,,938.82k,12.90568u
,,938.84k,10.61218u
,,938.86k,7.000856u
,,938.88k,4.545532u
,,938.9k,4.24701u
,,938.92k,5.428677u
,,938.94k,6.834528u
,,938.96k,8.746127u
,,938.98k,11.74031u
,,939k,12.8086u
,,939.02k,11.32884u
,,939.04k,11.44469u
,,939.06k,12.71659u
,,939.08k,11.74071u
,,939.1k,9.296582u
,,939.12k,8.437206u
,,939.14k,8.798369u
,,939.16k,7.592993u
,,939.18k,6.040041u
,,939.2k,6.927903u
,,939.22k,7.757487u
,,939.24k,7.706862u
,,939.26k,7.614565u
,,939.28k,9.450214u
,,939.3k,10.86288u
,,939.32k,9.630953u
,,939.34k,8.33535u
,,939.36k,7.53897u
,,939.38k,7.418143u
,,939.4k,8.642009u
,,939.42k,8.889375u
,,939.44k,8.444559u
,,939.46k,9.147508u
,,939.48k,8.314407u
,,939.5k,6.56867u
,,939.52k,8.421645u
,,939.54k,9.744199u
,,939.56k,7.834639u
,,939.58k,5.776967u
,,939.6k,5.72157u
,,939.62k,5.845976u
,,939.64k,5.975934u
,,939.66k,6.483496u
,,939.68k,6.937622u
,,939.7k,8.091075u
,,939.72k,9.602047u
,,939.74k,9.556319u
,,939.76k,8.080704u
,,939.78k,8.657136u
,,939.8k,11.29313u
,,939.82k,11.60561u
,,939.84k,9.063491u
,,939.86k,6.61921u
,,939.88k,5.522435u
,,939.9k,5.104617u
,,939.92k,6.005875u
,,939.94k,6.611957u
,,939.96k,5.9553u
,,939.98k,7.709195u
,,940k,9.395233u
,,940.02k,9.097282u
,,940.04k,9.066327u
,,940.06k,7.945333u
,,940.08k,4.813641u
,,940.1k,2.089926u
,,940.12k,2.13671u
,,940.14k,4.319307u
,,940.16k,7.758169u
,,940.18k,9.847858u
,,940.2k,10.55948u
,,940.22k,9.873495u
,,940.24k,8.069937u
,,940.26k,7.112467u
,,940.28k,7.004573u
,,940.3k,6.465269u
,,940.32k,6.536749u
,,940.34k,7.011505u
,,940.36k,6.503492u
,,940.38k,6.967717u
,,940.4k,7.519376u
,,940.42k,5.184296u
,,940.44k,4.929157u
,,940.46k,6.668554u
,,940.48k,6.508928u
,,940.5k,7.93831u
,,940.52k,9.709494u
,,940.54k,9.45143u
,,940.56k,8.983895u
,,940.58k,9.287809u
,,940.6k,8.164082u
,,940.62k,5.901563u
,,940.64k,4.803082u
,,940.66k,5.177413u
,,940.68k,5.946677u
,,940.7k,6.718374u
,,940.72k,7.565235u
,,940.74k,7.990309u
,,940.76k,8.339794u
,,940.78k,7.649111u
,,940.8k,5.933474u
,,940.82k,6.164862u
,,940.84k,7.527224u
,,940.86k,8.021623u
,,940.88k,7.218024u
,,940.9k,6.647913u
,,940.92k,7.531201u
,,940.94k,6.934116u
,,940.96k,5.970733u
,,940.98k,6.957484u
,,941k,7.305549u
,,941.02k,8.202437u
,,941.04k,9.393316u
,,941.06k,9.240928u
,,941.08k,8.08478u
,,941.1k,7.274456u
,,941.12k,7.651656u
,,941.14k,8.390307u
,,941.16k,8.50238u
,,941.18k,8.275875u
,,941.2k,8.448693u
,,941.22k,9.686917u
,,941.24k,12.0941u
,,941.26k,12.07546u
,,941.28k,9.552632u
,,941.3k,7.887932u
,,941.32k,7.79576u
,,941.34k,8.900809u
,,941.36k,9.74552u
,,941.38k,9.121292u
,,941.4k,8.458719u
,,941.42k,9.864282u
,,941.44k,10.76322u
,,941.46k,10.95733u
,,941.48k,11.0806u
,,941.5k,10.37555u
,,941.52k,10.81141u
,,941.54k,9.47891u
,,941.56k,6.026911u
,,941.58k,5.720727u
,,941.6k,6.170648u
,,941.62k,4.851278u
,,941.64k,5.391038u
,,941.66k,8.320658u
,,941.68k,8.991002u
,,941.7k,8.036053u
,,941.72k,8.124834u
,,941.74k,7.455932u
,,941.76k,7.058023u
,,941.78k,8.689644u
,,941.8k,10.34333u
,,941.82k,10.13661u
,,941.84k,9.84131u
,,941.86k,10.06544u
,,941.88k,9.905761u
,,941.9k,8.365685u
,,941.92k,6.631127u
,,941.94k,6.259055u
,,941.96k,6.125844u
,,941.98k,5.252555u
,,942k,4.560095u
,,942.02k,5.660245u
,,942.04k,9.160988u
,,942.06k,8.956634u
,,942.08k,6.635195u
,,942.1k,5.971682u
,,942.12k,6.690497u
,,942.14k,6.965235u
,,942.16k,5.89727u
,,942.18k,5.176443u
,,942.2k,6.265945u
,,942.22k,8.091821u
,,942.24k,9.87686u
,,942.26k,11.38755u
,,942.28k,11.37924u
,,942.3k,10.05215u
,,942.32k,8.572688u
,,942.34k,8.055022u
,,942.36k,9.365051u
,,942.38k,10.37957u
,,942.4k,8.543982u
,,942.42k,6.001575u
,,942.44k,5.618118u
,,942.46k,7.01596u
,,942.48k,7.518341u
,,942.5k,5.664429u
,,942.52k,3.345232u
,,942.54k,1.602862u
,,942.56k,2.426828u
,,942.58k,4.805685u
,,942.6k,4.4552u
,,942.62k,4.166247u
,,942.64k,5.190946u
,,942.66k,7.063179u
,,942.68k,8.668219u
,,942.7k,8.340613u
,,942.72k,8.569848u
,,942.74k,9.067327u
,,942.76k,7.681538u
,,942.78k,7.128149u
,,942.8k,5.949361u
,,942.82k,4.402145u
,,942.84k,5.979751u
,,942.86k,8.375214u
,,942.88k,8.558511u
,,942.9k,7.397433u
,,942.92k,6.749155u
,,942.94k,6.394898u
,,942.96k,5.358408u
,,942.98k,5.027878u
,,943k,3.478482u
,,943.02k,4.783344u
,,943.04k,7.514119u
,,943.06k,7.734543u
,,943.08k,6.892367u
,,943.1k,7.205365u
,,943.12k,7.699333u
,,943.14k,7.029481u
,,943.16k,4.510618u
,,943.18k,4.016155u
,,943.2k,5.623064u
,,943.22k,4.984991u
,,943.24k,4.561328u
,,943.26k,5.999861u
,,943.28k,7.751614u
,,943.3k,7.223099u
,,943.32k,4.732775u
,,943.34k,3.931116u
,,943.36k,4.096398u
,,943.38k,4.215667u
,,943.4k,4.038312u
,,943.42k,4.596023u
,,943.44k,5.390672u
,,943.46k,5.717964u
,,943.48k,5.073826u
,,943.5k,540.9403n
,,943.52k,4.592475u
,,943.54k,7.121713u
,,943.56k,8.196286u
,,943.58k,7.698916u
,,943.6k,7.307429u
,,943.62k,7.779857u
,,943.64k,6.675347u
,,943.66k,4.637494u
,,943.68k,4.037334u
,,943.7k,4.428766u
,,943.72k,5.195802u
,,943.74k,6.971114u
,,943.76k,7.57235u
,,943.78k,7.702154u
,,943.8k,8.798332u
,,943.82k,8.237656u
,,943.84k,4.959692u
,,943.86k,3.000814u
,,943.88k,4.204347u
,,943.9k,6.292998u
,,943.92k,6.773349u
,,943.94k,5.442729u
,,943.96k,5.171153u
,,943.98k,6.527251u
,,944k,7.099584u
,,944.02k,6.938963u
,,944.04k,7.023395u
,,944.06k,8.461419u
,,944.08k,9.153181u
,,944.1k,9.762775u
,,944.12k,10.50079u
,,944.14k,9.974339u
,,944.16k,8.107353u
,,944.18k,5.533346u
,,944.2k,5.14301u
,,944.22k,6.624237u
,,944.24k,7.180559u
,,944.26k,9.561763u
,,944.28k,10.82017u
,,944.3k,7.550875u
,,944.32k,4.257371u
,,944.34k,5.755683u
,,944.36k,5.95663u
,,944.38k,4.943009u
,,944.4k,6.835123u
,,944.42k,9.29947u
,,944.44k,10.35247u
,,944.46k,10.83994u
,,944.48k,9.644627u
,,944.5k,7.197187u
,,944.52k,7.251111u
,,944.54k,9.031748u
,,944.56k,10.09159u
,,944.58k,10.67677u
,,944.6k,11.84241u
,,944.62k,13.16297u
,,944.64k,13.35353u
,,944.66k,13.25823u
,,944.68k,13.02882u
,,944.7k,11.42229u
,,944.72k,10.4299u
,,944.74k,10.55266u
,,944.76k,10.25052u
,,944.78k,9.722674u
,,944.8k,9.250227u
,,944.82k,9.044118u
,,944.84k,9.285097u
,,944.86k,9.07963u
,,944.88k,9.409011u
,,944.9k,11.28285u
,,944.92k,12.83656u
,,944.94k,13.0067u
,,944.96k,13.43711u
,,944.98k,15.27311u
,,945k,17.59906u
,,945.02k,18.21147u
,,945.04k,17.45236u
,,945.06k,15.80681u
,,945.08k,15.44519u
,,945.1k,16.71951u
,,945.12k,16.53895u
,,945.14k,13.44723u
,,945.16k,9.891552u
,,945.18k,7.74009u
,,945.2k,7.809429u
,,945.22k,8.776715u
,,945.24k,8.920812u
,,945.26k,8.706092u
,,945.28k,9.301135u
,,945.3k,11.75907u
,,945.32k,13.67227u
,,945.34k,12.73421u
,,945.36k,11.81852u
,,945.38k,12.58024u
,,945.4k,11.72953u
,,945.42k,10.49803u
,,945.44k,12.89094u
,,945.46k,15.69227u
,,945.48k,16.4041u
,,945.5k,16.65926u
,,945.52k,16.57793u
,,945.54k,16.53003u
,,945.56k,15.7934u
,,945.58k,15.48699u
,,945.6k,16.25086u
,,945.62k,15.27018u
,,945.64k,13.72494u
,,945.66k,14.21194u
,,945.68k,15.28026u
,,945.7k,14.57055u
,,945.72k,12.99759u
,,945.74k,13.10968u
,,945.76k,15.0299u
,,945.78k,16.80425u
,,945.8k,18.09777u
,,945.82k,19.8154u
,,945.84k,21.34134u
,,945.86k,21.02804u
,,945.88k,18.74841u
,,945.9k,16.80166u
,,945.92k,16.58397u
,,945.94k,16.86723u
,,945.96k,16.17183u
,,945.98k,15.25356u
,,946k,15.3479u
,,946.02k,16.20674u
,,946.04k,18.60285u
,,946.06k,22.21777u
,,946.08k,24.4059u
,,946.1k,24.8733u
,,946.12k,24.2097u
,,946.14k,22.87484u
,,946.16k,22.09912u
,,946.18k,23.17049u
,,946.2k,24.88836u
,,946.22k,25.18028u
,,946.24k,24.42827u
,,946.26k,24.01922u
,,946.28k,23.15313u
,,946.3k,22.57476u
,,946.32k,22.96395u
,,946.34k,23.65923u
,,946.36k,24.43397u
,,946.38k,24.6822u
,,946.4k,24.41344u
,,946.42k,24.24806u
,,946.44k,24.18173u
,,946.46k,23.20989u
,,946.48k,21.42433u
,,946.5k,20.10627u
,,946.52k,19.98598u
,,946.54k,21.86302u
,,946.56k,24.69022u
,,946.58k,26.49201u
,,946.6k,26.34033u
,,946.62k,25.6951u
,,946.64k,25.39337u
,,946.66k,24.87024u
,,946.68k,24.37246u
,,946.7k,24.63542u
,,946.72k,26.34173u
,,946.74k,28.36152u
,,946.76k,28.69477u
,,946.78k,27.65037u
,,946.8k,26.35449u
,,946.82k,25.81819u
,,946.84k,26.44626u
,,946.86k,27.38655u
,,946.88k,28.21208u
,,946.9k,29.00983u
,,946.92k,30.13387u
,,946.94k,30.26106u
,,946.96k,28.55372u
,,946.98k,27.33219u
,,947k,27.1398u
,,947.02k,26.77532u
,,947.04k,26.85643u
,,947.06k,27.46191u
,,947.08k,27.86399u
,,947.1k,28.22483u
,,947.12k,29.25263u
,,947.14k,30.94107u
,,947.16k,31.75881u
,,947.18k,31.57978u
,,947.2k,31.46872u
,,947.22k,31.71515u
,,947.24k,32.31853u
,,947.26k,32.94418u
,,947.28k,33.02625u
,,947.3k,33.44407u
,,947.32k,35.63135u
,,947.34k,37.49718u
,,947.36k,36.53569u
,,947.38k,35.09712u
,,947.4k,35.37411u
,,947.42k,36.17388u
,,947.44k,35.12759u
,,947.46k,33.45207u
,,947.48k,33.98823u
,,947.5k,34.79086u
,,947.52k,34.45808u
,,947.54k,35.11314u
,,947.56k,36.45568u
,,947.58k,35.98942u
,,947.6k,34.82336u
,,947.62k,35.52219u
,,947.64k,36.88388u
,,947.66k,36.27758u
,,947.68k,34.48167u
,,947.7k,33.67753u
,,947.72k,35.23111u
,,947.74k,38.19863u
,,947.76k,39.41812u
,,947.78k,38.49083u
,,947.8k,36.97208u
,,947.82k,36.7478u
,,947.84k,37.78248u
,,947.86k,38.87763u
,,947.88k,39.37573u
,,947.9k,38.48717u
,,947.92k,38.25728u
,,947.94k,39.93439u
,,947.96k,41.30494u
,,947.98k,42.0878u
,,948k,43.24423u
,,948.02k,44.48844u
,,948.04k,43.71484u
,,948.06k,41.21978u
,,948.08k,40.29504u
,,948.1k,40.19079u
,,948.12k,39.84838u
,,948.14k,40.47472u
,,948.16k,41.19228u
,,948.18k,41.44284u
,,948.2k,42.29027u
,,948.22k,42.88902u
,,948.24k,42.59571u
,,948.26k,42.6601u
,,948.28k,44.2615u
,,948.3k,46.68887u
,,948.32k,47.47813u
,,948.34k,46.34732u
,,948.36k,44.57236u
,,948.38k,41.5149u
,,948.4k,39.10475u
,,948.42k,39.33681u
,,948.44k,40.28061u
,,948.46k,40.77555u
,,948.48k,40.61002u
,,948.5k,39.94977u
,,948.52k,39.56566u
,,948.54k,39.98698u
,,948.56k,41.27375u
,,948.58k,41.81272u
,,948.6k,41.9546u
,,948.62k,44.11861u
,,948.64k,46.56311u
,,948.66k,46.92111u
,,948.68k,45.97719u
,,948.7k,45.15222u
,,948.72k,46.1091u
,,948.74k,48.91345u
,,948.76k,50.36613u
,,948.78k,47.9786u
,,948.8k,44.16199u
,,948.82k,43.30777u
,,948.84k,45.06663u
,,948.86k,46.04396u
,,948.88k,46.01594u
,,948.9k,44.97133u
,,948.92k,44.39022u
,,948.94k,46.25011u
,,948.96k,47.77429u
,,948.98k,48.14865u
,,949k,47.32504u
,,949.02k,45.20655u
,,949.04k,46.99665u
,,949.06k,52.29794u
,,949.08k,52.76723u
,,949.1k,48.45078u
,,949.12k,45.9706u
,,949.14k,46.27772u
,,949.16k,47.63563u
,,949.18k,49.45567u
,,949.2k,51.38541u
,,949.22k,52.39965u
,,949.24k,51.87266u
,,949.26k,50.0718u
,,949.28k,47.80402u
,,949.3k,47.64443u
,,949.32k,50.34405u
,,949.34k,51.91488u
,,949.36k,50.3201u
,,949.38k,48.71622u
,,949.4k,49.21331u
,,949.42k,49.67833u
,,949.44k,47.92883u
,,949.46k,45.98027u
,,949.48k,46.95114u
,,949.5k,48.24252u
,,949.52k,47.95854u
,,949.54k,48.08112u
,,949.56k,48.88316u
,,949.58k,49.32713u
,,949.6k,49.2802u
,,949.62k,50.17096u
,,949.64k,52.20585u
,,949.66k,52.08233u
,,949.68k,50.61177u
,,949.7k,50.68806u
,,949.72k,51.49833u
,,949.74k,51.5413u
,,949.76k,51.91224u
,,949.78k,53.84678u
,,949.8k,55.74513u
,,949.82k,55.56484u
,,949.84k,54.65775u
,,949.86k,54.29422u
,,949.88k,53.72353u
,,949.9k,54.24411u
,,949.92k,55.01822u
,,949.94k,54.00392u
,,949.96k,53.26533u
,,949.98k,54.48878u
,,950k,56.0431u
,,950.02k,56.17466u
,,950.04k,56.12128u
,,950.06k,56.62953u
,,950.08k,55.71687u
,,950.1k,53.95415u
,,950.12k,53.93917u
,,950.14k,55.09982u
,,950.16k,55.75414u
,,950.18k,56.34807u
,,950.2k,57.19931u
,,950.22k,58.61639u
,,950.24k,60.70701u
,,950.26k,60.90252u
,,950.28k,59.15066u
,,950.3k,58.50758u
,,950.32k,58.27119u
,,950.34k,57.02253u
,,950.36k,56.41681u
,,950.38k,57.91857u
,,950.4k,58.70966u
,,950.42k,57.57466u
,,950.44k,57.78456u
,,950.46k,58.43512u
,,950.48k,57.72901u
,,950.5k,56.94244u
,,950.52k,56.57334u
,,950.54k,57.57212u
,,950.56k,58.83201u
,,950.58k,58.16711u
,,950.6k,58.02519u
,,950.62k,59.98677u
,,950.64k,61.85605u
,,950.66k,62.19625u
,,950.68k,61.34u
,,950.7k,61.18985u
,,950.72k,63.62681u
,,950.74k,66.36219u
,,950.76k,66.3624u
,,950.78k,63.98407u
,,950.8k,62.11451u
,,950.82k,61.95309u
,,950.84k,62.33624u
,,950.86k,62.95339u
,,950.88k,63.82349u
,,950.9k,65.48444u
,,950.92k,66.97959u
,,950.94k,65.51398u
,,950.96k,62.21424u
,,950.98k,60.52383u
,,951k,60.50458u
,,951.02k,61.50327u
,,951.04k,63.31941u
,,951.06k,63.71435u
,,951.08k,63.15083u
,,951.1k,63.92584u
,,951.12k,65.88258u
,,951.14k,67.80744u
,,951.16k,68.15402u
,,951.18k,66.86935u
,,951.2k,64.44719u
,,951.22k,61.75463u
,,951.24k,60.72406u
,,951.26k,61.59337u
,,951.28k,64.35815u
,,951.3k,67.98706u
,,951.32k,69.92694u
,,951.34k,70.52455u
,,951.36k,70.50464u
,,951.38k,69.15538u
,,951.4k,67.10116u
,,951.42k,66.15283u
,,951.44k,65.87088u
,,951.46k,65.13318u
,,951.48k,65.11473u
,,951.5k,66.33524u
,,951.52k,67.42297u
,,951.54k,67.78279u
,,951.56k,67.36776u
,,951.58k,67.29771u
,,951.6k,68.73269u
,,951.62k,69.32504u
,,951.64k,69.27206u
,,951.66k,69.08645u
,,951.68k,68.71576u
,,951.7k,70.03965u
,,951.72k,71.68129u
,,951.74k,71.87107u
,,951.76k,72.05826u
,,951.78k,74.09735u
,,951.8k,76.75748u
,,951.82k,77.20449u
,,951.84k,76.17633u
,,951.86k,76.40909u
,,951.88k,76.80576u
,,951.9k,75.99606u
,,951.92k,74.28164u
,,951.94k,72.10832u
,,951.96k,71.7669u
,,951.98k,73.25819u
,,952k,73.47918u
,,952.02k,72.24322u
,,952.04k,71.53962u
,,952.06k,71.85818u
,,952.08k,72.59013u
,,952.1k,73.52909u
,,952.12k,73.97225u
,,952.14k,73.78778u
,,952.16k,73.69842u
,,952.18k,73.50943u
,,952.2k,73.42474u
,,952.22k,73.35086u
,,952.24k,73.7093u
,,952.26k,74.39849u
,,952.28k,74.00973u
,,952.3k,73.44644u
,,952.32k,73.05262u
,,952.34k,73.21733u
,,952.36k,74.08823u
,,952.38k,73.98633u
,,952.4k,74.18606u
,,952.42k,75.46938u
,,952.44k,76.87592u
,,952.46k,77.73202u
,,952.48k,77.96398u
,,952.5k,78.84888u
,,952.52k,78.31401u
,,952.54k,77.5081u
,,952.56k,79.94491u
,,952.58k,81.97161u
,,952.6k,81.06047u
,,952.62k,78.68414u
,,952.64k,76.09254u
,,952.66k,75.31208u
,,952.68k,77.13088u
,,952.7k,79.79822u
,,952.72k,81.29597u
,,952.74k,81.49828u
,,952.76k,81.73209u
,,952.78k,81.93466u
,,952.8k,82.12042u
,,952.82k,82.48107u
,,952.84k,80.98487u
,,952.86k,79.5617u
,,952.88k,81.58577u
,,952.9k,84.03894u
,,952.92k,83.32191u
,,952.94k,80.85587u
,,952.96k,80.86349u
,,952.98k,82.85938u
,,953k,83.77672u
,,953.02k,83.25196u
,,953.04k,81.27413u
,,953.06k,80.54904u
,,953.08k,81.2035u
,,953.1k,81.16482u
,,953.12k,82.55244u
,,953.14k,84.89187u
,,953.16k,85.33226u
,,953.18k,84.62009u
,,953.2k,84.03401u
,,953.22k,83.49654u
,,953.24k,83.04478u
,,953.26k,83.01313u
,,953.28k,84.47331u
,,953.3k,85.86665u
,,953.32k,85.38191u
,,953.34k,85.68962u
,,953.36k,86.62797u
,,953.38k,86.2631u
,,953.4k,86.18467u
,,953.42k,86.77003u
,,953.44k,86.27554u
,,953.46k,83.89795u
,,953.48k,81.97636u
,,953.5k,83.17307u
,,953.52k,84.93561u
,,953.54k,84.67413u
,,953.56k,84.20975u
,,953.58k,83.49596u
,,953.6k,82.90341u
,,953.62k,84.96821u
,,953.64k,87.70819u
,,953.66k,88.20629u
,,953.68k,87.49041u
,,953.7k,86.56042u
,,953.72k,86.00804u
,,953.74k,87.43147u
,,953.76k,87.82431u
,,953.78k,84.97431u
,,953.8k,84.03074u
,,953.82k,86.37049u
,,953.84k,87.67812u
,,953.86k,87.38111u
,,953.88k,86.73986u
,,953.9k,84.9348u
,,953.92k,83.48853u
,,953.94k,84.48606u
,,953.96k,86.39358u
,,953.98k,87.90481u
,,954k,89.28942u
,,954.02k,88.96609u
,,954.04k,85.40886u
,,954.06k,80.88334u
,,954.08k,78.9746u
,,954.1k,81.14934u
,,954.12k,83.72852u
,,954.14k,82.20713u
,,954.16k,80.16258u
,,954.18k,82.20839u
,,954.2k,85.83569u
,,954.22k,87.69139u
,,954.24k,87.31227u
,,954.26k,85.28963u
,,954.28k,84.82493u
,,954.3k,87.55855u
,,954.32k,89.3617u
,,954.34k,88.4467u
,,954.36k,86.80377u
,,954.38k,85.36703u
,,954.4k,84.94494u
,,954.42k,84.63254u
,,954.44k,83.75898u
,,954.46k,83.80602u
,,954.48k,83.69855u
,,954.5k,82.63561u
,,954.52k,83.13563u
,,954.54k,84.91268u
,,954.56k,85.54165u
,,954.58k,86.02658u
,,954.6k,87.93869u
,,954.62k,90.47492u
,,954.64k,91.38051u
,,954.66k,90.0988u
,,954.68k,88.51621u
,,954.7k,87.16255u
,,954.72k,86.57198u
,,954.74k,86.40569u
,,954.76k,85.18433u
,,954.78k,84.3924u
,,954.8k,85.21645u
,,954.82k,86.74356u
,,954.84k,88.38614u
,,954.86k,89.51169u
,,954.88k,90.48451u
,,954.9k,90.88316u
,,954.92k,88.86718u
,,954.94k,86.67489u
,,954.96k,87.70761u
,,954.98k,90.12386u
,,955k,90.26985u
,,955.02k,89.281u
,,955.04k,89.91402u
,,955.06k,91.24481u
,,955.08k,91.49928u
,,955.1k,90.63483u
,,955.12k,89.88905u
,,955.14k,90.52813u
,,955.16k,90.8868u
,,955.18k,90.90373u
,,955.2k,93.54155u
,,955.22k,95.69391u
,,955.24k,94.81761u
,,955.26k,94.53966u
,,955.28k,95.61334u
,,955.3k,96.66537u
,,955.32k,97.89369u
,,955.34k,98.22991u
,,955.36k,97.07493u
,,955.38k,96.47341u
,,955.4k,96.70394u
,,955.42k,96.38944u
,,955.44k,95.24397u
,,955.46k,94.64094u
,,955.48k,94.56085u
,,955.5k,94.66802u
,,955.52k,97.42232u
,,955.54k,101.0478u
,,955.56k,102.0343u
,,955.58k,101.7335u
,,955.6k,100.6548u
,,955.62k,100.3892u
,,955.64k,101.595u
,,955.66k,101.545u
,,955.68k,101.9962u
,,955.7k,103.2712u
,,955.72k,102.6949u
,,955.74k,102.3284u
,,955.76k,103.2085u
,,955.78k,103.1594u
,,955.8k,102.429u
,,955.82k,103.3358u
,,955.84k,106.3741u
,,955.86k,108.4373u
,,955.88k,107.3158u
,,955.9k,105.2738u
,,955.92k,104.1725u
,,955.94k,104.2997u
,,955.96k,105.1872u
,,955.98k,105.0857u
,,956k,105.0126u
,,956.02k,106.6621u
,,956.04k,107.3108u
,,956.06k,105.6794u
,,956.08k,104.3653u
,,956.1k,104.0826u
,,956.12k,104.1874u
,,956.14k,104.0012u
,,956.16k,103.0491u
,,956.18k,102.6844u
,,956.2k,103.0639u
,,956.22k,103.6241u
,,956.24k,105.3605u
,,956.26k,106.4246u
,,956.28k,104.606u
,,956.3k,103.0191u
,,956.32k,103.8571u
,,956.34k,105.1014u
,,956.36k,105.3041u
,,956.38k,104.5133u
,,956.4k,104.6253u
,,956.42k,105.5868u
,,956.44k,104.8379u
,,956.46k,103.0356u
,,956.48k,102.051u
,,956.5k,101.9811u
,,956.52k,102.813u
,,956.54k,103.7152u
,,956.56k,103.7225u
,,956.58k,104.3507u
,,956.6k,106.7501u
,,956.62k,107.9716u
,,956.64k,105.5029u
,,956.66k,101.6554u
,,956.68k,98.78241u
,,956.7k,96.95494u
,,956.72k,97.01032u
,,956.74k,97.94625u
,,956.76k,98.15348u
,,956.78k,98.3703u
,,956.8k,98.13694u
,,956.82k,96.91485u
,,956.84k,96.84236u
,,956.86k,99.35259u
,,956.88k,102.3063u
,,956.9k,102.9381u
,,956.92k,100.9738u
,,956.94k,98.56281u
,,956.96k,97.10601u
,,956.98k,95.96219u
,,957k,95.62684u
,,957.02k,96.77506u
,,957.04k,98.63599u
,,957.06k,99.70294u
,,957.08k,99.53311u
,,957.1k,98.86524u
,,957.12k,96.47985u
,,957.14k,92.9466u
,,957.16k,91.26644u
,,957.18k,92.3666u
,,957.2k,93.70046u
,,957.22k,92.33524u
,,957.24k,90.41923u
,,957.26k,89.97389u
,,957.28k,88.85039u
,,957.3k,87.55344u
,,957.32k,87.9152u
,,957.34k,90.00789u
,,957.36k,91.85921u
,,957.38k,91.17361u
,,957.4k,89.94483u
,,957.42k,89.4837u
,,957.44k,88.57524u
,,957.46k,87.09701u
,,957.48k,85.65651u
,,957.5k,84.53585u
,,957.52k,83.58113u
,,957.54k,83.68695u
,,957.56k,84.4669u
,,957.58k,84.19065u
,,957.6k,83.54482u
,,957.62k,83.23577u
,,957.64k,82.7707u
,,957.66k,83.42479u
,,957.68k,85.04844u
,,957.7k,84.49052u
,,957.72k,81.41307u
,,957.74k,78.79922u
,,957.76k,78.16275u
,,957.78k,78.67295u
,,957.8k,78.8102u
,,957.82k,77.51225u
,,957.84k,75.86527u
,,957.86k,74.92513u
,,957.88k,75.14848u
,,957.9k,76.41717u
,,957.92k,76.97943u
,,957.94k,76.14829u
,,957.96k,74.31753u
,,957.98k,72.1636u
,,958k,70.84296u
,,958.02k,70.22148u
,,958.04k,71.32648u
,,958.06k,73.58953u
,,958.08k,73.42837u
,,958.1k,70.26241u
,,958.12k,68.28968u
,,958.14k,70.22855u
,,958.16k,73.18476u
,,958.18k,73.09405u
,,958.2k,70.81475u
,,958.22k,70.22652u
,,958.24k,71.66029u
,,958.26k,72.2809u
,,958.28k,70.64165u
,,958.3k,67.85085u
,,958.32k,66.63242u
,,958.34k,68.38811u
,,958.36k,71.10045u
,,958.38k,71.35227u
,,958.4k,69.04938u
,,958.42k,68.26974u
,,958.44k,69.95996u
,,958.46k,70.05431u
,,958.48k,68.64713u
,,958.5k,69.24036u
,,958.52k,69.7972u
,,958.54k,67.86591u
,,958.56k,66.00859u
,,958.58k,66.36843u
,,958.6k,66.83438u
,,958.62k,65.91599u
,,958.64k,65.36631u
,,958.66k,65.5297u
,,958.68k,66.94724u
,,958.7k,68.28732u
,,958.72k,67.06929u
,,958.74k,65.10384u
,,958.76k,64.5177u
,,958.78k,65.13848u
,,958.8k,65.21228u
,,958.82k,65.40654u
,,958.84k,66.45032u
,,958.86k,66.31011u
,,958.88k,65.03407u
,,958.9k,64.22905u
,,958.92k,64.2698u
,,958.94k,64.79412u
,,958.96k,66.3236u
,,958.98k,68.9994u
,,959k,70.68088u
,,959.02k,70.09504u
,,959.04k,69.94557u
,,959.06k,71.88609u
,,959.08k,72.72365u
,,959.1k,71.2353u
,,959.12k,70.5018u
,,959.14k,72.0695u
,,959.16k,73.97217u
,,959.18k,73.81397u
,,959.2k,71.5419u
,,959.22k,69.87789u
,,959.24k,70.58928u
,,959.26k,70.80138u
,,959.28k,69.02762u
,,959.3k,67.44495u
,,959.32k,66.58207u
,,959.34k,66.83301u
,,959.36k,68.4263u
,,959.38k,70.05995u
,,959.4k,72.00616u
,,959.42k,73.37225u
,,959.44k,73.10465u
,,959.46k,72.689u
,,959.48k,73.73194u
,,959.5k,74.92149u
,,959.52k,73.20318u
,,959.54k,71.30756u
,,959.56k,71.95454u
,,959.58k,72.57158u
,,959.6k,73.41378u
,,959.62k,75.73349u
,,959.64k,76.84656u
,,959.66k,75.73061u
,,959.68k,74.6125u
,,959.7k,74.42329u
,,959.72k,74.00329u
,,959.74k,73.40471u
,,959.76k,73.59781u
,,959.78k,73.40811u
,,959.8k,72.34484u
,,959.82k,73.5188u
,,959.84k,76.70543u
,,959.86k,77.28636u
,,959.88k,75.75095u
,,959.9k,74.71834u
,,959.92k,74.27817u
,,959.94k,76.41772u
,,959.96k,80.46586u
,,959.98k,80.73038u
,,960k,77.4807u
,,960.02k,75.7778u
,,960.04k,75.20877u
,,960.06k,74.18732u
,,960.08k,73.34255u
,,960.1k,73.37491u
,,960.12k,74.62946u
,,960.14k,75.83683u
,,960.16k,75.35396u
,,960.18k,74.00647u
,,960.2k,73.37997u
,,960.22k,73.87547u
,,960.24k,75.41038u
,,960.26k,76.90697u
,,960.28k,77.44553u
,,960.3k,77.48781u
,,960.32k,77.67239u
,,960.34k,77.73753u
,,960.36k,76.80958u
,,960.38k,75.04422u
,,960.4k,73.33598u
,,960.42k,72.3487u
,,960.44k,73.17568u
,,960.46k,74.60453u
,,960.48k,75.37101u
,,960.5k,75.93442u
,,960.52k,75.11437u
,,960.54k,73.44048u
,,960.56k,73.18176u
,,960.58k,73.25756u
,,960.6k,72.53561u
,,960.62k,72.26138u
,,960.64k,73.07659u
,,960.66k,74.52118u
,,960.68k,75.28268u
,,960.7k,75.11607u
,,960.72k,74.91577u
,,960.74k,74.66693u
,,960.76k,74.28807u
,,960.78k,73.08805u
,,960.8k,70.34909u
,,960.82k,69.04053u
,,960.84k,70.42673u
,,960.86k,70.73018u
,,960.88k,69.08889u
,,960.9k,69.09736u
,,960.92k,70.67309u
,,960.94k,72.30264u
,,960.96k,74.1307u
,,960.98k,73.87288u
,,961k,71.56093u
,,961.02k,70.22503u
,,961.04k,70.66657u
,,961.06k,71.84229u
,,961.08k,71.78324u
,,961.1k,70.62646u
,,961.12k,69.72291u
,,961.14k,69.2405u
,,961.16k,69.67108u
,,961.18k,70.75008u
,,961.2k,71.94494u
,,961.22k,72.23406u
,,961.24k,69.54939u
,,961.26k,66.20178u
,,961.28k,66.98369u
,,961.3k,69.93488u
,,961.32k,70.71759u
,,961.34k,70.25945u
,,961.36k,70.19585u
,,961.38k,69.39959u
,,961.4k,67.97803u
,,961.42k,68.31685u
,,961.44k,69.54324u
,,961.46k,68.85119u
,,961.48k,67.36998u
,,961.5k,67.24192u
,,961.52k,67.66464u
,,961.54k,67.95681u
,,961.56k,67.92728u
,,961.58k,67.15079u
,,961.6k,66.31322u
,,961.62k,66.40929u
,,961.64k,66.78543u
,,961.66k,66.70705u
,,961.68k,66.32771u
,,961.7k,65.38997u
,,961.72k,64.13132u
,,961.74k,63.83936u
,,961.76k,65.06902u
,,961.78k,66.37505u
,,961.8k,65.6292u
,,961.82k,64.16553u
,,961.84k,64.10222u
,,961.86k,64.17179u
,,961.88k,63.99774u
,,961.9k,64.43831u
,,961.92k,64.71797u
,,961.94k,63.88683u
,,961.96k,63.10439u
,,961.98k,63.58164u
,,962k,64.98214u
,,962.02k,66.26818u
,,962.04k,66.49781u
,,962.06k,66.89387u
,,962.08k,67.81654u
,,962.1k,67.77779u
,,962.12k,67.10681u
,,962.14k,66.89497u
,,962.16k,66.17833u
,,962.18k,64.55277u
,,962.2k,64.57649u
,,962.22k,65.55163u
,,962.24k,65.08774u
,,962.26k,64.42496u
,,962.28k,64.05366u
,,962.3k,63.26824u
,,962.32k,60.34509u
,,962.34k,55.94561u
,,962.36k,54.85151u
,,962.38k,57.38481u
,,962.4k,58.87251u
,,962.42k,57.73529u
,,962.44k,55.96417u
,,962.46k,54.0744u
,,962.48k,52.00921u
,,962.5k,51.60215u
,,962.52k,52.53086u
,,962.54k,51.61478u
,,962.56k,49.93721u
,,962.58k,49.80598u
,,962.6k,50.72606u
,,962.62k,51.60193u
,,962.64k,50.60382u
,,962.66k,47.89293u
,,962.68k,46.54942u
,,962.7k,47.26767u
,,962.72k,48.18605u
,,962.74k,47.07266u
,,962.76k,43.48245u
,,962.78k,40.7904u
,,962.8k,41.38971u
,,962.82k,43.5283u
,,962.84k,44.34178u
,,962.86k,42.94161u
,,962.88k,41.17867u
,,962.9k,40.64896u
,,962.92k,39.88452u
,,962.94k,37.76136u
,,962.96k,36.07325u
,,962.98k,34.8674u
,,963k,33.90848u
,,963.02k,34.976u
,,963.04k,37.57036u
,,963.06k,39.20335u
,,963.08k,37.49741u
,,963.1k,33.33688u
,,963.12k,30.476u
,,963.14k,30.61437u
,,963.16k,31.60777u
,,963.18k,30.48541u
,,963.2k,27.36366u
,,963.22k,25.09926u
,,963.24k,24.85534u
,,963.26k,24.70649u
,,963.28k,25.38281u
,,963.3k,26.61562u
,,963.32k,24.90228u
,,963.34k,21.26733u
,,963.36k,19.14764u
,,963.38k,18.90845u
,,963.4k,19.44509u
,,963.42k,19.5377u
,,963.44k,20.53701u
,,963.46k,23.5147u
,,963.48k,25.08607u
,,963.5k,23.63519u
,,963.52k,20.72917u
,,963.54k,16.97453u
,,963.56k,13.97984u
,,963.58k,14.41976u
,,963.6k,17.60258u
,,963.62k,17.74802u
,,963.64k,14.10944u
,,963.66k,11.4319u
,,963.68k,10.39u
,,963.7k,9.224241u
,,963.72k,8.731649u
,,963.74k,7.933834u
,,963.76k,7.51259u
,,963.78k,7.424895u
,,963.8k,6.04527u
,,963.82k,4.824691u
,,963.84k,3.867038u
,,963.86k,3.287046u
,,963.88k,4.388271u
,,963.9k,6.075675u
,,963.92k,6.799756u
,,963.94k,6.580315u
,,963.96k,5.456635u
,,963.98k,5.07455u
,,964k,5.574973u
,,964.02k,6.608933u
,,964.04k,8.732306u
,,964.06k,9.53811u
,,964.08k,9.98293u
,,964.1k,11.30372u
,,964.12k,12.70903u
,,964.14k,13.30604u
,,964.16k,13.78818u
,,964.18k,15.27783u
,,964.2k,17.51034u
,,964.22k,19.00773u
,,964.24k,18.47193u
,,964.26k,16.03328u
,,964.28k,13.02317u
,,964.3k,12.13246u
,,964.32k,14.56548u
,,964.34k,18.52949u
,,964.36k,21.15654u
,,964.38k,22.01952u
,,964.4k,23.57813u
,,964.42k,25.86375u
,,964.44k,26.10001u
,,964.46k,24.43573u
,,964.48k,23.49u
,,964.5k,24.57999u
,,964.52k,26.87286u
,,964.54k,28.83919u
,,964.56k,30.00618u
,,964.58k,31.94898u
,,964.6k,34.0705u
,,964.62k,33.72389u
,,964.64k,32.6307u
,,964.66k,33.44584u
,,964.68k,35.39846u
,,964.7k,36.00328u
,,964.72k,35.4647u
,,964.74k,35.29167u
,,964.76k,35.94495u
,,964.78k,37.80519u
,,964.8k,39.74626u
,,964.82k,41.10368u
,,964.84k,42.10317u
,,964.86k,41.16841u
,,964.88k,38.9126u
,,964.9k,38.51158u
,,964.92k,39.6718u
,,964.94k,40.86992u
,,964.96k,41.87209u
,,964.98k,43.27296u
,,965k,44.0023u
,,965.02k,42.58556u
,,965.04k,40.89535u
,,965.06k,39.40847u
,,965.08k,39.38053u
,,965.1k,41.01721u
,,965.12k,41.88806u
,,965.14k,42.96876u
,,965.16k,44.35631u
,,965.18k,44.22621u
,,965.2k,43.25823u
,,965.22k,43.37948u
,,965.24k,45.36342u
,,965.26k,47.53761u
,,965.28k,47.95797u
,,965.3k,46.39952u
,,965.32k,44.31649u
,,965.34k,44.51211u
,,965.36k,45.83433u
,,965.38k,45.72513u
,,965.4k,46.15767u
,,965.42k,48.08443u
,,965.44k,48.56894u
,,965.46k,46.96847u
,,965.48k,45.48308u
,,965.5k,45.77757u
,,965.52k,48.37935u
,,965.54k,51.00267u
,,965.56k,52.16558u
,,965.58k,51.50267u
,,965.6k,49.4713u
,,965.62k,48.84212u
,,965.64k,49.69763u
,,965.66k,50.46326u
,,965.68k,50.52454u
,,965.7k,49.84221u
,,965.72k,49.28235u
,,965.74k,49.53083u
,,965.76k,50.74575u
,,965.78k,52.18038u
,,965.8k,52.89196u
,,965.82k,52.83065u
,,965.84k,52.43398u
,,965.86k,51.95511u
,,965.88k,50.96263u
,,965.9k,49.16598u
,,965.92k,47.57878u
,,965.94k,48.40777u
,,965.96k,52.34329u
,,965.98k,57.34179u
,,966k,61.40839u
,,966.02k,62.70893u
,,966.04k,60.70998u
,,966.06k,58.09563u
,,966.08k,57.03587u
,,966.1k,56.36495u
,,966.12k,55.29414u
,,966.14k,56.12422u
,,966.16k,58.88669u
,,966.18k,60.38412u
,,966.2k,60.40609u
,,966.22k,60.99295u
,,966.24k,62.15264u
,,966.26k,63.65778u
,,966.28k,65.82952u
,,966.3k,68.56332u
,,966.32k,69.99749u
,,966.34k,70.00185u
,,966.36k,70.0199u
,,966.38k,70.01861u
,,966.4k,70.70166u
,,966.42k,72.43883u
,,966.44k,74.77968u
,,966.46k,76.50004u
,,966.48k,77.07317u
,,966.5k,76.70433u
,,966.52k,75.83249u
,,966.54k,75.21615u
,,966.56k,75.16631u
,,966.58k,76.34354u
,,966.6k,78.97877u
,,966.62k,80.86756u
,,966.64k,80.40754u
,,966.66k,79.36486u
,,966.68k,80.08884u
,,966.7k,83.62732u
,,966.72k,87.36335u
,,966.74k,88.82708u
,,966.76k,90.62168u
,,966.78k,93.55032u
,,966.8k,95.3004u
,,966.82k,96.08581u
,,966.84k,97.23253u
,,966.86k,98.00756u
,,966.88k,97.7542u
,,966.9k,98.1227u
,,966.92k,98.70414u
,,966.94k,99.78935u
,,966.96k,103.2055u
,,966.98k,106.1162u
,,967k,107.038u
,,967.02k,108.9788u
,,967.04k,112.0516u
,,967.06k,113.9959u
,,967.08k,114.588u
,,967.1k,114.152u
,,967.12k,113.1156u
,,967.14k,112.8141u
,,967.16k,113.7338u
,,967.18k,115.2898u
,,967.2k,115.8084u
,,967.22k,114.9206u
,,967.24k,115.447u
,,967.26k,117.8713u
,,967.28k,119.9123u
,,967.3k,121.2553u
,,967.32k,122.9854u
,,967.34k,125.3858u
,,967.36k,127.1788u
,,967.38k,128.6072u
,,967.4k,131.8337u
,,967.42k,134.9386u
,,967.44k,136.3898u
,,967.46k,138.3902u
,,967.48k,140.7576u
,,967.5k,142.7099u
,,967.52k,143.4619u
,,967.54k,143.2466u
,,967.56k,144.627u
,,967.58k,147.8787u
,,967.6k,150.8523u
,,967.62k,152.4728u
,,967.64k,153.7218u
,,967.66k,154.5488u
,,967.68k,155.466u
,,967.7k,157.5934u
,,967.72k,159.7811u
,,967.74k,161.4331u
,,967.76k,163.1851u
,,967.78k,165.5297u
,,967.8k,168.4196u
,,967.82k,171.3653u
,,967.84k,173.5541u
,,967.86k,174.1475u
,,967.88k,176.3073u
,,967.9k,181.3393u
,,967.92k,185.0058u
,,967.94k,186.4528u
,,967.96k,186.7531u
,,967.98k,187.1276u
,,968k,189.1633u
,,968.02k,191.5553u
,,968.04k,193.6224u
,,968.06k,195.7417u
,,968.08k,196.9568u
,,968.1k,197.329u
,,968.12k,198.6643u
,,968.14k,202.3083u
,,968.16k,205.8287u
,,968.18k,207.8766u
,,968.2k,210.1037u
,,968.22k,212.1776u
,,968.24k,213.7583u
,,968.26k,215.2025u
,,968.28k,217.8902u
,,968.3k,221.8785u
,,968.32k,224.4919u
,,968.34k,225.7815u
,,968.36k,227.771u
,,968.38k,229.512u
,,968.4k,231.4191u
,,968.42k,235.7272u
,,968.44k,240.2699u
,,968.46k,243.4569u
,,968.48k,247.1412u
,,968.5k,251.3933u
,,968.52k,254.9735u
,,968.54k,257.2926u
,,968.56k,260.0713u
,,968.58k,263.9903u
,,968.6k,266.8984u
,,968.62k,268.64u
,,968.64k,269.4793u
,,968.66k,270.0012u
,,968.68k,271.939u
,,968.7k,276.3341u
,,968.72k,282.5056u
,,968.74k,287.5863u
,,968.76k,289.7995u
,,968.78k,291.9691u
,,968.8k,296.2097u
,,968.82k,299.6188u
,,968.84k,301.3136u
,,968.86k,302.4588u
,,968.88k,303.5523u
,,968.9k,306.5302u
,,968.92k,310.1842u
,,968.94k,313.0115u
,,968.96k,317.1593u
,,968.98k,321.5884u
,,969k,323.2088u
,,969.02k,323.3572u
,,969.04k,324.5049u
,,969.06k,327.441u
,,969.08k,331.2337u
,,969.1k,334.4348u
,,969.12k,338.016u
,,969.14k,341.7183u
,,969.16k,344.8334u
,,969.18k,348.3975u
,,969.2k,351.1125u
,,969.22k,353.1761u
,,969.24k,358.0243u
,,969.26k,363.5113u
,,969.28k,366.0907u
,,969.3k,367.5776u
,,969.32k,370.326u
,,969.34k,374.0024u
,,969.36k,377.9826u
,,969.38k,382.2322u
,,969.4k,384.8467u
,,969.42k,385.9621u
,,969.44k,388.6988u
,,969.46k,392.982u
,,969.48k,396.4005u
,,969.5k,399.2763u
,,969.52k,402.9408u
,,969.54k,406.41u
,,969.56k,409.0203u
,,969.58k,411.3005u
,,969.6k,413.984u
,,969.62k,417.2851u
,,969.64k,420.5422u
,,969.66k,423.6556u
,,969.68k,428.5623u
,,969.7k,435.5945u
,,969.72k,439.9165u
,,969.74k,440.0926u
,,969.76k,440.8591u
,,969.78k,443.7472u
,,969.8k,446.4331u
,,969.82k,449.585u
,,969.84k,454.8939u
,,969.86k,460.5781u
,,969.88k,465.0301u
,,969.9k,469.3785u
,,969.92k,473.4148u
,,969.94k,476.1539u
,,969.96k,479.6274u
,,969.98k,484.0463u
,,970k,487.3424u
,,970.02k,490.2685u
,,970.04k,494.2193u
,,970.06k,498.6796u
,,970.08k,502.5812u
,,970.1k,506.71u
,,970.12k,511.7568u
,,970.14k,516.0028u
,,970.16k,518.1603u
,,970.18k,519.1164u
,,970.2k,521.7573u
,,970.22k,527.3274u
,,970.24k,533.777u
,,970.26k,538.3222u
,,970.28k,541.64u
,,970.3k,545.6819u
,,970.32k,549.4654u
,,970.34k,553.0566u
,,970.36k,556.5335u
,,970.38k,559.5123u
,,970.4k,562.4968u
,,970.42k,566.326u
,,970.44k,571.8461u
,,970.46k,578.4669u
,,970.48k,584.4429u
,,970.5k,588.3829u
,,970.52k,591.9479u
,,970.54k,596.3255u
,,970.56k,599.5109u
,,970.58k,601.5198u
,,970.6k,604.0154u
,,970.62k,608.0161u
,,970.64k,613.7009u
,,970.66k,619.568u
,,970.68k,624.7026u
,,970.7k,628.7046u
,,970.72k,631.0263u
,,970.74k,632.9949u
,,970.76k,636.9595u
,,970.78k,642.348u
,,970.8k,645.999u
,,970.82k,648.7816u
,,970.84k,653.0268u
,,970.86k,658.2552u
,,970.88k,663.9906u
,,970.9k,668.5025u
,,970.92k,671.4417u
,,970.94k,674.5651u
,,970.96k,677.534u
,,970.98k,681.551u
,,971k,687.7459u
,,971.02k,692.9305u
,,971.04k,695.8785u
,,971.06k,697.6244u
,,971.08k,699.7398u
,,971.1k,704.1455u
,,971.12k,708.9738u
,,971.14k,712.8196u
,,971.16k,716.2118u
,,971.18k,719.2651u
,,971.2k,723.4303u
,,971.22k,729.7148u
,,971.24k,736.8938u
,,971.26k,742.1508u
,,971.28k,744.9073u
,,971.3k,747.1612u
,,971.32k,748.99u
,,971.34k,751.3741u
,,971.36k,755.8696u
,,971.38k,760.5061u
,,971.4k,763.9843u
,,971.42k,767.5772u
,,971.44k,771.1372u
,,971.46k,773.8525u
,,971.48k,776.1883u
,,971.5k,779.6614u
,,971.52k,785.5669u
,,971.54k,791.7417u
,,971.56k,796.3353u
,,971.58k,799.6458u
,,971.6k,802.953u
,,971.62k,806.5446u
,,971.64k,809.1511u
,,971.66k,813.4532u
,,971.68k,819.3077u
,,971.7k,821.8604u
,,971.72k,823.1408u
,,971.74k,827.3264u
,,971.76k,831.5036u
,,971.78k,833.1872u
,,971.8k,835.7158u
,,971.82k,840.2608u
,,971.84k,844.2355u
,,971.86k,847.5498u
,,971.88k,851.5729u
,,971.9k,856.5738u
,,971.92k,861.0794u
,,971.94k,864.0679u
,,971.96k,866.9942u
,,971.98k,870.1668u
,,972k,873.6263u
,,972.02k,877.149u
,,972.04k,879.6683u
,,972.06k,882.2423u
,,972.08k,885.8448u
,,972.1k,890.8248u
,,972.12k,897.007u
,,972.14k,902.9207u
,,972.16k,907.2286u
,,972.18k,908.8098u
,,972.2k,908.8431u
,,972.22k,910.0275u
,,972.24k,912.7084u
,,972.26k,916.4494u
,,972.28k,921.3892u
,,972.3k,925.7567u
,,972.32k,928.8193u
,,972.34k,933.4389u
,,972.36k,938.2059u
,,972.38k,940.0313u
,,972.4k,941.4406u
,,972.42k,943.7364u
,,972.44k,946.039u
,,972.46k,948.9096u
,,972.48k,952.4314u
,,972.5k,954.8531u
,,972.52k,955.8996u
,,972.54k,957.9956u
,,972.56k,960.5768u
,,972.58k,963.1303u
,,972.6k,967.6974u
,,972.62k,971.7235u
,,972.64k,972.3922u
,,972.66k,972.6746u
,,972.68k,975.3506u
,,972.7k,979.9368u
,,972.72k,983.4871u
,,972.74k,984.0759u
,,972.76k,984.2549u
,,972.78k,985.9422u
,,972.8k,987.4955u
,,972.82k,986.8794u
,,972.84k,985.984u
,,972.86k,987.1946u
,,972.88k,988.8587u
,,972.9k,989.304u
,,972.92k,988.6453u
,,972.94k,989.7146u
,,972.96k,993.7248u
,,972.98k,997.143u
,,973k,997.3631u
,,973.02k,996.2745u
,,973.04k,996.7643u
,,973.06k,997.8297u
,,973.08k,997.2063u
,,973.1k,994.4045u
,,973.12k,992.1976u
,,973.14k,993.1621u
,,973.16k,995.3645u
,,973.18k,995.9324u
,,973.2k,993.7234u
,,973.22k,991.6014u
,,973.24k,992.5224u
,,973.26k,993.2472u
,,973.28k,990.5839u
,,973.3k,988.0755u
,,973.32k,987.6768u
,,973.34k,985.1152u
,,973.36k,979.9116u
,,973.38k,976.9471u
,,973.4k,977.6671u
,,973.42k,977.5797u
,,973.44k,975.4814u
,,973.46k,973.4351u
,,973.48k,969.9677u
,,973.5k,964.8967u
,,973.52k,961.0444u
,,973.54k,959.0453u
,,973.56k,956.1457u
,,973.58k,952.7126u
,,973.6k,950.0793u
,,973.62k,946.2072u
,,973.64k,940.8157u
,,973.66k,936.2907u
,,973.68k,933.026u
,,973.7k,928.5381u
,,973.72k,924.4651u
,,973.74k,923.2403u
,,973.76k,921.8661u
,,973.78k,918.0795u
,,973.8k,912.4944u
,,973.82k,906.3582u
,,973.84k,899.9923u
,,973.86k,892.5898u
,,973.88k,885.9439u
,,973.9k,882.3003u
,,973.92k,880.3088u
,,973.94k,876.9159u
,,973.96k,871.375u
,,973.98k,866.3048u
,,974k,861.9045u
,,974.02k,855.4673u
,,974.04k,848.6298u
,,974.06k,844.5121u
,,974.08k,841.4238u
,,974.1k,836.7544u
,,974.12k,831.6921u
,,974.14k,827.2844u
,,974.16k,821.7142u
,,974.18k,815.9135u
,,974.2k,810.5504u
,,974.22k,804.44u
,,974.24k,800.0534u
,,974.26k,797.2114u
,,974.28k,792.4331u
,,974.3k,786.7351u
,,974.32k,781.6251u
,,974.34k,775.3818u
,,974.36k,768.2867u
,,974.38k,761.9201u
,,974.4k,756.11u
,,974.42k,751.0374u
,,974.44k,746.0381u
,,974.46k,739.9824u
,,974.48k,734.9312u
,,974.5k,731.8494u
,,974.52k,728.4799u
,,974.54k,724.6874u
,,974.56k,720.7879u
,,974.58k,715.9883u
,,974.6k,711.4293u
,,974.62k,707.7522u
,,974.64k,702.6203u
,,974.66k,694.9274u
,,974.68k,687.1963u
,,974.7k,681.2004u
,,974.72k,676.6724u
,,974.74k,671.7218u
,,974.76k,665.6536u
,,974.78k,661.0315u
,,974.8k,657.1684u
,,974.82k,651.4468u
,,974.84k,645.5659u
,,974.86k,641.8285u
,,974.88k,639.6425u
,,974.9k,637.6438u
,,974.92k,633.8316u
,,974.94k,627.4721u
,,974.96k,621.8314u
,,974.98k,619.0734u
,,975k,616.7588u
,,975.02k,613.9221u
,,975.04k,612.158u
,,975.06k,610.3296u
,,975.08k,607.03u
,,975.1k,603.1066u
,,975.12k,598.582u
,,975.14k,592.9798u
,,975.16k,587.3327u
,,975.18k,583.2642u
,,975.2k,580.4286u
,,975.22k,577.2248u
,,975.24k,574.1419u
,,975.26k,572.1612u
,,975.28k,570.2869u
,,975.3k,567.9409u
,,975.32k,565.4362u
,,975.34k,562.1279u
,,975.36k,558.1531u
,,975.38k,554.0255u
,,975.4k,550.2747u
,,975.42k,547.5439u
,,975.44k,544.453u
,,975.46k,541.3178u
,,975.48k,540.2027u
,,975.5k,538.6288u
,,975.52k,535.3097u
,,975.54k,533.7491u
,,975.56k,532.7384u
,,975.58k,529.5518u
,,975.6k,526.1904u
,,975.62k,523.5821u
,,975.64k,521.4253u
,,975.66k,519.8709u
,,975.68k,518.2569u
,,975.7k,516.4971u
,,975.72k,514.5294u
,,975.74k,512.0531u
,,975.76k,509.0793u
,,975.78k,505.664u
,,975.8k,503.3149u
,,975.82k,503.2185u
,,975.84k,503.5824u
,,975.86k,502.8728u
,,975.88k,500.89u
,,975.9k,498.1678u
,,975.92k,496.1745u
,,975.94k,493.4684u
,,975.96k,489.3587u
,,975.98k,487.9591u
,,976k,489.4774u
,,976.02k,489.8001u
,,976.04k,489.1539u
,,976.06k,487.4967u
,,976.08k,483.7199u
,,976.1k,481.107u
,,976.12k,480.5185u
,,976.14k,480.3115u
,,976.16k,480.5627u
,,976.18k,480.0269u
,,976.2k,477.2483u
,,976.22k,475.3973u
,,976.24k,476.2858u
,,976.26k,475.5929u
,,976.28k,472.9051u
,,976.3k,470.5289u
,,976.32k,468.7765u
,,976.34k,467.8055u
,,976.36k,466.2892u
,,976.38k,463.7971u
,,976.4k,460.5058u
,,976.42k,458.7038u
,,976.44k,461.1595u
,,976.46k,464.3088u
,,976.48k,465.1135u
,,976.5k,464.4034u
,,976.52k,461.9833u
,,976.54k,458.2926u
,,976.56k,454.5407u
,,976.58k,452.2062u
,,976.6k,452.9704u
,,976.62k,454.7434u
,,976.64k,453.4419u
,,976.66k,449.6395u
,,976.68k,446.4299u
,,976.7k,444.9069u
,,976.72k,444.8284u
,,976.74k,445.5316u
,,976.76k,444.7271u
,,976.78k,441.7783u
,,976.8k,440.5063u
,,976.82k,441.1143u
,,976.84k,439.9908u
,,976.86k,437.3861u
,,976.88k,435.4334u
,,976.9k,434.3783u
,,976.92k,433.7339u
,,976.94k,432.8273u
,,976.96k,431.0079u
,,976.98k,428.4253u
,,977k,425.8238u
,,977.02k,423.6264u
,,977.04k,421.1846u
,,977.06k,419.5302u
,,977.08k,419.0922u
,,977.1k,417.469u
,,977.12k,415.646u
,,977.14k,414.7488u
,,977.16k,412.5851u
,,977.18k,409.1502u
,,977.2k,405.8655u
,,977.22k,403.3902u
,,977.24k,402.7694u
,,977.26k,402.9219u
,,977.28k,401.7182u
,,977.3k,400.6246u
,,977.32k,398.9895u
,,977.34k,394.677u
,,977.36k,390.2867u
,,977.38k,387.9574u
,,977.4k,386.9804u
,,977.42k,384.4788u
,,977.44k,379.6153u
,,977.46k,375.9122u
,,977.48k,374.7925u
,,977.5k,374.0386u
,,977.52k,372.3525u
,,977.54k,371.1933u
,,977.56k,371.0972u
,,977.58k,370.6663u
,,977.6k,368.18u
,,977.62k,363.172u
,,977.64k,357.7892u
,,977.66k,354.1326u
,,977.68k,352.2912u
,,977.7k,351.029u
,,977.72k,349.1227u
,,977.74k,347.0267u
,,977.76k,345.0571u
,,977.78k,342.7201u
,,977.8k,339.1199u
,,977.82k,333.704u
,,977.84k,328.5297u
,,977.86k,327.0191u
,,977.88k,328.5701u
,,977.9k,328.1461u
,,977.92k,325.1892u
,,977.94k,322.4822u
,,977.96k,320.4884u
,,977.98k,318.7831u
,,978k,316.478u
,,978.02k,313.5772u
,,978.04k,310.4433u
,,978.06k,307.9228u
,,978.08k,306.2749u
,,978.1k,303.3121u
,,978.12k,300.8636u
,,978.14k,300.344u
,,978.16k,299.1802u
,,978.18k,298.6896u
,,978.2k,298.5805u
,,978.22k,295.0349u
,,978.24k,289.4821u
,,978.26k,286.5145u
,,978.28k,285.1979u
,,978.3k,281.6929u
,,978.32k,277.4488u
,,978.34k,275.4507u
,,978.36k,274.4389u
,,978.38k,272.5849u
,,978.4k,270.5136u
,,978.42k,267.1987u
,,978.44k,263.5916u
,,978.46k,262.7163u
,,978.48k,260.9788u
,,978.5k,255.8651u
,,978.52k,251.982u
,,978.54k,250.7603u
,,978.56k,249.3652u
,,978.58k,248.031u
,,978.6k,246.9336u
,,978.62k,244.6973u
,,978.64k,241.6287u
,,978.66k,237.5127u
,,978.68k,233.1223u
,,978.7k,231.1617u
,,978.72k,233.2606u
,,978.74k,235.5616u
,,978.76k,232.9588u
,,978.78k,229.2296u
,,978.8k,228.2593u
,,978.82k,227.0436u
,,978.84k,224.4496u
,,978.86k,221.6222u
,,978.88k,219.2456u
,,978.9k,217.6734u
,,978.92k,215.5943u
,,978.94k,213.0572u
,,978.96k,211.1379u
,,978.98k,209.5681u
,,979k,207.9367u
,,979.02k,205.9032u
,,979.04k,204.4049u
,,979.06k,204.0822u
,,979.08k,203.407u
,,979.1k,202.3984u
,,979.12k,201.3435u
,,979.14k,198.164u
,,979.16k,193.3368u
,,979.18k,190.2047u
,,979.2k,189.4463u
,,979.22k,189.2876u
,,979.24k,188.7408u
,,979.26k,188.4999u
,,979.28k,187.6527u
,,979.3k,184.7815u
,,979.32k,181.8045u
,,979.34k,180.2619u
,,979.36k,179.0977u
,,979.38k,176.5613u
,,979.4k,173.8141u
,,979.42k,172.7802u
,,979.44k,171.4023u
,,979.46k,168.3585u
,,979.48k,166.9739u
,,979.5k,168.5542u
,,979.52k,168.8897u
,,979.54k,165.8964u
,,979.56k,161.9749u
,,979.58k,159.6415u
,,979.6k,159.2204u
,,979.62k,159.6854u
,,979.64k,159.107u
,,979.66k,156.0544u
,,979.68k,152.5781u
,,979.7k,151.547u
,,979.72k,152.7258u
,,979.74k,152.5045u
,,979.76k,149.3272u
,,979.78k,145.3605u
,,979.8k,142.6035u
,,979.82k,141.3995u
,,979.84k,141.3528u
,,979.86k,142.2561u
,,979.88k,142.7567u
,,979.9k,142.879u
,,979.92k,143.0316u
,,979.94k,142.0453u
,,979.96k,141.4107u
,,979.98k,140.9947u
,,980k,138.4875u
,,980.02k,135.1947u
,,980.04k,133.2515u
,,980.06k,131.1381u
,,980.08k,127.5663u
,,980.1k,125.4827u
,,980.12k,125.4278u
,,980.14k,124.5874u
,,980.16k,123.6373u
,,980.18k,123.0736u
,,980.2k,121.2919u
,,980.22k,120.2891u
,,980.24k,120.8512u
,,980.26k,119.6656u
,,980.28k,117.9714u
,,980.3k,118.7303u
,,980.32k,118.7562u
,,980.34k,115.4232u
,,980.36k,110.533u
,,980.38k,106.9144u
,,980.4k,106.0599u
,,980.42k,106.5561u
,,980.44k,106.6208u
,,980.46k,106.249u
,,980.48k,106.9457u
,,980.5k,109.8727u
,,980.52k,111.6144u
,,980.54k,109.4238u
,,980.56k,106.4921u
,,980.58k,105.4213u
,,980.6k,104.5817u
,,980.62k,102.6224u
,,980.64k,101.2421u
,,980.66k,100.324u
,,980.68k,98.6455u
,,980.7k,97.5293u
,,980.72k,97.31173u
,,980.74k,96.8169u
,,980.76k,95.42626u
,,980.78k,93.95971u
,,980.8k,93.16171u
,,980.82k,92.67817u
,,980.84k,93.01445u
,,980.86k,93.96393u
,,980.88k,93.80578u
,,980.9k,91.95066u
,,980.92k,90.11046u
,,980.94k,89.35967u
,,980.96k,88.8358u
,,980.98k,87.59454u
,,981k,85.95269u
,,981.02k,86.44296u
,,981.04k,89.33431u
,,981.06k,90.44838u
,,981.08k,89.1377u
,,981.1k,88.22006u
,,981.12k,87.57594u
,,981.14k,86.93011u
,,981.16k,86.26257u
,,981.18k,84.40708u
,,981.2k,83.70131u
,,981.22k,83.86208u
,,981.24k,80.44906u
,,981.26k,75.82021u
,,981.28k,74.09857u
,,981.3k,75.32925u
,,981.32k,78.66689u
,,981.34k,81.2675u
,,981.36k,80.42883u
,,981.38k,78.9055u
,,981.4k,79.17821u
,,981.42k,78.98949u
,,981.44k,76.84327u
,,981.46k,73.88034u
,,981.48k,73.41908u
,,981.5k,75.40334u
,,981.52k,76.09967u
,,981.54k,75.02733u
,,981.56k,73.73595u
,,981.58k,72.7215u
,,981.6k,71.99886u
,,981.62k,71.38096u
,,981.64k,70.48597u
,,981.66k,70.11214u
,,981.68k,70.60516u
,,981.7k,71.08206u
,,981.72k,71.6485u
,,981.74k,72.27966u
,,981.76k,71.88771u
,,981.78k,70.67662u
,,981.8k,70.46708u
,,981.82k,70.42061u
,,981.84k,68.88487u
,,981.86k,67.97611u
,,981.88k,69.17459u
,,981.9k,69.76489u
,,981.92k,68.89864u
,,981.94k,69.06197u
,,981.96k,70.47668u
,,981.98k,71.93055u
,,982k,71.79091u
,,982.02k,69.65889u
,,982.04k,68.85805u
,,982.06k,69.67852u
,,982.08k,69.81737u
,,982.1k,69.82935u
,,982.12k,69.92592u
,,982.14k,69.09115u
,,982.16k,66.62593u
,,982.18k,64.66965u
,,982.2k,65.14541u
,,982.22k,66.02763u
,,982.24k,65.80494u
,,982.26k,65.6191u
,,982.28k,66.30144u
,,982.3k,66.24002u
,,982.32k,65.09049u
,,982.34k,64.14751u
,,982.36k,63.87286u
,,982.38k,63.82742u
,,982.4k,63.06045u
,,982.42k,61.96946u
,,982.44k,62.36503u
,,982.46k,64.19505u
,,982.48k,65.0526u
,,982.5k,65.06131u
,,982.52k,66.3902u
,,982.54k,67.25157u
,,982.56k,67.18122u
,,982.58k,67.52334u
,,982.6k,66.9828u
,,982.62k,65.04263u
,,982.64k,64.08163u
,,982.66k,65.58637u
,,982.68k,67.00099u
,,982.7k,67.86202u
,,982.72k,69.11923u
,,982.74k,68.09199u
,,982.76k,65.40854u
,,982.78k,64.08012u
,,982.8k,64.20485u
,,982.82k,64.3524u
,,982.84k,64.24116u
,,982.86k,64.69886u
,,982.88k,64.61492u
,,982.9k,63.83839u
,,982.92k,64.12791u
,,982.94k,64.9981u
,,982.96k,65.14308u
,,982.98k,63.58834u
,,983k,60.4379u
,,983.02k,58.59009u
,,983.04k,59.46628u
,,983.06k,60.25328u
,,983.08k,59.76386u
,,983.1k,59.5267u
,,983.12k,58.71664u
,,983.14k,58.33881u
,,983.16k,60.31296u
,,983.18k,61.59688u
,,983.2k,61.2546u
,,983.22k,61.49509u
,,983.24k,61.53366u
,,983.26k,60.66567u
,,983.28k,59.33522u
,,983.3k,58.00043u
,,983.32k,58.3576u
,,983.34k,60.376u
,,983.36k,62.84033u
,,983.38k,64.38144u
,,983.4k,64.02319u
,,983.42k,62.37031u
,,983.44k,60.09953u
,,983.46k,58.16633u
,,983.48k,56.96593u
,,983.5k,57.19201u
,,983.52k,59.08981u
,,983.54k,60.24147u
,,983.56k,60.08548u
,,983.58k,60.15993u
,,983.6k,59.8777u
,,983.62k,58.5861u
,,983.64k,57.00365u
,,983.66k,57.20181u
,,983.68k,59.68436u
,,983.7k,60.74601u
,,983.72k,59.69536u
,,983.74k,58.97368u
,,983.76k,58.25614u
,,983.78k,56.8269u
,,983.8k,55.38081u
,,983.82k,53.94217u
,,983.84k,53.15339u
,,983.86k,53.87283u
,,983.88k,54.94368u
,,983.9k,56.39212u
,,983.92k,58.31463u
,,983.94k,58.58504u
,,983.96k,56.78004u
,,983.98k,54.6542u
,,984k,53.87336u
,,984.02k,54.63628u
,,984.04k,55.97641u
,,984.06k,56.49266u
,,984.08k,56.12748u
,,984.1k,57.38282u
,,984.12k,58.89068u
,,984.14k,57.47663u
,,984.16k,54.73377u
,,984.18k,52.95588u
,,984.2k,51.48943u
,,984.22k,50.32226u
,,984.24k,50.56629u
,,984.26k,50.89464u
,,984.28k,50.46716u
,,984.3k,52.13646u
,,984.32k,56.01891u
,,984.34k,59.05187u
,,984.36k,59.84103u
,,984.38k,57.63419u
,,984.4k,56.01782u
,,984.42k,57.70233u
,,984.44k,57.94095u
,,984.46k,54.83199u
,,984.48k,51.99664u
,,984.5k,51.24058u
,,984.52k,51.00652u
,,984.54k,51.02295u
,,984.56k,50.43502u
,,984.58k,47.40068u
,,984.6k,45.21699u
,,984.62k,46.53124u
,,984.64k,49.60566u
,,984.66k,51.55849u
,,984.68k,51.03354u
,,984.7k,50.40697u
,,984.72k,51.31327u
,,984.74k,52.06588u
,,984.76k,51.44475u
,,984.78k,49.03411u
,,984.8k,47.11074u
,,984.82k,47.3194u
,,984.84k,48.06719u
,,984.86k,49.2149u
,,984.88k,50.44816u
,,984.9k,51.06606u
,,984.92k,51.69095u
,,984.94k,51.34827u
,,984.96k,50.05435u
,,984.98k,51.24419u
,,985k,53.53456u
,,985.02k,52.3607u
,,985.04k,49.61472u
,,985.06k,48.3232u
,,985.08k,47.40905u
,,985.1k,46.32909u
,,985.12k,46.24659u
,,985.14k,45.99764u
,,985.16k,44.77837u
,,985.18k,44.61104u
,,985.2k,44.64752u
,,985.22k,43.93826u
,,985.24k,44.73034u
,,985.26k,46.10394u
,,985.28k,46.9761u
,,985.3k,47.4891u
,,985.32k,46.1153u
,,985.34k,42.97887u
,,985.36k,41.18338u
,,985.38k,42.18835u
,,985.4k,42.4311u
,,985.42k,41.37128u
,,985.44k,42.46079u
,,985.46k,44.94502u
,,985.48k,45.46747u
,,985.5k,44.62511u
,,985.52k,44.15444u
,,985.54k,42.90483u
,,985.56k,40.25663u
,,985.58k,38.49374u
,,985.6k,40.1659u
,,985.62k,43.49305u
,,985.64k,44.32929u
,,985.66k,43.79513u
,,985.68k,44.24512u
,,985.7k,44.158u
,,985.72k,43.48067u
,,985.74k,43.66118u
,,985.76k,43.53795u
,,985.78k,42.87443u
,,985.8k,42.60152u
,,985.82k,42.14609u
,,985.84k,40.84355u
,,985.86k,39.05u
,,985.88k,37.44734u
,,985.9k,36.02863u
,,985.92k,35.57898u
,,985.94k,37.2136u
,,985.96k,39.75393u
,,985.98k,39.9751u
,,986k,37.70121u
,,986.02k,36.32497u
,,986.04k,36.4685u
,,986.06k,37.02093u
,,986.08k,37.68796u
,,986.1k,38.48926u
,,986.12k,38.55337u
,,986.14k,37.39516u
,,986.16k,36.69556u
,,986.18k,35.44078u
,,986.2k,32.72008u
,,986.22k,32.15084u
,,986.24k,34.00364u
,,986.26k,36.41877u
,,986.28k,38.244u
,,986.3k,36.83658u
,,986.32k,33.9732u
,,986.34k,33.27383u
,,986.36k,33.08263u
,,986.38k,32.22961u
,,986.4k,32.61012u
,,986.42k,34.26455u
,,986.44k,35.69252u
,,986.46k,35.74641u
,,986.48k,35.21523u
,,986.5k,34.4971u
,,986.52k,33.04973u
,,986.54k,32.0821u
,,986.56k,33.06908u
,,986.58k,35.23381u
,,986.6k,35.48438u
,,986.62k,32.86261u
,,986.64k,31.10173u
,,986.66k,31.48928u
,,986.68k,32.2364u
,,986.7k,33.33265u
,,986.72k,33.3915u
,,986.74k,31.97985u
,,986.76k,30.99517u
,,986.78k,30.31298u
,,986.8k,30.7388u
,,986.82k,32.52255u
,,986.84k,33.17594u
,,986.86k,32.6489u
,,986.88k,31.41896u
,,986.9k,28.79566u
,,986.92k,26.40244u
,,986.94k,25.28973u
,,986.96k,26.02087u
,,986.98k,26.91805u
,,987k,27.40765u
,,987.02k,29.6516u
,,987.04k,32.49276u
,,987.06k,32.70727u
,,987.08k,29.53682u
,,987.1k,26.64021u
,,987.12k,27.41099u
,,987.14k,29.38768u
,,987.16k,30.41822u
,,987.18k,30.81853u
,,987.2k,30.92039u
,,987.22k,30.77426u
,,987.24k,30.81171u
,,987.26k,30.20261u
,,987.28k,29.72432u
,,987.3k,29.30608u
,,987.32k,28.505u
,,987.34k,28.14237u
,,987.36k,26.67861u
,,987.38k,23.79338u
,,987.4k,22.66763u
,,987.42k,25.36034u
,,987.44k,27.904u
,,987.46k,27.81602u
,,987.48k,26.78844u
,,987.5k,25.6614u
,,987.52k,24.75611u
,,987.54k,24.77645u
,,987.56k,25.7329u
,,987.58k,27.22185u
,,987.6k,28.45381u
,,987.62k,29.28929u
,,987.64k,28.93765u
,,987.66k,26.72494u
,,987.68k,24.41312u
,,987.7k,23.81065u
,,987.72k,23.89703u
,,987.74k,24.84159u
,,987.76k,27.01331u
,,987.78k,26.41177u
,,987.8k,23.13105u
,,987.82k,21.52393u
,,987.84k,20.67299u
,,987.86k,20.65286u
,,987.88k,22.97407u
,,987.9k,25.87814u
,,987.92k,27.96313u
,,987.94k,28.52164u
,,987.96k,27.0812u
,,987.98k,25.43086u
,,988k,24.849u
,,988.02k,24.4244u
,,988.04k,24.15153u
,,988.06k,24.57355u
,,988.08k,25.48065u
,,988.1k,25.10702u
,,988.12k,25.07522u
,,988.14k,26.43382u
,,988.16k,26.74784u
,,988.18k,25.14937u
,,988.2k,22.4659u
,,988.22k,20.97512u
,,988.24k,22.433u
,,988.26k,24.97492u
,,988.28k,25.64812u
,,988.3k,23.45835u
,,988.32k,20.79939u
,,988.34k,20.00638u
,,988.36k,21.34675u
,,988.38k,23.6111u
,,988.4k,25.70735u
,,988.42k,26.74719u
,,988.44k,25.72195u
,,988.46k,24.15056u
,,988.48k,23.76433u
,,988.5k,23.14429u
,,988.52k,22.24457u
,,988.54k,21.32501u
,,988.56k,19.50078u
,,988.58k,17.79805u
,,988.6k,17.29966u
,,988.62k,18.01901u
,,988.64k,19.37005u
,,988.66k,20.64659u
,,988.68k,22.04252u
,,988.7k,23.34583u
,,988.72k,23.67242u
,,988.74k,23.11698u
,,988.76k,22.45708u
,,988.78k,20.68732u
,,988.8k,17.50713u
,,988.82k,17.29374u
,,988.84k,20.14439u
,,988.86k,20.24219u
,,988.88k,18.90603u
,,988.9k,19.11829u
,,988.92k,19.01395u
,,988.94k,18.58938u
,,988.96k,19.73299u
,,988.98k,21.58038u
,,989k,21.64393u
,,989.02k,21.48963u
,,989.04k,22.21052u
,,989.06k,21.01197u
,,989.08k,18.91818u
,,989.1k,18.25558u
,,989.12k,19.25558u
,,989.14k,20.26928u
,,989.16k,18.51061u
,,989.18k,16.22033u
,,989.2k,16.61597u
,,989.22k,18.46506u
,,989.24k,19.8985u
,,989.26k,19.40579u
,,989.28k,17.83692u
,,989.3k,17.17864u
,,989.32k,16.68795u
,,989.34k,16.04275u
,,989.36k,16.53413u
,,989.38k,18.00962u
,,989.4k,19.02058u
,,989.42k,19.08022u
,,989.44k,19.9437u
,,989.46k,21.66055u
,,989.48k,21.07345u
,,989.5k,18.07325u
,,989.52k,16.3515u
,,989.54k,16.68569u
,,989.56k,15.98104u
,,989.58k,14.38209u
,,989.6k,13.75279u
,,989.62k,14.4005u
,,989.64k,15.99095u
,,989.66k,17.80511u
,,989.68k,19.12798u
,,989.7k,20.46227u
,,989.72k,21.64241u
,,989.74k,20.54558u
,,989.76k,17.58698u
,,989.78k,16.04464u
,,989.8k,16.06779u
,,989.82k,15.96404u
,,989.84k,15.37772u
,,989.86k,13.97817u
,,989.88k,13.57018u
,,989.9k,14.28017u
,,989.92k,13.98407u
,,989.94k,14.63277u
,,989.96k,16.9641u
,,989.98k,18.16813u
,,990k,17.91143u
,,990.02k,18.54245u
,,990.04k,20.10232u
,,990.06k,20.82552u
,,990.08k,20.51635u
,,990.1k,20.01766u
,,990.12k,18.97475u
,,990.14k,17.88322u
,,990.16k,18.42343u
,,990.18k,20.00151u
,,990.2k,20.35841u
,,990.22k,19.40676u
,,990.24k,18.59856u
,,990.26k,18.86999u
,,990.28k,19.59816u
,,990.3k,19.3142u
,,990.32k,18.33661u
,,990.34k,16.72355u
,,990.36k,14.93923u
,,990.38k,15.71931u
,,990.4k,18.1263u
,,990.42k,19.86357u
,,990.44k,19.38044u
,,990.46k,16.68228u
,,990.48k,13.95834u
,,990.5k,14.0189u
,,990.52k,14.73637u
,,990.54k,15.18047u
,,990.56k,17.79903u
,,990.58k,19.98979u
,,990.6k,20.44827u
,,990.62k,21.77591u
,,990.64k,23.82847u
,,990.66k,23.18967u
,,990.68k,20.06791u
,,990.7k,18.03062u
,,990.72k,17.52609u
,,990.74k,17.01602u
,,990.76k,16.80123u
,,990.78k,16.33605u
,,990.8k,15.47661u
,,990.82k,15.94849u
,,990.84k,16.54547u
,,990.86k,15.96756u
,,990.88k,14.90024u
,,990.9k,15.03342u
,,990.92k,16.87971u
,,990.94k,18.94196u
,,990.96k,19.01959u
,,990.98k,17.48392u
,,991k,16.2795u
,,991.02k,16.38833u
,,991.04k,18.71618u
,,991.06k,22.14018u
,,991.08k,23.85504u
,,991.1k,23.24259u
,,991.12k,22.24979u
,,991.14k,21.7597u
,,991.16k,20.9248u
,,991.18k,19.3756u
,,991.2k,18.33664u
,,991.22k,18.66544u
,,991.24k,19.82602u
,,991.26k,20.40176u
,,991.28k,20.68132u
,,991.3k,21.12305u
,,991.32k,20.93553u
,,991.34k,20.57515u
,,991.36k,18.81626u
,,991.38k,15.32163u
,,991.4k,12.50766u
,,991.42k,13.15848u
,,991.44k,16.58256u
,,991.46k,18.70676u
,,991.48k,18.63253u
,,991.5k,18.58205u
,,991.52k,19.46393u
,,991.54k,19.75671u
,,991.56k,19.56719u
,,991.58k,19.28624u
,,991.6k,18.75187u
,,991.62k,19.15746u
,,991.64k,19.87011u
,,991.66k,19.77428u
,,991.68k,19.83509u
,,991.7k,20.69538u
,,991.72k,20.94157u
,,991.74k,20.17846u
,,991.76k,19.11429u
,,991.78k,17.71383u
,,991.8k,16.51409u
,,991.82k,16.0387u
,,991.84k,15.55435u
,,991.86k,14.31172u
,,991.88k,13.85172u
,,991.9k,13.92116u
,,991.92k,14.47883u
,,991.94k,17.10658u
,,991.96k,19.54362u
,,991.98k,19.06946u
,,992k,17.47464u
,,992.02k,16.92814u
,,992.04k,18.04823u
,,992.06k,19.36675u
,,992.08k,18.88401u
,,992.1k,17.35749u
,,992.12k,17.55245u
,,992.14k,19.24792u
,,992.16k,18.79442u
,,992.18k,17.27506u
,,992.2k,16.72969u
,,992.22k,16.30267u
,,992.24k,16.07723u
,,992.26k,16.33865u
,,992.28k,17.29491u
,,992.3k,18.18547u
,,992.32k,18.96006u
,,992.34k,21.18823u
,,992.36k,23.11215u
,,992.38k,21.96899u
,,992.4k,19.09267u
,,992.42k,17.26902u
,,992.44k,16.22061u
,,992.46k,14.59992u
,,992.48k,12.58978u
,,992.5k,12.21081u
,,992.52k,12.90054u
,,992.54k,13.37129u
,,992.56k,14.78789u
,,992.58k,16.87148u
,,992.6k,17.81074u
,,992.62k,17.62985u
,,992.64k,16.73844u
,,992.66k,15.02745u
,,992.68k,14.60893u
,,992.7k,15.9079u
,,992.72k,16.77381u
,,992.74k,16.50259u
,,992.76k,15.28526u
,,992.78k,13.86225u
,,992.8k,13.12321u
,,992.82k,14.18851u
,,992.84k,17.04121u
,,992.86k,19.56871u
,,992.88k,19.79763u
,,992.9k,17.86915u
,,992.92k,15.34367u
,,992.94k,13.58924u
,,992.96k,13.7184u
,,992.98k,15.34843u
,,993k,16.61957u
,,993.02k,15.80842u
,,993.04k,14.1508u
,,993.06k,14.5783u
,,993.08k,16.70081u
,,993.1k,16.20705u
,,993.12k,12.77249u
,,993.14k,11.65077u
,,993.16k,12.81793u
,,993.18k,12.78528u
,,993.2k,12.90718u
,,993.22k,14.89508u
,,993.24k,17.29424u
,,993.26k,17.50939u
,,993.28k,14.74804u
,,993.3k,12.67564u
,,993.32k,14.58302u
,,993.34k,17.81602u
,,993.36k,17.98389u
,,993.38k,17.00837u
,,993.4k,17.95734u
,,993.42k,18.08632u
,,993.44k,15.32325u
,,993.46k,12.17315u
,,993.48k,12.04291u
,,993.5k,13.18835u
,,993.52k,13.3691u
,,993.54k,12.76492u
,,993.56k,12.53667u
,,993.58k,12.86219u
,,993.6k,13.39336u
,,993.62k,13.95863u
,,993.64k,13.79546u
,,993.66k,14.11419u
,,993.68k,15.00251u
,,993.7k,14.96316u
,,993.72k,14.57564u
,,993.74k,14.78376u
,,993.76k,15.20938u
,,993.78k,13.88345u
,,993.8k,12.18037u
,,993.82k,13.16766u
,,993.84k,14.23601u
,,993.86k,13.60181u
,,993.88k,12.98427u
,,993.9k,12.12168u
,,993.92k,11.17528u
,,993.94k,11.10655u
,,993.96k,11.90998u
,,993.98k,12.65093u
,,994k,13.44879u
,,994.02k,14.92584u
,,994.04k,15.5039u
,,994.06k,14.33955u
,,994.08k,13.19639u
,,994.1k,12.81555u
,,994.12k,12.37745u
,,994.14k,11.26966u
,,994.16k,10.20153u
,,994.18k,9.340294u
,,994.2k,9.086471u
,,994.22k,9.076071u
,,994.24k,10.64923u
,,994.26k,11.50176u
,,994.28k,9.399684u
,,994.3k,8.102027u
,,994.32k,9.680157u
,,994.34k,11.25538u
,,994.36k,12.41328u
,,994.38k,12.37216u
,,994.4k,11.93253u
,,994.42k,13.02178u
,,994.44k,13.2253u
,,994.46k,11.39834u
,,994.48k,9.355362u
,,994.5k,8.112604u
,,994.52k,8.770401u
,,994.54k,11.13577u
,,994.56k,12.46117u
,,994.58k,12.42115u
,,994.6k,11.04062u
,,994.62k,9.584095u
,,994.64k,9.805683u
,,994.66k,10.15287u
,,994.68k,10.914u
,,994.7k,12.57005u
,,994.72k,13.22738u
,,994.74k,12.52218u
,,994.76k,11.67181u
,,994.78k,11.04385u
,,994.8k,10.43475u
,,994.82k,9.817934u
,,994.84k,9.983078u
,,994.86k,10.09744u
,,994.88k,9.694374u
,,994.9k,8.815532u
,,994.92k,9.135465u
,,994.94k,10.52418u
,,994.96k,10.05402u
,,994.98k,9.660741u
,,995k,11.55977u
,,995.02k,10.60108u
,,995.04k,9.357732u
,,995.06k,10.14696u
,,995.08k,10.5119u
,,995.1k,10.25046u
,,995.12k,11.46102u
,,995.14k,14.28661u
,,995.16k,17.73269u
,,995.18k,17.95649u
,,995.2k,14.93684u
,,995.22k,12.68488u
,,995.24k,11.8706u
,,995.26k,11.95079u
,,995.28k,12.24422u
,,995.3k,12.52836u
,,995.32k,13.24775u
,,995.34k,13.74133u
,,995.36k,13.78367u
,,995.38k,12.78031u
,,995.4k,11.07609u
,,995.42k,10.40079u
,,995.44k,11.42154u
,,995.46k,13.46307u
,,995.48k,15.23457u
,,995.5k,15.79485u
,,995.52k,14.74893u
,,995.54k,12.09402u
,,995.56k,10.11612u
,,995.58k,10.56347u
,,995.6k,11.36854u
,,995.62k,10.97987u
,,995.64k,9.994325u
,,995.66k,9.751417u
,,995.68k,9.209953u
,,995.7k,8.110718u
,,995.72k,7.941445u
,,995.74k,7.19921u
,,995.76k,6.550963u
,,995.78k,7.488831u
,,995.8k,9.418764u
,,995.82k,10.48236u
,,995.84k,9.740985u
,,995.86k,8.126999u
,,995.88k,6.57657u
,,995.9k,5.306327u
,,995.92k,6.974938u
,,995.94k,10.21384u
,,995.96k,11.21814u
,,995.98k,11.53348u
,,996k,12.29306u
,,996.02k,10.52657u
,,996.04k,8.500505u
,,996.06k,9.19275u
,,996.08k,9.864655u
,,996.1k,8.92335u
,,996.12k,6.50979u
,,996.14k,4.962398u
,,996.16k,5.5939u
,,996.18k,6.689938u
,,996.2k,7.4495u
,,996.22k,7.623643u
,,996.24k,8.442596u
,,996.26k,10.58748u
,,996.28k,10.27873u
,,996.3k,8.355201u
,,996.32k,8.11727u
,,996.34k,9.124537u
,,996.36k,10.08658u
,,996.38k,10.29337u
,,996.4k,10.31501u
,,996.42k,11.14191u
,,996.44k,11.64652u
,,996.46k,10.38915u
,,996.48k,8.238856u
,,996.5k,7.177507u
,,996.52k,8.735189u
,,996.54k,10.41656u
,,996.56k,13.61532u
,,996.58k,16.07655u
,,996.6k,14.56695u
,,996.62k,12.60275u
,,996.64k,12.22787u
,,996.66k,12.14127u
,,996.68k,10.73961u
,,996.7k,8.774903u
,,996.72k,7.935999u
,,996.74k,9.277713u
,,996.76k,9.856917u
,,996.78k,6.589333u
,,996.8k,5.186153u
,,996.82k,8.433591u
,,996.84k,10.44918u
,,996.86k,8.604272u
,,996.88k,7.172364u
,,996.9k,7.825789u
,,996.92k,8.892104u
,,996.94k,10.14792u
,,996.96k,10.90504u
,,996.98k,10.94381u
,,997k,10.14347u
,,997.02k,8.663943u
,,997.04k,8.352463u
,,997.06k,8.630941u
,,997.08k,8.751706u
,,997.1k,8.700096u
,,997.12k,6.879553u
,,997.14k,5.429848u
,,997.16k,6.838119u
,,997.18k,6.867319u
,,997.2k,6.248443u
,,997.22k,7.467376u
,,997.24k,8.419745u
,,997.26k,7.226823u
,,997.28k,5.356815u
,,997.3k,4.236334u
,,997.32k,5.066791u
,,997.34k,6.976368u
,,997.36k,8.581659u
,,997.38k,10.16408u
,,997.4k,10.95373u
,,997.42k,10.96063u
,,997.44k,9.985631u
,,997.46k,8.752119u
,,997.48k,8.207271u
,,997.5k,8.03357u
,,997.52k,7.912949u
,,997.54k,8.096913u
,,997.56k,7.467556u
,,997.58k,7.331941u
,,997.6k,7.723564u
,,997.62k,8.683926u
,,997.64k,10.56565u
,,997.66k,12.10851u
,,997.68k,10.66575u
,,997.7k,7.063302u
,,997.72k,4.14211u
,,997.74k,2.957969u
,,997.76k,2.674885u
,,997.78k,3.557457u
,,997.8k,5.896509u
,,997.82k,6.23138u
,,997.84k,3.860519u
,,997.86k,3.619417u
,,997.88k,5.897757u
,,997.9k,6.496918u
,,997.92k,5.031163u
,,997.94k,5.374094u
,,997.96k,7.686871u
,,997.98k,7.79179u
,,998k,5.809982u
,,998.02k,5.881377u
,,998.04k,6.768569u
,,998.06k,4.916512u
,,998.08k,1.966048u
,,998.1k,2.168369u
,,998.12k,4.81808u
,,998.14k,7.631774u
,,998.16k,7.763592u
,,998.18k,6.9515u
,,998.2k,6.856072u
,,998.22k,5.102382u
,,998.24k,3.229685u
,,998.26k,4.898077u
,,998.28k,7.745863u
,,998.3k,9.113215u
,,998.32k,9.244399u
,,998.34k,8.981437u
,,998.36k,7.667653u
,,998.38k,6.895873u
,,998.4k,6.555095u
,,998.42k,6.719168u
,,998.44k,7.167691u
,,998.46k,6.942924u
,,998.48k,6.742501u
,,998.5k,6.843916u
,,998.52k,5.316045u
,,998.54k,3.667242u
,,998.56k,3.67921u
,,998.58k,3.845631u
,,998.6k,2.488204u
,,998.62k,2.365764u
,,998.64k,5.147999u
,,998.66k,7.356533u
,,998.68k,6.483304u
,,998.7k,5.980062u
,,998.72k,6.578276u
,,998.74k,6.474236u
,,998.76k,6.166397u
,,998.78k,5.348663u
,,998.8k,4.33723u
,,998.82k,4.829843u
,,998.84k,5.606658u
,,998.86k,6.075549u
,,998.88k,4.98548u
,,998.9k,2.8613u
,,998.92k,2.026561u
,,998.94k,2.44293u
,,998.96k,2.490478u
,,998.98k,3.372706u
,,999k,3.335834u
,,999.02k,1.953023u
,,999.04k,1.940253u
,,999.06k,3.896731u
,,999.08k,4.448033u
,,999.1k,5.369396u
,,999.12k,4.495472u
,,999.14k,1.687348u
,,999.16k,1.285567u
,,999.18k,3.642323u
,,999.2k,5.453017u
,,999.22k,5.129136u
,,999.24k,5.725542u
,,999.26k,6.072776u
,,999.28k,6.702667u
,,999.3k,7.572481u
,,999.32k,7.339709u
,,999.34k,7.682348u
,,999.36k,8.498066u
,,999.38k,7.744171u
,,999.4k,6.215626u
,,999.42k,6.289976u
,,999.44k,8.062388u
,,999.46k,8.627052u
,,999.48k,6.779438u
,,999.5k,5.312896u
,,999.52k,7.593932u
,,999.54k,9.207425u
,,999.56k,9.341773u
,,999.58k,6.97318u
,,999.6k,5.512272u
,,999.62k,5.744547u
,,999.64k,5.358112u
,,999.66k,5.640703u
,,999.68k,8.090074u
,,999.7k,8.672808u
,,999.72k,6.051606u
,,999.74k,5.484976u
,,999.76k,7.137905u
,,999.78k,6.605496u
,,999.8k,3.702195u
,,999.82k,2.821093u
,,999.84k,3.525634u
,,999.86k,2.366585u
,,999.88k,5.164998u
,,999.9k,8.022563u
,,999.92k,7.899383u
,,999.94k,7.130237u
,,999.96k,6.598142u
,,999.98k,5.126252u
,,1M,3.837643u
,,1.00002M,3.881699u
,,1.00004M,4.253059u
,,1.00006M,3.50169u
,,1.00008M,3.208151u
,,1.0001M,3.770506u
,,1.00012M,3.339894u
,,1.00014M,2.171263u
,,1.00016M,2.535917u
,,1.00018M,3.395034u
,,1.0002M,4.127149u
,,1.00022M,4.610978u
,,1.00024M,3.483066u
,,1.00026M,2.682243u
,,1.00028M,3.444636u
,,1.0003M,2.852487u
,,1.00032M,2.644222u
,,1.00034M,2.25485u
,,1.00036M,2.318604u
,,1.00038M,3.848621u
,,1.0004M,4.489485u
,,1.00042M,4.129928u
,,1.00044M,4.73359u
,,1.00046M,6.12884u
,,1.00048M,6.608659u
,,1.0005M,6.204951u
,,1.00052M,6.819824u
,,1.00054M,8.632458u
,,1.00056M,8.42699u
,,1.00058M,6.494596u
,,1.0006M,4.93019u
,,1.00062M,4.518706u
,,1.00064M,4.694191u
,,1.00066M,4.427849u
,,1.00068M,5.672614u
,,1.0007M,6.825491u
,,1.00072M,6.545067u
,,1.00074M,5.911363u
,,1.00076M,7.039438u
,,1.00078M,6.191636u
,,1.0008M,4.058837u
,,1.00082M,2.248415u
,,1.00084M,1.114895u
,,1.00086M,2.561924u
,,1.00088M,4.491424u
,,1.0009M,5.405278u
,,1.00092M,6.228902u
,,1.00094M,7.421344u
,,1.00096M,7.528665u
,,1.00098M,5.95772u
,,1.001M,5.06569u
,,1.00102M,5.146939u
,,1.00104M,4.176889u
,,1.00106M,3.90086u
,,1.00108M,5.948946u
,,1.0011M,6.392688u
,,1.00112M,5.107939u
,,1.00114M,5.893827u
,,1.00116M,5.791205u
,,1.00118M,6.245916u
,,1.0012M,8.636596u
,,1.00122M,9.489926u
,,1.00124M,7.364997u
,,1.00126M,5.182905u
,,1.00128M,5.139114u
,,1.0013M,5.80448u
,,1.00132M,4.558581u
,,1.00134M,3.365087u
,,1.00136M,5.574661u
,,1.00138M,5.2115u
,,1.0014M,4.029538u
,,1.00142M,5.406107u
,,1.00144M,5.801814u
,,1.00146M,3.625283u
,,1.00148M,3.542499u
,,1.0015M,3.708772u
,,1.00152M,3.633188u
,,1.00154M,4.428046u
,,1.00156M,3.810318u
,,1.00158M,3.27355u
,,1.0016M,4.59498u
,,1.00162M,5.128094u
,,1.00164M,4.986087u
,,1.00166M,5.926825u
,,1.00168M,6.360012u
,,1.0017M,5.104871u
,,1.00172M,3.922767u
,,1.00174M,4.058569u
,,1.00176M,4.753213u
,,1.00178M,4.393996u
,,1.0018M,4.896498u
,,1.00182M,6.032126u
,,1.00184M,5.265507u
,,1.00186M,3.718671u
,,1.00188M,4.278589u
,,1.0019M,5.36584u
,,1.00192M,5.56427u
,,1.00194M,6.691442u
,,1.00196M,7.799054u
,,1.00198M,7.259349u
,,1.002M,5.201616u
,,1.00202M,2.916722u
,,1.00204M,2.215439u
,,1.00206M,3.703771u
,,1.00208M,5.102236u
,,1.0021M,7.381467u
,,1.00212M,9.235084u
,,1.00214M,10.28086u
,,1.00216M,9.60461u
,,1.00218M,6.767872u
,,1.0022M,3.940533u
,,1.00222M,3.107005u
,,1.00224M,4.168146u
,,1.00226M,5.737646u
,,1.00228M,7.178921u
,,1.0023M,8.073856u
,,1.00232M,8.734187u
,,1.00234M,8.244701u
,,1.00236M,6.580053u
,,1.00238M,5.777053u
,,1.0024M,5.28746u
,,1.00242M,4.701767u
,,1.00244M,4.602586u
,,1.00246M,5.592924u
,,1.00248M,6.00585u
,,1.0025M,5.312212u
,,1.00252M,5.060864u
,,1.00254M,4.560956u
,,1.00256M,3.964497u
,,1.00258M,3.959793u
,,1.0026M,5.475594u
,,1.00262M,6.845882u
,,1.00264M,6.736648u
,,1.00266M,7.113809u
,,1.00268M,5.738362u
,,1.0027M,4.87202u
,,1.00272M,5.004654u
,,1.00274M,4.561786u
,,1.00276M,5.790195u
,,1.00278M,6.275814u
,,1.0028M,6.223475u
,,1.00282M,7.421634u
,,1.00284M,8.660339u
,,1.00286M,7.971223u
,,1.00288M,5.643603u
,,1.0029M,4.030783u
,,1.00292M,4.367982u
,,1.00294M,5.178589u
,,1.00296M,5.454683u
,,1.00298M,6.071575u
,,1.003M,7.641688u
,,1.00302M,8.097671u
,,1.00304M,6.466862u
,,1.00306M,5.113574u
,,1.00308M,4.454085u
,,1.0031M,4.774882u
,,1.00312M,7.518139u
,,1.00314M,10.14339u
,,1.00316M,8.780518u
,,1.00318M,4.357791u
,,1.0032M,2.295093u
,,1.00322M,4.584904u
,,1.00324M,4.844371u
,,1.00326M,5.647274u
,,1.00328M,8.37204u
,,1.0033M,8.843172u
,,1.00332M,6.648523u
,,1.00334M,3.514887u
,,1.00336M,4.058622u
,,1.00338M,2.88058u
,,1.0034M,4.931614u
,,1.00342M,6.606634u
,,1.00344M,7.462677u
,,1.00346M,6.657073u
,,1.00348M,5.045287u
,,1.0035M,5.566255u
,,1.00352M,7.682266u
,,1.00354M,7.592264u
,,1.00356M,5.978835u
,,1.00358M,7.622976u
,,1.0036M,8.65344u
,,1.00362M,6.607075u
,,1.00364M,4.381268u
,,1.00366M,4.477488u
,,1.00368M,7.004537u
,,1.0037M,8.857425u
,,1.00372M,7.962855u
,,1.00374M,5.844043u
,,1.00376M,4.795326u
,,1.00378M,5.98331u
,,1.0038M,7.996903u
,,1.00382M,9.341131u
,,1.00384M,9.704507u
,,1.00386M,9.878262u
,,1.00388M,9.177967u
,,1.0039M,6.774546u
,,1.00392M,5.27371u
,,1.00394M,4.804125u
,,1.00396M,3.780652u
,,1.00398M,3.801617u
,,1.004M,5.314684u
,,1.00402M,6.970638u
,,1.00404M,8.011841u
,,1.00406M,9.744953u
,,1.00408M,9.737859u
,,1.0041M,8.077096u
,,1.00412M,6.989784u
,,1.00414M,6.285726u
,,1.00416M,5.106666u
,,1.00418M,5.210618u
,,1.0042M,7.166559u
,,1.00422M,8.408946u
,,1.00424M,7.234168u
,,1.00426M,6.918641u
,,1.00428M,6.764654u
,,1.0043M,4.757134u
,,1.00432M,3.335844u
,,1.00434M,3.331474u
,,1.00436M,3.06878u
,,1.00438M,3.982757u
,,1.0044M,5.58023u
,,1.00442M,6.687577u
,,1.00444M,6.914774u
,,1.00446M,7.211898u
,,1.00448M,6.701403u
,,1.0045M,4.401862u
,,1.00452M,2.107282u
,,1.00454M,2.759173u
,,1.00456M,5.420343u
,,1.00458M,6.485063u
,,1.0046M,6.672703u
,,1.00462M,7.432433u
,,1.00464M,5.814229u
,,1.00466M,2.396052u
,,1.00468M,1.317287u
,,1.0047M,4.265088u
,,1.00472M,7.006788u
,,1.00474M,7.801935u
,,1.00476M,6.724328u
,,1.00478M,5.362937u
,,1.0048M,6.695194u
,,1.00482M,8.877393u
,,1.00484M,8.740476u
,,1.00486M,8.199175u
,,1.00488M,8.372005u
,,1.0049M,8.086544u
,,1.00492M,6.946376u
,,1.00494M,5.164375u
,,1.00496M,4.120858u
,,1.00498M,4.531033u
,,1.005M,5.122734u
,,1.00502M,4.645719u
,,1.00504M,4.163696u
,,1.00506M,3.61395u
,,1.00508M,2.868102u
,,1.0051M,4.103465u
,,1.00512M,6.533779u
,,1.00514M,7.977353u
,,1.00516M,7.678981u
,,1.00518M,6.87654u
,,1.0052M,7.677259u
,,1.00522M,9.536u
,,1.00524M,8.821543u
,,1.00526M,6.157298u
,,1.00528M,4.699904u
,,1.0053M,4.036978u
,,1.00532M,4.415625u
,,1.00534M,5.35947u
,,1.00536M,6.190339u
,,1.00538M,5.882368u
,,1.0054M,6.331399u
,,1.00542M,7.91602u
,,1.00544M,6.770438u
,,1.00546M,4.601979u
,,1.00548M,4.313164u
,,1.0055M,3.579006u
,,1.00552M,2.811995u
,,1.00554M,3.545406u
,,1.00556M,4.754442u
,,1.00558M,5.466824u
,,1.0056M,6.251841u
,,1.00562M,6.608869u
,,1.00564M,6.67184u
,,1.00566M,5.352936u
,,1.00568M,2.745191u
,,1.0057M,2.058263u
,,1.00572M,3.38937u
,,1.00574M,5.101067u
,,1.00576M,4.922285u
,,1.00578M,3.384375u
,,1.0058M,4.259097u
,,1.00582M,6.806451u
,,1.00584M,8.174663u
,,1.00586M,8.228291u
,,1.00588M,8.620772u
,,1.0059M,9.455094u
,,1.00592M,7.706492u
,,1.00594M,2.758222u
,,1.00596M,335.361n
,,1.00598M,1.65577u
,,1.006M,3.281762u
,,1.00602M,3.615365u
,,1.00604M,4.992514u
,,1.00606M,6.96997u
,,1.00608M,6.867718u
,,1.0061M,6.510946u
,,1.00612M,6.183293u
,,1.00614M,4.551261u
,,1.00616M,2.328529u
,,1.00618M,2.947634u
,,1.0062M,4.729002u
,,1.00622M,7.209208u
,,1.00624M,8.866509u
,,1.00626M,9.541207u
,,1.00628M,8.59741u
,,1.0063M,6.056048u
,,1.00632M,4.123007u
,,1.00634M,4.15862u
,,1.00636M,3.583328u
,,1.00638M,3.950689u
,,1.0064M,6.69443u
,,1.00642M,6.351328u
,,1.00644M,4.492627u
,,1.00646M,5.400435u
,,1.00648M,6.696162u
,,1.0065M,5.40864u
,,1.00652M,3.065689u
,,1.00654M,2.32598u
,,1.00656M,2.666225u
,,1.00658M,5.041341u
,,1.0066M,6.887572u
,,1.00662M,7.310279u
,,1.00664M,6.154584u
,,1.00666M,4.356782u
,,1.00668M,3.549316u
,,1.0067M,3.060424u
,,1.00672M,3.533394u
,,1.00674M,3.838664u
,,1.00676M,4.019178u
,,1.00678M,5.971896u
,,1.0068M,7.810968u
,,1.00682M,5.836312u
,,1.00684M,2.556163u
,,1.00686M,2.553043u
,,1.00688M,3.281144u
,,1.0069M,2.58726u
,,1.00692M,1.350053u
,,1.00694M,1.507667u
,,1.00696M,2.232097u
,,1.00698M,3.695728u
,,1.007M,2.55105u
,,1.00702M,3.566243u
,,1.00704M,5.958982u
,,1.00706M,7.179164u
,,1.00708M,4.956794u
,,1.0071M,2.825991u
,,1.00712M,2.514268u
,,1.00714M,2.165012u
,,1.00716M,1.592438u
,,1.00718M,1.912448u
,,1.0072M,2.063317u
,,1.00722M,2.795854u
,,1.00724M,5.408565u
,,1.00726M,5.500035u
,,1.00728M,4.146715u
,,1.0073M,4.456269u
,,1.00732M,4.958864u
,,1.00734M,4.449874u
,,1.00736M,3.999151u
,,1.00738M,3.345624u
,,1.0074M,2.053833u
,,1.00742M,1.696485u
,,1.00744M,2.746709u
,,1.00746M,3.218534u
,,1.00748M,2.232092u
,,1.0075M,3.128345u
,,1.00752M,5.540342u
,,1.00754M,6.231461u
,,1.00756M,4.832502u
,,1.00758M,3.20502u
,,1.0076M,2.656714u
,,1.00762M,2.611387u
,,1.00764M,3.490338u
,,1.00766M,3.259686u
,,1.00768M,1.351645u
,,1.0077M,800.2227n
,,1.00772M,256.7519n
,,1.00774M,343.659n
,,1.00776M,1.035616u
,,1.00778M,2.046061u
,,1.0078M,2.396284u
,,1.00782M,2.053124u
,,1.00784M,3.749319u
,,1.00786M,5.220113u
,,1.00788M,5.13652u
,,1.0079M,4.300573u
,,1.00792M,3.806759u
,,1.00794M,4.788965u
,,1.00796M,4.922336u
,,1.00798M,3.417144u
,,1.008M,1.85328u
,,1.00802M,958.9073n
,,1.00804M,2.323785u
,,1.00806M,4.098911u
,,1.00808M,4.192774u
,,1.0081M,2.242899u
,,1.00812M,1.020063u
,,1.00814M,1.36918u
,,1.00816M,2.059081u
,,1.00818M,3.943783u
,,1.0082M,5.633616u
,,1.00822M,4.215945u
,,1.00824M,1.995935u
,,1.00826M,1.567921u
,,1.00828M,501.3136n
,,1.0083M,1.453571u
,,1.00832M,3.197755u
,,1.00834M,4.274776u
,,1.00836M,3.149991u
,,1.00838M,1.271322u
,,1.0084M,2.247092u
,,1.00842M,4.444481u
,,1.00844M,4.037591u
,,1.00846M,1.608462u
,,1.00848M,971.7559n
,,1.0085M,3.330712u
,,1.00852M,6.245743u
,,1.00854M,8.281212u
,,1.00856M,8.453532u
,,1.00858M,7.590136u
,,1.0086M,6.176593u
,,1.00862M,3.145928u
,,1.00864M,4.432855u
,,1.00866M,5.926293u
,,1.00868M,5.234322u
,,1.0087M,5.214931u
,,1.00872M,4.805473u
,,1.00874M,3.615933u
,,1.00876M,3.710947u
,,1.00878M,4.787806u
,,1.0088M,4.197773u
,,1.00882M,4.725392u
,,1.00884M,5.219837u
,,1.00886M,4.348951u
,,1.00888M,3.347145u
,,1.0089M,2.508454u
,,1.00892M,2.816586u
,,1.00894M,3.901215u
,,1.00896M,3.736901u
,,1.00898M,2.640492u
,,1.009M,3.55994u
,,1.00902M,1.63293u
,,1.00904M,3.280523u
,,1.00906M,4.931421u
,,1.00908M,2.976937u
,,1.0091M,325.4598n
,,1.00912M,2.306103u
,,1.00914M,2.924133u
,,1.00916M,2.914568u
,,1.00918M,1.840169u
,,1.0092M,2.993541u
,,1.00922M,2.583122u
,,1.00924M,3.383197u
,,1.00926M,4.708486u
,,1.00928M,5.2202u
,,1.0093M,5.980006u
,,1.00932M,5.071549u
,,1.00934M,2.39749u
,,1.00936M,1.580237u
,,1.00938M,3.279583u
,,1.0094M,3.986844u
,,1.00942M,2.696785u
,,1.00944M,1.082155u
,,1.00946M,4.122439u
,,1.00948M,4.229996u
,,1.0095M,1.844256u
,,1.00952M,2.033428u
,,1.00954M,2.687512u
,,1.00956M,2.543939u
,,1.00958M,1.868704u
,,1.0096M,1.140506u
,,1.00962M,1.71757u
,,1.00964M,1.564236u
,,1.00966M,467.0442n
,,1.00968M,592.9997n
,,1.0097M,1.5344u
,,1.00972M,2.261338u
,,1.00974M,1.197451u
,,1.00976M,589.6628n
,,1.00978M,1.287647u
,,1.0098M,223.1663n
,,1.00982M,2.687061u
,,1.00984M,1.955245u
,,1.00986M,1.199356u
,,1.00988M,1.276529u
,,1.0099M,1.224637u
,,1.00992M,998.2643n
,,1.00994M,719.0169n
,,1.00996M,1.103931u
,,1.00998M,2.629363u
,,1.01M,2.128059u
,,1.01002M,631.8879n
,,1.01004M,814.4708n
,,1.01006M,822.2064n
,,1.01008M,225.9994n
,,1.0101M,955.0686n
,,1.01012M,1.013569u
,,1.01014M,2.712074u
,,1.01016M,3.99752u
,,1.01018M,4.232576u
,,1.0102M,3.29611u
,,1.01022M,3.034628u
,,1.01024M,3.513137u
,,1.01026M,2.198303u
,,1.01028M,560.1719n
,,1.0103M,1.644327u
,,1.01032M,2.165833u
,,1.01034M,2.546821u
,,1.01036M,3.665174u
,,1.01038M,4.739468u
,,1.0104M,5.105145u
,,1.01042M,3.560824u
,,1.01044M,2.807243u
,,1.01046M,3.311718u
,,1.01048M,4.155522u
,,1.0105M,3.845095u
,,1.01052M,3.382608u
,,1.01054M,2.755u
,,1.01056M,1.941511u
,,1.01058M,1.399898u
,,1.0106M,2.009854u
,,1.01062M,1.651237u
,,1.01064M,1.591257u
,,1.01066M,2.972015u
,,1.01068M,3.024963u
,,1.0107M,1.307999u
,,1.01072M,1.632u
,,1.01074M,1.623741u
,,1.01076M,773.6004n
,,1.01078M,993.062n
,,1.0108M,2.354192u
,,1.01082M,1.475739u
,,1.01084M,995.515n
,,1.01086M,1.913162u
,,1.01088M,960.51n
,,1.0109M,1.56885u
,,1.01092M,2.254635u
,,1.01094M,2.877854u
,,1.01096M,3.013052u
,,1.01098M,3.643793u
,,1.011M,5.558721u
,,1.01102M,6.245406u
,,1.01104M,5.137007u
,,1.01106M,1.606169u
,,1.01108M,3.636897u
,,1.0111M,3.379917u
,,1.01112M,1.763935u
,,1.01114M,544.8064n
,,1.01116M,2.359002u
,,1.01118M,2.541176u
,,1.0112M,3.16714u
,,1.01122M,3.755747u
,,1.01124M,3.101767u
,,1.01126M,2.362038u
,,1.01128M,1.415061u
,,1.0113M,3.2141u
,,1.01132M,4.108751u
,,1.01134M,4.404898u
,,1.01136M,4.086754u
,,1.01138M,3.321224u
,,1.0114M,2.55786u
,,1.01142M,2.856666u
,,1.01144M,2.036586u
,,1.01146M,1.209406u
,,1.01148M,808.9031n
,,1.0115M,1.033592u
,,1.01152M,1.767737u
,,1.01154M,1.369969u
,,1.01156M,1.104931u
,,1.01158M,3.501787u
,,1.0116M,4.43886u
,,1.01162M,3.699458u
,,1.01164M,2.702211u
,,1.01166M,2.473849u
,,1.01168M,2.982687u
,,1.0117M,3.429734u
,,1.01172M,3.18024u
,,1.01174M,2.022496u
,,1.01176M,1.215168u
,,1.01178M,1.660093u
,,1.0118M,1.269896u
,,1.01182M,2.678934u
,,1.01184M,5.568165u
,,1.01186M,6.056564u
,,1.01188M,2.554071u
,,1.0119M,2.349241u
,,1.01192M,2.729667u
,,1.01194M,3.34664u
,,1.01196M,4.182213u
,,1.01198M,3.462195u
,,1.012M,2.405597u
,,1.01202M,1.421492u
,,1.01204M,300.6696n
,,1.01206M,626.2477n
,,1.01208M,988.311n
,,1.0121M,1.343123u
,,1.01212M,2.609062u
,,1.01214M,3.224065u
,,1.01216M,3.772485u
,,1.01218M,2.528167u
,,1.0122M,3.041917u
,,1.01222M,4.88583u
,,1.01224M,4.314167u
,,1.01226M,2.696783u
,,1.01228M,4.68722u
,,1.0123M,5.212864u
,,1.01232M,3.165837u
,,1.01234M,807.8365n
,,1.01236M,664.1493n
,,1.01238M,2.371477u
,,1.0124M,2.768958u
,,1.01242M,1.943641u
,,1.01244M,1.361372u
,,1.01246M,2.511064u
,,1.01248M,3.31847u
,,1.0125M,3.12333u
,,1.01252M,2.011151u
,,1.01254M,1.447258u
,,1.01256M,2.230666u
,,1.01258M,2.907481u
,,1.0126M,3.20541u
,,1.01262M,3.122534u
,,1.01264M,1.594781u
,,1.01266M,993.8454n
,,1.01268M,1.523085u
,,1.0127M,1.305785u
,,1.01272M,726.7399n
,,1.01274M,1.31383u
,,1.01276M,2.271573u
,,1.01278M,3.29547u
,,1.0128M,3.581803u
,,1.01282M,3.14669u
,,1.01284M,2.45173u
,,1.01286M,1.706443u
,,1.01288M,2.013224u
,,1.0129M,2.512883u
,,1.01292M,3.241031u
,,1.01294M,3.486229u
,,1.01296M,3.641642u
,,1.01298M,1.626156u
,,1.013M,3.161538u
,,1.01302M,4.791529u
,,1.01304M,3.696438u
,,1.01306M,1.114081u
,,1.01308M,2.272821u
,,1.0131M,2.519276u
,,1.01312M,2.169226u
,,1.01314M,2.71995u
,,1.01316M,3.974301u
,,1.01318M,2.556419u
,,1.0132M,947.6678n
,,1.01322M,1.726697u
,,1.01324M,2.126561u
,,1.01326M,1.055545u
,,1.01328M,1.340453u
,,1.0133M,2.198788u
,,1.01332M,3.987546u
,,1.01334M,3.58382u
,,1.01336M,1.585092u
,,1.01338M,849.2397n
,,1.0134M,3.100547u
,,1.01342M,4.41013u
,,1.01344M,3.152677u
,,1.01346M,2.895035u
,,1.01348M,2.081984u
,,1.0135M,695.1896n
,,1.01352M,1.261922u
,,1.01354M,1.463553u
,,1.01356M,2.473183u
,,1.01358M,2.810684u
,,1.0136M,3.19441u
,,1.01362M,3.244989u
,,1.01364M,1.117834u
,,1.01366M,1.775626u
,,1.01368M,1.53671u
,,1.0137M,180.8497n
,,1.01372M,1.569226u
,,1.01374M,2.469166u
,,1.01376M,2.124066u
,,1.01378M,1.520938u
,,1.0138M,771.5017n
,,1.01382M,731.178n
,,1.01384M,1.909922u
,,1.01386M,2.795788u
,,1.01388M,2.304324u
,,1.0139M,1.732381u
,,1.01392M,800.7534n
,,1.01394M,2.052324u
,,1.01396M,3.854313u
,,1.01398M,3.431378u
,,1.014M,2.930962u
,,1.01402M,4.437343u
,,1.01404M,4.228972u
,,1.01406M,1.675831u
,,1.01408M,526.3196n
,,1.0141M,1.251311u
,,1.01412M,3.237367u
,,1.01414M,4.537599u
,,1.01416M,2.859021u
,,1.01418M,1.375628u
,,1.0142M,2.109192u
,,1.01422M,1.83685u
,,1.01424M,1.451441u
,,1.01426M,2.826234u
,,1.01428M,5.211114u
,,1.0143M,5.941596u
,,1.01432M,4.076045u
,,1.01434M,2.857354u
,,1.01436M,2.802047u
,,1.01438M,2.327493u
,,1.0144M,2.058152u
,,1.01442M,3.027165u
,,1.01444M,3.846945u
,,1.01446M,3.64858u
,,1.01448M,2.363148u
,,1.0145M,1.302406u
,,1.01452M,2.38317u
,,1.01454M,3.894358u
,,1.01456M,5.399242u
,,1.01458M,6.023899u
,,1.0146M,6.095616u
,,1.01462M,4.584883u
,,1.01464M,3.36269u
,,1.01466M,5.793559u
,,1.01468M,5.160344u
,,1.0147M,2.829362u
,,1.01472M,3.695016u
,,1.01474M,4.937765u
,,1.01476M,4.045303u
,,1.01478M,1.866765u
,,1.0148M,842.8611n
,,1.01482M,609.3876n
,,1.01484M,1.389598u
,,1.01486M,2.618309u
,,1.01488M,2.560625u
,,1.0149M,4.46083u
,,1.01492M,5.661231u
,,1.01494M,3.855894u
,,1.01496M,2.697262u
,,1.01498M,3.991465u
,,1.015M,6.400499u
,,1.01502M,7.671629u
,,1.01504M,7.634414u
,,1.01506M,5.767263u
,,1.01508M,3.312791u
,,1.0151M,3.705917u
,,1.01512M,4.211195u
,,1.01514M,1.918432u
,,1.01516M,1.628967u
,,1.01518M,2.245383u
,,1.0152M,1.515561u
,,1.01522M,1.766034u
,,1.01524M,2.536877u
,,1.01526M,2.108371u
,,1.01528M,957.2991n
,,1.0153M,2.054061u
,,1.01532M,3.29432u
,,1.01534M,2.421007u
,,1.01536M,1.906235u
,,1.01538M,3.695996u
,,1.0154M,5.06084u
,,1.01542M,3.419081u
,,1.01544M,4.202055u
,,1.01546M,5.543944u
,,1.01548M,5.343872u
,,1.0155M,4.752581u
,,1.01552M,2.914874u
,,1.01554M,2.184425u
,,1.01556M,2.596096u
,,1.01558M,701.8316n
,,1.0156M,4.64434u
,,1.01562M,4.547402u
,,1.01564M,3.026598u
,,1.01566M,2.829967u
,,1.01568M,1.538664u
,,1.0157M,1.585926u
,,1.01572M,1.663537u
,,1.01574M,1.35077u
,,1.01576M,3.353939u
,,1.01578M,4.103891u
,,1.0158M,4.009943u
,,1.01582M,2.944398u
,,1.01584M,999.6129n
,,1.01586M,2.239444u
,,1.01588M,2.65984u
,,1.0159M,1.426991u
,,1.01592M,1.211552u
,,1.01594M,1.708273u
,,1.01596M,1.751621u
,,1.01598M,2.832541u
,,1.016M,1.549184u
,,1.01602M,2.645415u
,,1.01604M,3.840527u
,,1.01606M,2.272648u
,,1.01608M,838.8519n
,,1.0161M,1.59096u
,,1.01612M,1.395625u
,,1.01614M,1.657684u
,,1.01616M,2.922519u
,,1.01618M,2.765438u
,,1.0162M,2.112903u
,,1.01622M,2.650607u
,,1.01624M,3.73335u
,,1.01626M,4.223282u
,,1.01628M,2.12461u
,,1.0163M,2.028279u
,,1.01632M,4.128778u
,,1.01634M,5.217196u
,,1.01636M,2.747324u
,,1.01638M,1.651797u
,,1.0164M,485.8681n
,,1.01642M,742.7736n
,,1.01644M,1.218156u
,,1.01646M,1.753899u
,,1.01648M,1.447848u
,,1.0165M,1.648241u
,,1.01652M,4.007028u
,,1.01654M,4.339451u
,,1.01656M,3.757778u
,,1.01658M,1.804505u
,,1.0166M,3.092291u
,,1.01662M,4.024365u
,,1.01664M,1.23866u
,,1.01666M,1.839926u
,,1.01668M,3.119177u
,,1.0167M,4.61347u
,,1.01672M,5.447517u
,,1.01674M,4.28878u
,,1.01676M,4.139677u
,,1.01678M,7.147897u
,,1.0168M,8.808561u
,,1.01682M,6.627327u
,,1.01684M,4.432905u
,,1.01686M,4.315324u
,,1.01688M,4.957412u
,,1.0169M,5.007023u
,,1.01692M,4.064257u
,,1.01694M,3.481235u
,,1.01696M,4.314962u
,,1.01698M,4.370706u
,,1.017M,3.553325u
,,1.01702M,3.174764u
,,1.01704M,3.505141u
,,1.01706M,3.084724u
,,1.01708M,617.9282n
,,1.0171M,839.4262n
,,1.01712M,822.6005n
,,1.01714M,540.8458n
,,1.01716M,1.686199u
,,1.01718M,3.572767u
,,1.0172M,2.239076u
,,1.01722M,768.474n
,,1.01724M,1.600004u
,,1.01726M,1.704038u
,,1.01728M,1.601938u
,,1.0173M,1.400304u
,,1.01732M,2.243919u
,,1.01734M,2.278071u
,,1.01736M,1.478107u
,,1.01738M,2.184937u
,,1.0174M,2.1404u
,,1.01742M,1.785843u
,,1.01744M,2.841451u
,,1.01746M,2.056562u
,,1.01748M,637.2317n
,,1.0175M,168.431n
,,1.01752M,2.445173u
,,1.01754M,4.340879u
,,1.01756M,4.580565u
,,1.01758M,2.894388u
,,1.0176M,2.634724u
,,1.01762M,2.824734u
,,1.01764M,3.87907u
,,1.01766M,1.944265u
,,1.01768M,605.3699n
,,1.0177M,1.101554u
,,1.01772M,1.757451u
,,1.01774M,1.81765u
,,1.01776M,3.198154u
,,1.01778M,5.522465u
,,1.0178M,6.447393u
,,1.01782M,4.428227u
,,1.01784M,3.255386u
,,1.01786M,3.9502u
,,1.01788M,3.496608u
,,1.0179M,1.989478u
,,1.01792M,2.185107u
,,1.01794M,1.882949u
,,1.01796M,2.185186u
,,1.01798M,5.469611u
,,1.018M,6.130942u
,,1.01802M,4.282402u
,,1.01804M,2.059481u
,,1.01806M,458.8823n
,,1.01808M,602.5916n
,,1.0181M,1.587706u
,,1.01812M,3.912354u
,,1.01814M,3.733412u
,,1.01816M,2.064269u
,,1.01818M,765.1094n
,,1.0182M,741.8127n
,,1.01822M,2.70575u
,,1.01824M,3.212713u
,,1.01826M,523.8775n
,,1.01828M,3.956844u
,,1.0183M,5.205886u
,,1.01832M,3.732964u
,,1.01834M,5.09894u
,,1.01836M,6.94556u
,,1.01838M,6.039831u
,,1.0184M,4.593537u
,,1.01842M,1.81916u
,,1.01844M,1.005328u
,,1.01846M,2.331567u
,,1.01848M,2.284635u
,,1.0185M,709.7128n
,,1.01852M,1.927413u
,,1.01854M,594.7982n
,,1.01856M,533.8752n
,,1.01858M,1.003302u
,,1.0186M,3.362845u
,,1.01862M,5.459798u
,,1.01864M,4.753048u
,,1.01866M,2.197738u
,,1.01868M,196.7908n
,,1.0187M,913.9036n
,,1.01872M,1.951984u
,,1.01874M,2.464197u
,,1.01876M,1.140405u
,,1.01878M,1.255168u
,,1.0188M,2.634164u
,,1.01882M,2.330694u
,,1.01884M,1.981323u
,,1.01886M,2.809855u
,,1.01888M,3.493337u
,,1.0189M,3.322071u
,,1.01892M,2.440484u
,,1.01894M,2.650957u
,,1.01896M,4.660404u
,,1.01898M,4.067005u
,,1.019M,2.55822u
,,1.01902M,4.139681u
,,1.01904M,5.727415u
,,1.01906M,5.72357u
,,1.01908M,4.339974u
,,1.0191M,2.584483u
,,1.01912M,1.421428u
,,1.01914M,2.137246u
,,1.01916M,2.039118u
,,1.01918M,1.135982u
,,1.0192M,1.55673u
,,1.01922M,1.508643u
,,1.01924M,1.798458u
,,1.01926M,3.153682u
,,1.01928M,4.419869u
,,1.0193M,4.744658u
,,1.01932M,4.687952u
,,1.01934M,5.324747u
,,1.01936M,6.305647u
,,1.01938M,5.923041u
,,1.0194M,4.162651u
,,1.01942M,3.366529u
,,1.01944M,3.520754u
,,1.01946M,3.202841u
,,1.01948M,3.73666u
,,1.0195M,4.292086u
,,1.01952M,3.953325u
,,1.01954M,5.124301u
,,1.01956M,5.519535u
,,1.01958M,3.432969u
,,1.0196M,1.7085u
,,1.01962M,2.426258u
,,1.01964M,4.51957u
,,1.01966M,5.469007u
,,1.01968M,5.669386u
,,1.0197M,4.256106u
,,1.01972M,2.191125u
,,1.01974M,1.09481u
,,1.01976M,3.419925u
,,1.01978M,4.366726u
,,1.0198M,2.956745u
,,1.01982M,3.667019u
,,1.01984M,5.223434u
,,1.01986M,5.664139u
,,1.01988M,5.401956u
,,1.0199M,4.633434u
,,1.01992M,3.45018u
,,1.01994M,1.998092u
,,1.01996M,2.592605u
,,1.01998M,3.973376u
,,1.02M,3.55469u
,,1.02002M,3.445789u
,,1.02004M,4.758726u
,,1.02006M,4.321684u
,,1.02008M,1.148379u
,,1.0201M,1.523725u
,,1.02012M,1.181173u
,,1.02014M,2.206714u
,,1.02016M,3.154565u
,,1.02018M,1.675866u
,,1.0202M,901.0006n
,,1.02022M,1.651987u
,,1.02024M,2.293695u
,,1.02026M,1.048237u
,,1.02028M,1.996513u
,,1.0203M,3.081788u
,,1.02032M,2.467191u
,,1.02034M,2.531558u
,,1.02036M,2.941677u
,,1.02038M,2.350691u
,,1.0204M,1.863951u
,,1.02042M,3.794721u
,,1.02044M,3.859937u
,,1.02046M,4.006628u
,,1.02048M,3.833497u
,,1.0205M,3.259173u
,,1.02052M,3.775397u
,,1.02054M,2.063441u
,,1.02056M,1.082827u
,,1.02058M,4.13635u
,,1.0206M,3.964054u
,,1.02062M,1.4444u
,,1.02064M,1.041074u
,,1.02066M,2.053832u
,,1.02068M,1.89221u
,,1.0207M,1.232351u
,,1.02072M,2.091618u
,,1.02074M,2.554991u
,,1.02076M,2.318496u
,,1.02078M,1.170947u
,,1.0208M,2.034842u
,,1.02082M,2.336381u
,,1.02084M,2.359085u
,,1.02086M,3.325017u
,,1.02088M,4.689428u
,,1.0209M,4.340965u
,,1.02092M,3.078838u
,,1.02094M,1.72112u
,,1.02096M,1.2362u
,,1.02098M,1.663543u
,,1.021M,3.215844u
,,1.02102M,4.185478u
,,1.02104M,3.398721u
,,1.02106M,2.519531u
,,1.02108M,2.932599u
,,1.0211M,3.683273u
,,1.02112M,4.217002u
,,1.02114M,3.876681u
,,1.02116M,2.804267u
,,1.02118M,1.894118u
,,1.0212M,1.231047u
,,1.02122M,1.783671u
,,1.02124M,3.180186u
,,1.02126M,3.049559u
,,1.02128M,2.541557u
,,1.0213M,1.379332u
,,1.02132M,315.2443n
,,1.02134M,1.801972u
,,1.02136M,2.528046u
,,1.02138M,2.222896u
,,1.0214M,3.001035u
,,1.02142M,3.263349u
,,1.02144M,2.622729u
,,1.02146M,1.253423u
,,1.02148M,1.098967u
,,1.0215M,3.238719u
,,1.02152M,3.822821u
,,1.02154M,1.616832u
,,1.02156M,293.5393n
,,1.02158M,701.2207n
,,1.0216M,540.298n
,,1.02162M,1.869337u
,,1.02164M,2.676139u
,,1.02166M,3.008955u
,,1.02168M,2.08473u
,,1.0217M,880.8268n
,,1.02172M,345.5118n
,,1.02174M,432.68n
,,1.02176M,742.0765n
,,1.02178M,996.9146n
,,1.0218M,1.359839u
,,1.02182M,1.253218u
,,1.02184M,2.554931u
,,1.02186M,733.717n
,,1.02188M,1.730914u
,,1.0219M,2.791592u
,,1.02192M,3.103668u
,,1.02194M,2.361103u
,,1.02196M,1.821688u
,,1.02198M,2.149563u
,,1.022M,2.686269u
,,1.02202M,2.302381u
,,1.02204M,774.7334n
,,1.02206M,1.709933u
,,1.02208M,3.522213u
,,1.0221M,3.028399u
,,1.02212M,2.202113u
,,1.02214M,4.06369u
,,1.02216M,5.507214u
,,1.02218M,5.280481u
,,1.0222M,4.867148u
,,1.02222M,3.89157u
,,1.02224M,616.2888n
,,1.02226M,2.164862u
,,1.02228M,1.58986u
,,1.0223M,4.171319u
,,1.02232M,6.097317u
,,1.02234M,4.155716u
,,1.02236M,1.459862u
,,1.02238M,2.05183u
,,1.0224M,3.53036u
,,1.02242M,4.007973u
,,1.02244M,4.256558u
,,1.02246M,4.237862u
,,1.02248M,2.399505u
,,1.0225M,2.321239u
,,1.02252M,3.012848u
,,1.02254M,3.281024u
,,1.02256M,3.599024u
,,1.02258M,3.306666u
,,1.0226M,1.527757u
,,1.02262M,1.16121u
,,1.02264M,2.968419u
,,1.02266M,5.833089u
,,1.02268M,5.8004u
,,1.0227M,2.510757u
,,1.02272M,670.9027n
,,1.02274M,2.822038u
,,1.02276M,2.601276u
,,1.02278M,1.037391u
,,1.0228M,2.004989u
,,1.02282M,2.819356u
,,1.02284M,3.568023u
,,1.02286M,3.812851u
,,1.02288M,2.296559u
,,1.0229M,1.667125u
,,1.02292M,2.648096u
,,1.02294M,3.42869u
,,1.02296M,2.49491u
,,1.02298M,1.054743u
,,1.023M,2.072517u
,,1.02302M,5.040272u
,,1.02304M,5.559365u
,,1.02306M,3.465623u
,,1.02308M,2.712791u
,,1.0231M,4.733715u
,,1.02312M,3.668988u
,,1.02314M,1.776184u
,,1.02316M,2.278489u
,,1.02318M,3.282659u
,,1.0232M,3.70118u
,,1.02322M,3.565796u
,,1.02324M,2.357503u
,,1.02326M,3.200409u
,,1.02328M,5.680916u
,,1.0233M,5.823348u
,,1.02332M,3.724436u
,,1.02334M,1.620493u
,,1.02336M,816.5221n
,,1.02338M,1.355991u
,,1.0234M,1.824587u
,,1.02342M,2.958614u
,,1.02344M,4.709028u
,,1.02346M,5.651824u
,,1.02348M,6.332908u
,,1.0235M,6.98578u
,,1.02352M,3.036275u
,,1.02354M,1.669866u
,,1.02356M,1.550484u
,,1.02358M,1.422301u
,,1.0236M,3.252407u
,,1.02362M,2.80071u
,,1.02364M,2.777047u
,,1.02366M,3.218603u
,,1.02368M,2.923635u
,,1.0237M,2.350877u
,,1.02372M,1.165309u
,,1.02374M,2.078434u
,,1.02376M,3.320401u
,,1.02378M,3.493733u
,,1.0238M,2.284171u
,,1.02382M,999.8933n
,,1.02384M,2.788182u
,,1.02386M,3.168097u
,,1.02388M,3.572175u
,,1.0239M,2.864168u
,,1.02392M,1.636892u
,,1.02394M,2.103744u
,,1.02396M,4.166061u
,,1.02398M,3.845816u
,,1.024M,2.283045u
,,1.02402M,1.879099u
,,1.02404M,1.723821u
,,1.02406M,2.662705u
,,1.02408M,4.117323u
,,1.0241M,3.615922u
,,1.02412M,2.971358u
,,1.02414M,3.915804u
,,1.02416M,4.657734u
,,1.02418M,4.797612u
,,1.0242M,4.384783u
,,1.02422M,3.711163u
,,1.02424M,2.933108u
,,1.02426M,3.680464u
,,1.02428M,4.572575u
,,1.0243M,4.384068u
,,1.02432M,2.496151u
,,1.02434M,1.368001u
,,1.02436M,2.973939u
,,1.02438M,3.42621u
,,1.0244M,2.430236u
,,1.02442M,3.344878u
,,1.02444M,3.746742u
,,1.02446M,3.400433u
,,1.02448M,2.595856u
,,1.0245M,1.862629u
,,1.02452M,1.950103u
,,1.02454M,1.860036u
,,1.02456M,1.565371u
,,1.02458M,1.466076u
,,1.0246M,2.114887u
,,1.02462M,2.193335u
,,1.02464M,1.97433u
,,1.02466M,1.773725u
,,1.02468M,892.8682n
,,1.0247M,824.0829n
,,1.02472M,2.76099u
,,1.02474M,6.303206u
,,1.02476M,7.182712u
,,1.02478M,5.784848u
,,1.0248M,5.616791u
,,1.02482M,5.649411u
,,1.02484M,3.740017u
,,1.02486M,3.659336u
,,1.02488M,4.940445u
,,1.0249M,3.612395u
,,1.02492M,2.652298u
,,1.02494M,1.950118u
,,1.02496M,2.656046u
,,1.02498M,3.249066u
,,1.025M,2.724152u
,,1.02502M,2.35644u
,,1.02504M,2.143091u
,,1.02506M,3.213577u
,,1.02508M,3.67149u
,,1.0251M,3.905565u
,,1.02512M,4.155295u
,,1.02514M,5.029295u
,,1.02516M,5.96311u
,,1.02518M,5.251236u
,,1.0252M,3.132568u
,,1.02522M,1.852689u
,,1.02524M,2.843736u
,,1.02526M,4.869307u
,,1.02528M,5.716789u
,,1.0253M,5.71036u
,,1.02532M,5.178058u
,,1.02534M,3.810475u
,,1.02536M,4.253782u
,,1.02538M,5.97811u
,,1.0254M,6.671335u
,,1.02542M,5.754716u
,,1.02544M,4.301828u
,,1.02546M,4.221295u
,,1.02548M,6.348311u
,,1.0255M,7.229648u
,,1.02552M,5.362058u
,,1.02554M,4.001379u
,,1.02556M,4.072515u
,,1.02558M,4.6724u
,,1.0256M,6.539021u
,,1.02562M,7.340922u
,,1.02564M,6.496601u
,,1.02566M,4.598386u
,,1.02568M,1.894216u
,,1.0257M,788.4977n
,,1.02572M,2.368241u
,,1.02574M,2.914714u
,,1.02576M,1.803715u
,,1.02578M,3.986105u
,,1.0258M,4.24823u
,,1.02582M,4.417926u
,,1.02584M,5.165969u
,,1.02586M,6.089152u
,,1.02588M,6.170308u
,,1.0259M,4.358021u
,,1.02592M,2.235645u
,,1.02594M,3.951819u
,,1.02596M,6.082588u
,,1.02598M,5.998747u
,,1.026M,4.01502u
,,1.02602M,2.62676u
,,1.02604M,2.803823u
,,1.02606M,3.300515u
,,1.02608M,5.122836u
,,1.0261M,6.208313u
,,1.02612M,4.106889u
,,1.02614M,3.001056u
,,1.02616M,3.739335u
,,1.02618M,3.623405u
,,1.0262M,4.72424u
,,1.02622M,4.280767u
,,1.02624M,916.8584n
,,1.02626M,2.041545u
,,1.02628M,3.238436u
,,1.0263M,3.780442u
,,1.02632M,4.674874u
,,1.02634M,4.768278u
,,1.02636M,3.604291u
,,1.02638M,4.119981u
,,1.0264M,6.524036u
,,1.02642M,9.186u
,,1.02644M,9.079343u
,,1.02646M,7.942614u
,,1.02648M,8.328531u
,,1.0265M,8.192311u
,,1.02652M,5.434068u
,,1.02654M,2.754322u
,,1.02656M,3.128985u
,,1.02658M,3.006295u
,,1.0266M,1.032642u
,,1.02662M,1.576707u
,,1.02664M,3.285613u
,,1.02666M,4.037462u
,,1.02668M,2.542579u
,,1.0267M,1.065701u
,,1.02672M,1.582698u
,,1.02674M,2.072851u
,,1.02676M,2.744497u
,,1.02678M,2.657626u
,,1.0268M,1.995027u
,,1.02682M,3.175512u
,,1.02684M,4.392043u
,,1.02686M,4.127964u
,,1.02688M,2.733125u
,,1.0269M,3.064813u
,,1.02692M,4.110327u
,,1.02694M,3.385087u
,,1.02696M,2.505983u
,,1.02698M,1.64091u
,,1.027M,4.287957u
,,1.02702M,5.270863u
,,1.02704M,3.263799u
,,1.02706M,2.040872u
,,1.02708M,2.485982u
,,1.0271M,3.09446u
,,1.02712M,2.966504u
,,1.02714M,2.297229u
,,1.02716M,1.565412u
,,1.02718M,3.415885u
,,1.0272M,5.89887u
,,1.02722M,5.233396u
,,1.02724M,2.715774u
,,1.02726M,2.201762u
,,1.02728M,2.056047u
,,1.0273M,1.708224u
,,1.02732M,2.831126u
,,1.02734M,3.201153u
,,1.02736M,2.417826u
,,1.02738M,220.31n
,,1.0274M,2.242431u
,,1.02742M,1.906431u
,,1.02744M,811.7842n
,,1.02746M,1.707464u
,,1.02748M,1.467414u
,,1.0275M,5.516409u
,,1.02752M,7.30227u
,,1.02754M,4.988193u
,,1.02756M,1.460212u
,,1.02758M,1.397902u
,,1.0276M,1.233781u
,,1.02762M,2.227687u
,,1.02764M,2.227212u
,,1.02766M,2.677012u
,,1.02768M,3.790465u
,,1.0277M,2.801606u
,,1.02772M,1.726196u
,,1.02774M,3.944721u
,,1.02776M,2.676667u
,,1.02778M,1.552105u
,,1.0278M,1.437932u
,,1.02782M,362.1429n
,,1.02784M,668.6191n
,,1.02786M,2.525659u
,,1.02788M,3.198903u
,,1.0279M,1.087145u
,,1.02792M,4.085828u
,,1.02794M,4.700695u
,,1.02796M,3.462123u
,,1.02798M,2.745144u
,,1.028M,3.237937u
,,1.02802M,2.242299u
,,1.02804M,1.632177u
,,1.02806M,2.424199u
,,1.02808M,3.010171u
,,1.0281M,2.390611u
,,1.02812M,1.752809u
,,1.02814M,1.813057u
,,1.02816M,1.355676u
,,1.02818M,661.1805n
,,1.0282M,704.9127n
,,1.02822M,775.6852n
,,1.02824M,1.340087u
,,1.02826M,1.345885u
,,1.02828M,1.784578u
,,1.0283M,2.796624u
,,1.02832M,2.639808u
,,1.02834M,772.7092n
,,1.02836M,886.6213n
,,1.02838M,748.7372n
,,1.0284M,2.009142u
,,1.02842M,3.52566u
,,1.02844M,3.972149u
,,1.02846M,3.777516u
,,1.02848M,4.573737u
,,1.0285M,5.642348u
,,1.02852M,4.513043u
,,1.02854M,2.980662u
,,1.02856M,4.824454u
,,1.02858M,5.612981u
,,1.0286M,4.362367u
,,1.02862M,1.878714u
,,1.02864M,1.191493u
,,1.02866M,3.173812u
,,1.02868M,3.937183u
,,1.0287M,2.533892u
,,1.02872M,2.473176u
,,1.02874M,4.168618u
,,1.02876M,4.159177u
,,1.02878M,2.2318u
,,1.0288M,1.870326u
,,1.02882M,2.587965u
,,1.02884M,2.078034u
,,1.02886M,850.0384n
,,1.02888M,1.178969u
,,1.0289M,1.123011u
,,1.02892M,1.457733u
,,1.02894M,2.949016u
,,1.02896M,2.314207u
,,1.02898M,2.048889u
,,1.029M,1.485066u
,,1.02902M,1.675492u
,,1.02904M,2.352805u
,,1.02906M,2.672121u
,,1.02908M,3.189528u
,,1.0291M,3.235347u
,,1.02912M,2.28566u
,,1.02914M,2.286823u
,,1.02916M,3.296638u
,,1.02918M,2.70938u
,,1.0292M,3.037979u
,,1.02922M,3.650979u
,,1.02924M,2.61473u
,,1.02926M,733.1667n
,,1.02928M,579.177n
,,1.0293M,1.59389u
,,1.02932M,3.332701u
,,1.02934M,4.765767u
,,1.02936M,5.29763u
,,1.02938M,4.282818u
,,1.0294M,3.387685u
,,1.02942M,4.108226u
,,1.02944M,3.657311u
,,1.02946M,1.635355u
,,1.02948M,4.42008u
,,1.0295M,5.069318u
,,1.02952M,3.397159u
,,1.02954M,1.789845u
,,1.02956M,1.838514u
,,1.02958M,2.401862u
,,1.0296M,2.39104u
,,1.02962M,3.047646u
,,1.02964M,4.136414u
,,1.02966M,4.044236u
,,1.02968M,4.076441u
,,1.0297M,4.120592u
,,1.02972M,4.808617u
,,1.02974M,5.71861u
,,1.02976M,5.739249u
,,1.02978M,4.16291u
,,1.0298M,2.079648u
,,1.02982M,1.976194u
,,1.02984M,2.455157u
,,1.02986M,2.156726u
,,1.02988M,2.008826u
,,1.0299M,1.128964u
,,1.02992M,735.9027n
,,1.02994M,2.039704u
,,1.02996M,2.555088u
,,1.02998M,2.026345u
,,1.03M,1.422258u
,,1.03002M,1.539934u
,,1.03004M,4.308788u
,,1.03006M,4.611663u
,,1.03008M,3.150645u
,,1.0301M,2.083176u
,,1.03012M,2.120536u
,,1.03014M,898.7782n
,,1.03016M,838.2571n
,,1.03018M,2.709753u
,,1.0302M,5.173608u
,,1.03022M,5.201038u
,,1.03024M,3.721878u
,,1.03026M,1.998738u
,,1.03028M,1.814499u
,,1.0303M,2.848403u
,,1.03032M,2.37285u
,,1.03034M,3.030326u
,,1.03036M,4.327521u
,,1.03038M,4.743747u
,,1.0304M,5.79867u
,,1.03042M,5.99288u
,,1.03044M,4.696555u
,,1.03046M,1.940794u
,,1.03048M,311.0935n
,,1.0305M,1.834249u
,,1.03052M,3.87666u
,,1.03054M,4.643941u
,,1.03056M,4.286908u
,,1.03058M,2.101528u
,,1.0306M,1.392085u
,,1.03062M,2.25531u
,,1.03064M,4.003509u
,,1.03066M,3.345854u
,,1.03068M,2.414139u
,,1.0307M,4.118959u
,,1.03072M,4.735596u
,,1.03074M,2.869674u
,,1.03076M,1.992979u
,,1.03078M,2.161237u
,,1.0308M,1.824786u
,,1.03082M,2.137017u
,,1.03084M,2.801066u
,,1.03086M,2.666712u
,,1.03088M,4.326284u
,,1.0309M,5.762091u
,,1.03092M,6.287158u
,,1.03094M,5.366779u
,,1.03096M,3.632173u
,,1.03098M,2.803841u
,,1.031M,3.881216u
,,1.03102M,5.171504u
,,1.03104M,7.312329u
,,1.03106M,6.595344u
,,1.03108M,4.69522u
,,1.0311M,3.948346u
,,1.03112M,3.532012u
,,1.03114M,2.753398u
,,1.03116M,1.072382u
,,1.03118M,1.401926u
,,1.0312M,2.082075u
,,1.03122M,1.960498u
,,1.03124M,1.977851u
,,1.03126M,1.975528u
,,1.03128M,4.026602u
,,1.0313M,5.427054u
,,1.03132M,4.424563u
,,1.03134M,2.620216u
,,1.03136M,2.759716u
,,1.03138M,2.705283u
,,1.0314M,3.100686u
,,1.03142M,5.559499u
,,1.03144M,7.237401u
,,1.03146M,5.738561u
,,1.03148M,3.384973u
,,1.0315M,2.030524u
,,1.03152M,1.055004u
,,1.03154M,477.4215n
,,1.03156M,1.628659u
,,1.03158M,1.994817u
,,1.0316M,1.423289u
,,1.03162M,853.2386n
,,1.03164M,2.169064u
,,1.03166M,1.333299u
,,1.03168M,1.023015u
,,1.0317M,1.778484u
,,1.03172M,2.708432u
,,1.03174M,3.364271u
,,1.03176M,3.00933u
,,1.03178M,2.163408u
,,1.0318M,2.808964u
,,1.03182M,3.902821u
,,1.03184M,2.175923u
,,1.03186M,1.031213u
,,1.03188M,1.292585u
,,1.0319M,2.134248u
,,1.03192M,4.657579u
,,1.03194M,5.228702u
,,1.03196M,3.519094u
,,1.03198M,2.082951u
,,1.032M,1.943267u
,,1.03202M,1.162054u
,,1.03204M,953.8351n
,,1.03206M,1.807123u
,,1.03208M,3.066692u
,,1.0321M,3.154584u
,,1.03212M,3.313279u
,,1.03214M,4.016762u
,,1.03216M,6.095927u
,,1.03218M,7.568475u
,,1.0322M,7.066011u
,,1.03222M,5.384726u
,,1.03224M,4.078003u
,,1.03226M,4.088181u
,,1.03228M,3.970085u
,,1.0323M,3.447154u
,,1.03232M,3.148946u
,,1.03234M,3.508414u
,,1.03236M,2.914843u
,,1.03238M,1.358306u
,,1.0324M,2.090333u
,,1.03242M,4.447531u
,,1.03244M,4.155944u
,,1.03246M,2.389785u
,,1.03248M,2.267574u
,,1.0325M,3.778533u
,,1.03252M,4.784905u
,,1.03254M,4.835477u
,,1.03256M,5.44503u
,,1.03258M,5.021336u
,,1.0326M,3.735354u
,,1.03262M,4.97798u
,,1.03264M,7.245352u
,,1.03266M,5.710474u
,,1.03268M,5.477804u
,,1.0327M,7.817289u
,,1.03272M,8.523621u
,,1.03274M,8.93276u
,,1.03276M,8.795849u
,,1.03278M,7.890433u
,,1.0328M,7.040675u
,,1.03282M,6.285728u
,,1.03284M,4.809915u
,,1.03286M,4.883585u
,,1.03288M,4.389623u
,,1.0329M,1.118945u
,,1.03292M,5.337948u
,,1.03294M,6.738965u
,,1.03296M,5.606666u
,,1.03298M,3.621552u
,,1.033M,2.677857u
,,1.03302M,3.039078u
,,1.03304M,3.982294u
,,1.03306M,4.420385u
,,1.03308M,4.13628u
,,1.0331M,2.79169u
,,1.03312M,1.264055u
,,1.03314M,2.383574u
,,1.03316M,4.246289u
,,1.03318M,4.457335u
,,1.0332M,3.079967u
,,1.03322M,1.331074u
,,1.03324M,1.437524u
,,1.03326M,2.95876u
,,1.03328M,6.191736u
,,1.0333M,8.614023u
,,1.03332M,7.756697u
,,1.03334M,6.191404u
,,1.03336M,6.216286u
,,1.03338M,6.060317u
,,1.0334M,4.924284u
,,1.03342M,4.427105u
,,1.03344M,4.101326u
,,1.03346M,3.143532u
,,1.03348M,3.066701u
,,1.0335M,3.845519u
,,1.03352M,4.498102u
,,1.03354M,3.20725u
,,1.03356M,2.131572u
,,1.03358M,2.526882u
,,1.0336M,3.565071u
,,1.03362M,4.251395u
,,1.03364M,3.03538u
,,1.03366M,1.961825u
,,1.03368M,2.094367u
,,1.0337M,3.112869u
,,1.03372M,4.280282u
,,1.03374M,4.136037u
,,1.03376M,3.243271u
,,1.03378M,1.904352u
,,1.0338M,1.500676u
,,1.03382M,1.021065u
,,1.03384M,318.712n
,,1.03386M,143.1155n
,,1.03388M,1.799647u
,,1.0339M,2.039527u
,,1.03392M,2.254966u
,,1.03394M,2.811312u
,,1.03396M,4.736298u
,,1.03398M,5.921522u
,,1.034M,7.303867u
,,1.03402M,8.552444u
,,1.03404M,9.339387u
,,1.03406M,8.807811u
,,1.03408M,5.632285u
,,1.0341M,2.039903u
,,1.03412M,779.0815n
,,1.03414M,862.3667n
,,1.03416M,1.426646u
,,1.03418M,2.635569u
,,1.0342M,2.165537u
,,1.03422M,1.233833u
,,1.03424M,1.259389u
,,1.03426M,2.372872u
,,1.03428M,5.063533u
,,1.0343M,7.960626u
,,1.03432M,9.623855u
,,1.03434M,9.787339u
,,1.03436M,8.15447u
,,1.03438M,5.978274u
,,1.0344M,4.99511u
,,1.03442M,4.489905u
,,1.03444M,4.777805u
,,1.03446M,4.023179u
,,1.03448M,1.911058u
,,1.0345M,1.853743u
,,1.03452M,3.497542u
,,1.03454M,3.426557u
,,1.03456M,2.271821u
,,1.03458M,2.432708u
,,1.0346M,3.628017u
,,1.03462M,4.441791u
,,1.03464M,4.487028u
,,1.03466M,4.754246u
,,1.03468M,5.483757u
,,1.0347M,5.653556u
,,1.03472M,5.963919u
,,1.03474M,6.435909u
,,1.03476M,4.459772u
,,1.03478M,1.695443u
,,1.0348M,2.653669u
,,1.03482M,3.870469u
,,1.03484M,3.342654u
,,1.03486M,2.800369u
,,1.03488M,3.124571u
,,1.0349M,3.611712u
,,1.03492M,2.880946u
,,1.03494M,2.603206u
,,1.03496M,3.595797u
,,1.03498M,3.416845u
,,1.035M,3.111509u
,,1.03502M,4.366082u
,,1.03504M,4.434019u
,,1.03506M,3.101191u
,,1.03508M,3.339175u
,,1.0351M,4.780111u
,,1.03512M,4.82545u
,,1.03514M,3.103906u
,,1.03516M,123.4671n
,,1.03518M,1.002524u
,,1.0352M,2.00858u
,,1.03522M,3.685428u
,,1.03524M,6.127804u
,,1.03526M,8.390393u
,,1.03528M,8.84775u
,,1.0353M,6.486939u
,,1.03532M,4.254809u
,,1.03534M,3.078087u
,,1.03536M,2.991371u
,,1.03538M,3.704219u
,,1.0354M,4.132815u
,,1.03542M,6.653507u
,,1.03544M,6.855856u
,,1.03546M,4.960328u
,,1.03548M,4.390874u
,,1.0355M,5.65258u
,,1.03552M,6.311036u
,,1.03554M,5.356308u
,,1.03556M,3.052066u
,,1.03558M,4.00999u
,,1.0356M,2.204583u
,,1.03562M,1.684175u
,,1.03564M,1.558791u
,,1.03566M,1.531989u
,,1.03568M,2.60805u
,,1.0357M,3.893401u
,,1.03572M,5.257195u
,,1.03574M,5.422625u
,,1.03576M,4.080852u
,,1.03578M,3.440625u
,,1.0358M,4.398901u
,,1.03582M,5.222351u
,,1.03584M,4.581686u
,,1.03586M,3.137402u
,,1.03588M,2.357541u
,,1.0359M,3.613174u
,,1.03592M,6.714282u
,,1.03594M,7.42368u
,,1.03596M,5.829788u
,,1.03598M,4.310723u
,,1.036M,4.420235u
,,1.03602M,5.328929u
,,1.03604M,5.311523u
,,1.03606M,4.262168u
,,1.03608M,5.352432u
,,1.0361M,7.577706u
,,1.03612M,7.271365u
,,1.03614M,3.727687u
,,1.03616M,1.986928u
,,1.03618M,3.632365u
,,1.0362M,3.467888u
,,1.03622M,4.56134u
,,1.03624M,5.414104u
,,1.03626M,4.293855u
,,1.03628M,3.702533u
,,1.0363M,5.397715u
,,1.03632M,7.518541u
,,1.03634M,8.642255u
,,1.03636M,6.596326u
,,1.03638M,3.453407u
,,1.0364M,2.241003u
,,1.03642M,3.353643u
,,1.03644M,5.578425u
,,1.03646M,7.343306u
,,1.03648M,7.146787u
,,1.0365M,7.123464u
,,1.03652M,8.701341u
,,1.03654M,10.34703u
,,1.03656M,11.46078u
,,1.03658M,10.99435u
,,1.0366M,7.937057u
,,1.03662M,4.559256u
,,1.03664M,2.842939u
,,1.03666M,2.351815u
,,1.03668M,5.24393u
,,1.0367M,5.80673u
,,1.03672M,3.304281u
,,1.03674M,3.340124u
,,1.03676M,4.668088u
,,1.03678M,4.978166u
,,1.0368M,3.504505u
,,1.03682M,2.873458u
,,1.03684M,2.768888u
,,1.03686M,2.983768u
,,1.03688M,4.070837u
,,1.0369M,6.103363u
,,1.03692M,6.100138u
,,1.03694M,5.339003u
,,1.03696M,4.079191u
,,1.03698M,2.686469u
,,1.037M,3.696823u
,,1.03702M,4.878424u
,,1.03704M,4.798748u
,,1.03706M,4.250354u
,,1.03708M,2.956642u
,,1.0371M,2.6252u
,,1.03712M,2.896117u
,,1.03714M,3.712615u
,,1.03716M,4.172432u
,,1.03718M,3.783262u
,,1.0372M,4.301084u
,,1.03722M,4.829175u
,,1.03724M,3.683642u
,,1.03726M,1.2872u
,,1.03728M,3.524303u
,,1.0373M,5.152703u
,,1.03732M,2.804556u
,,1.03734M,1.761869u
,,1.03736M,2.891963u
,,1.03738M,2.396642u
,,1.0374M,248.8738n
,,1.03742M,1.459751u
,,1.03744M,4.154181u
,,1.03746M,4.068042u
,,1.03748M,2.161359u
,,1.0375M,2.342192u
,,1.03752M,4.566804u
,,1.03754M,5.514378u
,,1.03756M,4.370198u
,,1.03758M,3.416849u
,,1.0376M,3.528219u
,,1.03762M,3.594452u
,,1.03764M,4.916498u
,,1.03766M,6.085151u
,,1.03768M,4.706296u
,,1.0377M,2.889338u
,,1.03772M,2.208525u
,,1.03774M,2.908211u
,,1.03776M,4.32499u
,,1.03778M,5.926912u
,,1.0378M,6.30189u
,,1.03782M,5.197508u
,,1.03784M,3.203908u
,,1.03786M,3.261842u
,,1.03788M,5.056478u
,,1.0379M,5.560683u
,,1.03792M,3.846653u
,,1.03794M,2.883772u
,,1.03796M,5.107563u
,,1.03798M,7.035822u
,,1.038M,7.248977u
,,1.03802M,5.606427u
,,1.03804M,3.082617u
,,1.03806M,2.371143u
,,1.03808M,3.10582u
,,1.0381M,3.528361u
,,1.03812M,2.968806u
,,1.03814M,1.529642u
,,1.03816M,1.582799u
,,1.03818M,4.068976u
,,1.0382M,6.727539u
,,1.03822M,8.222088u
,,1.03824M,7.910267u
,,1.03826M,6.918389u
,,1.03828M,6.922704u
,,1.0383M,8.238518u
,,1.03832M,8.502739u
,,1.03834M,8.071843u
,,1.03836M,8.601696u
,,1.03838M,8.415437u
,,1.0384M,7.688527u
,,1.03842M,7.298459u
,,1.03844M,6.641806u
,,1.03846M,5.984781u
,,1.03848M,5.718415u
,,1.0385M,4.608765u
,,1.03852M,1.756025u
,,1.03854M,437.2491n
,,1.03856M,2.137685u
,,1.03858M,5.889053u
,,1.0386M,5.37108u
,,1.03862M,4.823364u
,,1.03864M,4.633983u
,,1.03866M,3.440545u
,,1.03868M,3.79908u
,,1.0387M,5.897373u
,,1.03872M,7.010224u
,,1.03874M,6.813403u
,,1.03876M,5.629381u
,,1.03878M,3.542982u
,,1.0388M,2.017099u
,,1.03882M,5.04582u
,,1.03884M,7.360357u
,,1.03886M,7.449067u
,,1.03888M,7.445408u
,,1.0389M,7.983335u
,,1.03892M,8.645992u
,,1.03894M,8.456106u
,,1.03896M,6.80459u
,,1.03898M,5.51385u
,,1.039M,5.61084u
,,1.03902M,7.217022u
,,1.03904M,7.999117u
,,1.03906M,6.524043u
,,1.03908M,4.427109u
,,1.0391M,2.974792u
,,1.03912M,3.764906u
,,1.03914M,4.324278u
,,1.03916M,5.353885u
,,1.03918M,5.423435u
,,1.0392M,4.518677u
,,1.03922M,3.844311u
,,1.03924M,2.678566u
,,1.03926M,1.246122u
,,1.03928M,2.226601u
,,1.0393M,6.707133u
,,1.03932M,8.348731u
,,1.03934M,7.451755u
,,1.03936M,6.24409u
,,1.03938M,5.807415u
,,1.0394M,5.068077u
,,1.03942M,2.751306u
,,1.03944M,3.564083u
,,1.03946M,5.546968u
,,1.03948M,4.795098u
,,1.0395M,2.601801u
,,1.03952M,2.601062u
,,1.03954M,4.494397u
,,1.03956M,7.581485u
,,1.03958M,8.383977u
,,1.0396M,6.05854u
,,1.03962M,4.804275u
,,1.03964M,6.070683u
,,1.03966M,7.18256u
,,1.03968M,6.175065u
,,1.0397M,3.330254u
,,1.03972M,4.252855u
,,1.03974M,5.049728u
,,1.03976M,4.450151u
,,1.03978M,5.032856u
,,1.0398M,6.638795u
,,1.03982M,7.136445u
,,1.03984M,6.042791u
,,1.03986M,5.140683u
,,1.03988M,5.268827u
,,1.0399M,4.935533u
,,1.03992M,4.404423u
,,1.03994M,5.17069u
,,1.03996M,7.011067u
,,1.03998M,7.354107u
,,1.04M,5.058288u
,,1.04002M,2.668545u
,,1.04004M,1.525786u
,,1.04006M,1.421362u
,,1.04008M,2.172189u
,,1.0401M,5.34308u
,,1.04012M,7.69227u
,,1.04014M,6.854859u
,,1.04016M,4.737916u
,,1.04018M,3.786536u
,,1.0402M,4.011267u
,,1.04022M,3.651156u
,,1.04024M,4.082061u
,,1.04026M,5.906843u
,,1.04028M,5.814109u
,,1.0403M,4.88976u
,,1.04032M,5.062669u
,,1.04034M,3.983684u
,,1.04036M,5.548475u
,,1.04038M,6.654001u
,,1.0404M,5.233736u
,,1.04042M,5.572457u
,,1.04044M,8.677087u
,,1.04046M,10.50361u
,,1.04048M,10.31717u
,,1.0405M,10.5626u
,,1.04052M,9.812108u
,,1.04054M,6.883058u
,,1.04056M,5.656659u
,,1.04058M,6.498542u
,,1.0406M,7.751788u
,,1.04062M,7.959167u
,,1.04064M,6.387663u
,,1.04066M,3.461688u
,,1.04068M,2.27029u
,,1.0407M,4.030589u
,,1.04072M,4.556054u
,,1.04074M,3.524029u
,,1.04076M,2.822774u
,,1.04078M,4.691998u
,,1.0408M,4.371716u
,,1.04082M,4.501422u
,,1.04084M,5.981812u
,,1.04086M,6.734078u
,,1.04088M,7.298515u
,,1.0409M,7.208136u
,,1.04092M,6.477346u
,,1.04094M,6.752543u
,,1.04096M,7.658765u
,,1.04098M,7.862623u
,,1.041M,7.166819u
,,1.04102M,6.345343u
,,1.04104M,6.183234u
,,1.04106M,6.382148u
,,1.04108M,6.989227u
,,1.0411M,8.203032u
,,1.04112M,8.523392u
,,1.04114M,7.322947u
,,1.04116M,6.673186u
,,1.04118M,6.815952u
,,1.0412M,7.103189u
,,1.04122M,8.148779u
,,1.04124M,7.182347u
,,1.04126M,5.004655u
,,1.04128M,5.179532u
,,1.0413M,5.32076u
,,1.04132M,6.577142u
,,1.04134M,7.776539u
,,1.04136M,5.011716u
,,1.04138M,2.361099u
,,1.0414M,2.514262u
,,1.04142M,3.288134u
,,1.04144M,3.067195u
,,1.04146M,3.527725u
,,1.04148M,4.73574u
,,1.0415M,4.637572u
,,1.04152M,4.558699u
,,1.04154M,5.74757u
,,1.04156M,5.686571u
,,1.04158M,4.914287u
,,1.0416M,4.838438u
,,1.04162M,4.884458u
,,1.04164M,4.744291u
,,1.04166M,3.838284u
,,1.04168M,4.838256u
,,1.0417M,8.580863u
,,1.04172M,11.60541u
,,1.04174M,11.68172u
,,1.04176M,9.337529u
,,1.04178M,6.525983u
,,1.0418M,5.7578u
,,1.04182M,6.53503u
,,1.04184M,6.058079u
,,1.04186M,4.815708u
,,1.04188M,4.508887u
,,1.0419M,4.740324u
,,1.04192M,5.858754u
,,1.04194M,8.251835u
,,1.04196M,9.487709u
,,1.04198M,8.500934u
,,1.042M,7.385268u
,,1.04202M,7.245452u
,,1.04204M,6.013171u
,,1.04206M,4.265557u
,,1.04208M,4.388509u
,,1.0421M,5.6238u
,,1.04212M,6.357178u
,,1.04214M,6.476504u
,,1.04216M,5.229087u
,,1.04218M,3.267486u
,,1.0422M,2.606487u
,,1.04222M,4.343995u
,,1.04224M,7.167712u
,,1.04226M,8.416609u
,,1.04228M,8.782363u
,,1.0423M,8.08648u
,,1.04232M,6.013995u
,,1.04234M,5.486137u
,,1.04236M,6.669669u
,,1.04238M,6.797714u
,,1.0424M,6.507481u
,,1.04242M,7.003187u
,,1.04244M,5.990752u
,,1.04246M,4.211889u
,,1.04248M,3.737025u
,,1.0425M,3.269292u
,,1.04252M,2.632577u
,,1.04254M,3.036658u
,,1.04256M,3.718331u
,,1.04258M,4.274778u
,,1.0426M,4.516891u
,,1.04262M,4.147776u
,,1.04264M,5.081335u
,,1.04266M,6.114907u
,,1.04268M,6.101375u
,,1.0427M,5.730236u
,,1.04272M,4.453882u
,,1.04274M,3.544501u
,,1.04276M,4.290506u
,,1.04278M,6.259839u
,,1.0428M,7.813178u
,,1.04282M,7.173444u
,,1.04284M,5.954593u
,,1.04286M,6.076089u
,,1.04288M,6.050107u
,,1.0429M,4.124279u
,,1.04292M,1.704789u
,,1.04294M,2.284219u
,,1.04296M,5.090158u
,,1.04298M,7.09986u
,,1.043M,7.463615u
,,1.04302M,6.826237u
,,1.04304M,5.516061u
,,1.04306M,4.438703u
,,1.04308M,5.252439u
,,1.0431M,5.703387u
,,1.04312M,6.277978u
,,1.04314M,5.911028u
,,1.04316M,4.000479u
,,1.04318M,2.846858u
,,1.0432M,2.11292u
,,1.04322M,3.719544u
,,1.04324M,4.080126u
,,1.04326M,2.455627u
,,1.04328M,2.076886u
,,1.0433M,989.8939n
,,1.04332M,1.472096u
,,1.04334M,4.519136u
,,1.04336M,6.681252u
,,1.04338M,6.851713u
,,1.0434M,6.180402u
,,1.04342M,5.092661u
,,1.04344M,4.590019u
,,1.04346M,4.054385u
,,1.04348M,2.660462u
,,1.0435M,3.478293u
,,1.04352M,6.375209u
,,1.04354M,8.747175u
,,1.04356M,8.069877u
,,1.04358M,7.115646u
,,1.0436M,7.198608u
,,1.04362M,7.820272u
,,1.04364M,7.754783u
,,1.04366M,7.345123u
,,1.04368M,6.908056u
,,1.0437M,6.976785u
,,1.04372M,5.313566u
,,1.04374M,3.866019u
,,1.04376M,6.009982u
,,1.04378M,6.861643u
,,1.0438M,6.323163u
,,1.04382M,5.330459u
,,1.04384M,4.253344u
,,1.04386M,4.531865u
,,1.04388M,6.24041u
,,1.0439M,6.036589u
,,1.04392M,5.121912u
,,1.04394M,5.404831u
,,1.04396M,5.664735u
,,1.04398M,5.658142u
,,1.044M,7.187236u
,,1.04402M,8.676533u
,,1.04404M,9.099757u
,,1.04406M,8.294535u
,,1.04408M,7.811595u
,,1.0441M,8.498518u
,,1.04412M,8.215824u
,,1.04414M,5.784151u
,,1.04416M,5.27634u
,,1.04418M,8.030751u
,,1.0442M,9.280492u
,,1.04422M,7.455511u
,,1.04424M,4.49839u
,,1.04426M,2.752879u
,,1.04428M,3.141373u
,,1.0443M,6.243129u
,,1.04432M,7.296841u
,,1.04434M,7.338116u
,,1.04436M,7.388064u
,,1.04438M,6.649594u
,,1.0444M,6.101555u
,,1.04442M,5.904216u
,,1.04444M,4.936648u
,,1.04446M,4.098084u
,,1.04448M,5.06666u
,,1.0445M,6.81094u
,,1.04452M,7.271574u
,,1.04454M,8.086883u
,,1.04456M,8.161683u
,,1.04458M,6.17699u
,,1.0446M,5.184795u
,,1.04462M,5.463395u
,,1.04464M,6.777585u
,,1.04466M,9.045134u
,,1.04468M,11.07833u
,,1.0447M,11.3783u
,,1.04472M,7.668292u
,,1.04474M,5.98774u
,,1.04476M,5.231531u
,,1.04478M,3.746731u
,,1.0448M,4.16345u
,,1.04482M,4.752869u
,,1.04484M,4.65961u
,,1.04486M,4.244136u
,,1.04488M,4.570061u
,,1.0449M,5.539199u
,,1.04492M,7.008428u
,,1.04494M,8.399089u
,,1.04496M,8.945082u
,,1.04498M,8.27577u
,,1.045M,7.090396u
,,1.04502M,5.268192u
,,1.04504M,3.443478u
,,1.04506M,3.010404u
,,1.04508M,2.773537u
,,1.0451M,3.64973u
,,1.04512M,5.238915u
,,1.04514M,5.589338u
,,1.04516M,7.046563u
,,1.04518M,9.447854u
,,1.0452M,9.905895u
,,1.04522M,8.418884u
,,1.04524M,6.643915u
,,1.04526M,4.704088u
,,1.04528M,3.123252u
,,1.0453M,4.837045u
,,1.04532M,7.56647u
,,1.04534M,7.251423u
,,1.04536M,4.562289u
,,1.04538M,3.077446u
,,1.0454M,3.221808u
,,1.04542M,2.635289u
,,1.04544M,2.096179u
,,1.04546M,2.528072u
,,1.04548M,3.520239u
,,1.0455M,4.254378u
,,1.04552M,3.751308u
,,1.04554M,3.952042u
,,1.04556M,6.888055u
,,1.04558M,9.97338u
,,1.0456M,10.47211u
,,1.04562M,8.782342u
,,1.04564M,6.377224u
,,1.04566M,4.538085u
,,1.04568M,3.627088u
,,1.0457M,3.328413u
,,1.04572M,4.593801u
,,1.04574M,6.920649u
,,1.04576M,8.089713u
,,1.04578M,7.618208u
,,1.0458M,7.176134u
,,1.04582M,7.603583u
,,1.04584M,7.66701u
,,1.04586M,7.01784u
,,1.04588M,6.037953u
,,1.0459M,5.657624u
,,1.04592M,7.284371u
,,1.04594M,8.865362u
,,1.04596M,8.202042u
,,1.04598M,7.220812u
,,1.046M,7.264649u
,,1.04602M,7.47404u
,,1.04604M,7.367329u
,,1.04606M,7.385649u
,,1.04608M,6.265072u
,,1.0461M,5.291334u
,,1.04612M,4.950334u
,,1.04614M,4.916216u
,,1.04616M,5.147685u
,,1.04618M,6.654742u
,,1.0462M,7.620865u
,,1.04622M,7.546757u
,,1.04624M,6.536999u
,,1.04626M,5.723141u
,,1.04628M,6.004358u
,,1.0463M,7.41591u
,,1.04632M,9.366812u
,,1.04634M,10.12062u
,,1.04636M,9.08843u
,,1.04638M,8.067807u
,,1.0464M,7.30938u
,,1.04642M,6.661073u
,,1.04644M,5.261526u
,,1.04646M,4.328367u
,,1.04648M,4.828334u
,,1.0465M,5.804823u
,,1.04652M,7.822892u
,,1.04654M,8.056178u
,,1.04656M,7.333382u
,,1.04658M,6.74319u
,,1.0466M,5.573479u
,,1.04662M,5.890133u
,,1.04664M,7.559658u
,,1.04666M,7.711154u
,,1.04668M,4.78913u
,,1.0467M,3.648686u
,,1.04672M,4.771266u
,,1.04674M,8.031809u
,,1.04676M,9.278754u
,,1.04678M,8.469293u
,,1.0468M,7.414633u
,,1.04682M,7.287353u
,,1.04684M,7.408587u
,,1.04686M,8.055794u
,,1.04688M,9.21614u
,,1.0469M,7.595596u
,,1.04692M,6.002911u
,,1.04694M,6.368713u
,,1.04696M,5.935379u
,,1.04698M,6.772779u
,,1.047M,9.545501u
,,1.04702M,11.21534u
,,1.04704M,11.05819u
,,1.04706M,9.149463u
,,1.04708M,6.852195u
,,1.0471M,5.409566u
,,1.04712M,6.192u
,,1.04714M,8.80458u
,,1.04716M,9.556037u
,,1.04718M,8.601048u
,,1.0472M,7.809395u
,,1.04722M,7.846363u
,,1.04724M,8.183421u
,,1.04726M,8.371217u
,,1.04728M,8.207433u
,,1.0473M,7.708158u
,,1.04732M,6.714796u
,,1.04734M,5.53241u
,,1.04736M,5.633599u
,,1.04738M,6.656814u
,,1.0474M,7.10808u
,,1.04742M,7.505262u
,,1.04744M,9.286555u
,,1.04746M,10.23517u
,,1.04748M,9.212114u
,,1.0475M,7.770599u
,,1.04752M,5.967879u
,,1.04754M,5.62086u
,,1.04756M,6.001543u
,,1.04758M,6.189008u
,,1.0476M,6.435298u
,,1.04762M,6.870619u
,,1.04764M,7.125409u
,,1.04766M,7.346571u
,,1.04768M,7.955767u
,,1.0477M,8.983275u
,,1.04772M,8.42245u
,,1.04774M,5.319053u
,,1.04776M,3.542355u
,,1.04778M,4.428849u
,,1.0478M,5.544508u
,,1.04782M,7.458742u
,,1.04784M,7.288852u
,,1.04786M,6.793312u
,,1.04788M,7.155695u
,,1.0479M,6.476815u
,,1.04792M,6.244291u
,,1.04794M,7.511509u
,,1.04796M,9.050428u
,,1.04798M,9.416224u
,,1.048M,9.316011u
,,1.04802M,7.834608u
,,1.04804M,5.803655u
,,1.04806M,4.635142u
,,1.04808M,4.871731u
,,1.0481M,7.522386u
,,1.04812M,10.0578u
,,1.04814M,9.332362u
,,1.04816M,7.071972u
,,1.04818M,5.678587u
,,1.0482M,6.245444u
,,1.04822M,7.113759u
,,1.04824M,8.279373u
,,1.04826M,9.20296u
,,1.04828M,8.067544u
,,1.0483M,6.170128u
,,1.04832M,5.715068u
,,1.04834M,6.53663u
,,1.04836M,7.46647u
,,1.04838M,8.241813u
,,1.0484M,8.421532u
,,1.04842M,7.737297u
,,1.04844M,6.860703u
,,1.04846M,6.512827u
,,1.04848M,6.951316u
,,1.0485M,7.877912u
,,1.04852M,8.387758u
,,1.04854M,9.182766u
,,1.04856M,8.982306u
,,1.04858M,7.870623u
,,1.0486M,7.600399u
,,1.04862M,8.369474u
,,1.04864M,9.551752u
,,1.04866M,8.906802u
,,1.04868M,7.608908u
,,1.0487M,6.096646u
,,1.04872M,4.362982u
,,1.04874M,4.982183u
,,1.04876M,6.908769u
,,1.04878M,6.943284u
,,1.0488M,5.389399u
,,1.04882M,4.869756u
,,1.04884M,7.165563u
,,1.04886M,8.584054u
,,1.04888M,7.212923u
,,1.0489M,5.614503u
,,1.04892M,5.322649u
,,1.04894M,7.552645u
,,1.04896M,8.602914u
,,1.04898M,6.24496u
,,1.049M,4.659706u
,,1.04902M,7.209993u
,,1.04904M,10.13895u
,,1.04906M,10.71296u
,,1.04908M,9.979668u
,,1.0491M,9.464084u
,,1.04912M,9.15355u
,,1.04914M,7.492833u
,,1.04916M,5.873u
,,1.04918M,5.956872u
,,1.0492M,5.624856u
,,1.04922M,4.175477u
,,1.04924M,2.999042u
,,1.04926M,4.684064u
,,1.04928M,7.235804u
,,1.0493M,7.878247u
,,1.04932M,7.890056u
,,1.04934M,8.578672u
,,1.04936M,8.008836u
,,1.04938M,6.843107u
,,1.0494M,6.651269u
,,1.04942M,7.025215u
,,1.04944M,7.750689u
,,1.04946M,7.492949u
,,1.04948M,7.253531u
,,1.0495M,9.110568u
,,1.04952M,10.87613u
,,1.04954M,10.23999u
,,1.04956M,8.777715u
,,1.04958M,7.664813u
,,1.0496M,8.140162u
,,1.04962M,9.960167u
,,1.04964M,8.611237u
,,1.04966M,4.85152u
,,1.04968M,2.123298u
,,1.0497M,2.336002u
,,1.04972M,3.126348u
,,1.04974M,3.69761u
,,1.04976M,5.254545u
,,1.04978M,5.924332u
,,1.0498M,5.918575u
,,1.04982M,7.010642u
,,1.04984M,8.502475u
,,1.04986M,7.175553u
,,1.04988M,5.396814u
,,1.0499M,6.551321u
,,1.04992M,10.08252u
,,1.04994M,13.05712u
,,1.04996M,13.17562u
,,1.04998M,11.84912u
,,1.05M,10.88675u
,,1.05002M,8.823187u
,,1.05004M,5.355314u
,,1.05006M,3.329025u
,,1.05008M,4.380562u
,,1.0501M,6.008593u
,,1.05012M,5.253915u
,,1.05014M,4.009864u
,,1.05016M,4.036691u
,,1.05018M,4.625365u
,,1.0502M,5.410561u
,,1.05022M,5.691947u
,,1.05024M,5.493002u
,,1.05026M,6.697539u
,,1.05028M,8.208428u
,,1.0503M,7.630166u
,,1.05032M,6.669544u
,,1.05034M,6.883583u
,,1.05036M,4.767174u
,,1.05038M,2.845018u
,,1.0504M,3.088473u
,,1.05042M,5.353755u
,,1.05044M,7.271455u
,,1.05046M,7.576068u
,,1.05048M,7.551241u
,,1.0505M,8.880708u
,,1.05052M,10.22217u
,,1.05054M,9.786825u
,,1.05056M,7.508334u
,,1.05058M,3.70057u
,,1.0506M,1.735965u
,,1.05062M,3.854878u
,,1.05064M,8.356802u
,,1.05066M,10.31885u
,,1.05068M,10.23728u
,,1.0507M,9.131555u
,,1.05072M,7.533527u
,,1.05074M,5.830745u
,,1.05076M,4.832207u
,,1.05078M,6.218287u
,,1.0508M,6.623808u
,,1.05082M,7.053175u
,,1.05084M,8.021246u
,,1.05086M,8.001798u
,,1.05088M,6.832438u
,,1.0509M,7.233021u
,,1.05092M,9.584493u
,,1.05094M,9.662635u
,,1.05096M,7.632755u
,,1.05098M,6.940523u
,,1.051M,6.385173u
,,1.05102M,5.175359u
,,1.05104M,4.872004u
,,1.05106M,5.855555u
,,1.05108M,7.774959u
,,1.0511M,8.670017u
,,1.05112M,8.507612u
,,1.05114M,7.437167u
,,1.05116M,5.355193u
,,1.05118M,4.306676u
,,1.0512M,6.31215u
,,1.05122M,8.487356u
,,1.05124M,8.904369u
,,1.05126M,7.530113u
,,1.05128M,7.622803u
,,1.0513M,8.801046u
,,1.05132M,9.47215u
,,1.05134M,10.58106u
,,1.05136M,10.03054u
,,1.05138M,8.477949u
,,1.0514M,7.815048u
,,1.05142M,8.080519u
,,1.05144M,8.851293u
,,1.05146M,10.0195u
,,1.05148M,11.36987u
,,1.0515M,10.91594u
,,1.05152M,8.604512u
,,1.05154M,8.209418u
,,1.05156M,10.43738u
,,1.05158M,11.64714u
,,1.0516M,10.44257u
,,1.05162M,9.752833u
,,1.05164M,9.750535u
,,1.05166M,8.017963u
,,1.05168M,5.662762u
,,1.0517M,5.56806u
,,1.05172M,6.245435u
,,1.05174M,6.204365u
,,1.05176M,5.906083u
,,1.05178M,5.395634u
,,1.0518M,5.420828u
,,1.05182M,7.210065u
,,1.05184M,7.589592u
,,1.05186M,7.206758u
,,1.05188M,8.074305u
,,1.0519M,8.786504u
,,1.05192M,7.572014u
,,1.05194M,6.609685u
,,1.05196M,8.895678u
,,1.05198M,10.6514u
,,1.052M,10.04557u
,,1.05202M,9.240244u
,,1.05204M,9.851263u
,,1.05206M,11.32506u
,,1.05208M,12.05372u
,,1.0521M,10.69517u
,,1.05212M,9.102724u
,,1.05214M,8.756143u
,,1.05216M,8.048762u
,,1.05218M,8.397459u
,,1.0522M,9.920999u
,,1.05222M,10.63621u
,,1.05224M,10.79077u
,,1.05226M,9.838625u
,,1.05228M,7.036008u
,,1.0523M,5.366839u
,,1.05232M,6.531391u
,,1.05234M,8.622273u
,,1.05236M,9.805549u
,,1.05238M,8.114575u
,,1.0524M,5.53144u
,,1.05242M,3.82056u
,,1.05244M,3.49077u
,,1.05246M,6.197201u
,,1.05248M,9.17929u
,,1.0525M,8.551892u
,,1.05252M,6.787533u
,,1.05254M,6.070647u
,,1.05256M,6.147491u
,,1.05258M,7.0726u
,,1.0526M,7.093886u
,,1.05262M,7.47906u
,,1.05264M,9.745796u
,,1.05266M,10.74294u
,,1.05268M,9.140041u
,,1.0527M,5.54542u
,,1.05272M,3.044809u
,,1.05274M,4.285934u
,,1.05276M,7.34576u
,,1.05278M,8.666077u
,,1.0528M,8.262214u
,,1.05282M,7.77847u
,,1.05284M,9.01109u
,,1.05286M,11.00963u
,,1.05288M,12.61449u
,,1.0529M,13.2724u
,,1.05292M,11.77952u
,,1.05294M,10.12578u
,,1.05296M,9.238005u
,,1.05298M,6.41585u
,,1.053M,3.556041u
,,1.05302M,3.292733u
,,1.05304M,4.506488u
,,1.05306M,6.19569u
,,1.05308M,7.012668u
,,1.0531M,7.311193u
,,1.05312M,8.722134u
,,1.05314M,10.15007u
,,1.05316M,10.56039u
,,1.05318M,10.18646u
,,1.0532M,8.747926u
,,1.05322M,7.260349u
,,1.05324M,6.696739u
,,1.05326M,6.73577u
,,1.05328M,7.626287u
,,1.0533M,8.959835u
,,1.05332M,10.44149u
,,1.05334M,12.18294u
,,1.05336M,11.96049u
,,1.05338M,8.768857u
,,1.0534M,5.370741u
,,1.05342M,4.158119u
,,1.05344M,4.571971u
,,1.05346M,6.16376u
,,1.05348M,7.549384u
,,1.0535M,7.448402u
,,1.05352M,7.875939u
,,1.05354M,7.928501u
,,1.05356M,6.720639u
,,1.05358M,5.833722u
,,1.0536M,6.600306u
,,1.05362M,7.812052u
,,1.05364M,8.696849u
,,1.05366M,9.349756u
,,1.05368M,7.709483u
,,1.0537M,4.404091u
,,1.05372M,3.833582u
,,1.05374M,6.405611u
,,1.05376M,8.701043u
,,1.05378M,9.264654u
,,1.0538M,7.951521u
,,1.05382M,6.758986u
,,1.05384M,7.42886u
,,1.05386M,7.296497u
,,1.05388M,6.977111u
,,1.0539M,8.475146u
,,1.05392M,8.806108u
,,1.05394M,5.893581u
,,1.05396M,3.873952u
,,1.05398M,5.096524u
,,1.054M,6.808921u
,,1.05402M,8.043024u
,,1.05404M,8.759444u
,,1.05406M,7.285572u
,,1.05408M,4.542904u
,,1.0541M,4.352913u
,,1.05412M,6.236292u
,,1.05414M,7.195348u
,,1.05416M,6.538339u
,,1.05418M,6.067891u
,,1.0542M,4.955623u
,,1.05422M,5.769327u
,,1.05424M,8.279588u
,,1.05426M,8.596141u
,,1.05428M,6.434129u
,,1.0543M,4.78017u
,,1.05432M,4.647889u
,,1.05434M,3.577131u
,,1.05436M,1.587896u
,,1.05438M,4.771866u
,,1.0544M,6.390246u
,,1.05442M,8.491818u
,,1.05444M,9.915809u
,,1.05446M,7.632078u
,,1.05448M,4.969788u
,,1.0545M,5.593894u
,,1.05452M,7.992853u
,,1.05454M,8.207201u
,,1.05456M,7.279091u
,,1.05458M,6.750569u
,,1.0546M,6.232749u
,,1.05462M,5.734575u
,,1.05464M,6.301193u
,,1.05466M,7.590762u
,,1.05468M,7.972295u
,,1.0547M,7.585329u
,,1.05472M,6.246679u
,,1.05474M,4.992018u
,,1.05476M,5.842169u
,,1.05478M,7.654791u
,,1.0548M,7.775108u
,,1.05482M,7.433667u
,,1.05484M,6.99181u
,,1.05486M,5.867953u
,,1.05488M,4.793153u
,,1.0549M,3.3409u
,,1.05492M,4.0348u
,,1.05494M,4.306325u
,,1.05496M,3.304264u
,,1.05498M,5.314073u
,,1.055M,7.115903u
,,1.05502M,6.746162u
,,1.05504M,5.645929u
,,1.05506M,4.028954u
,,1.05508M,3.513277u
,,1.0551M,4.037136u
,,1.05512M,3.659268u
,,1.05514M,3.440836u
,,1.05516M,3.663222u
,,1.05518M,3.162373u
,,1.0552M,2.718825u
,,1.05522M,3.615181u
,,1.05524M,4.46092u
,,1.05526M,4.300576u
,,1.05528M,3.363105u
,,1.0553M,2.062961u
,,1.05532M,2.21325u
,,1.05534M,5.101945u
,,1.05536M,7.356234u
,,1.05538M,6.855318u
,,1.0554M,5.289415u
,,1.05542M,4.160812u
,,1.05544M,5.076389u
,,1.05546M,5.985763u
,,1.05548M,4.765591u
,,1.0555M,4.926241u
,,1.05552M,6.934288u
,,1.05554M,6.664743u
,,1.05556M,3.698011u
,,1.05558M,1.568384u
,,1.0556M,1.887708u
,,1.05562M,2.116206u
,,1.05564M,1.873069u
,,1.05566M,1.957643u
,,1.05568M,3.580487u
,,1.0557M,5.275802u
,,1.05572M,4.616023u
,,1.05574M,4.478877u
,,1.05576M,4.737314u
,,1.05578M,3.727391u
,,1.0558M,4.813187u
,,1.05582M,5.429228u
,,1.05584M,4.019813u
,,1.05586M,3.173587u
,,1.05588M,5.32255u
,,1.0559M,7.398943u
,,1.05592M,6.902198u
,,1.05594M,5.088883u
,,1.05596M,4.779786u
,,1.05598M,4.718504u
,,1.056M,4.264392u
,,1.05602M,3.218164u
,,1.05604M,1.947582u
,,1.05606M,4.754229u
,,1.05608M,6.255791u
,,1.0561M,4.158062u
,,1.05612M,1.740913u
,,1.05614M,1.95287u
,,1.05616M,515.3421n
,,1.05618M,1.188375u
,,1.0562M,1.014442u
,,1.05622M,5.532126u
,,1.05624M,7.300393u
,,1.05626M,4.713478u
,,1.05628M,1.324231u
,,1.0563M,951.1736n
,,1.05632M,2.939995u
,,1.05634M,4.941676u
,,1.05636M,4.626931u
,,1.05638M,4.195859u
,,1.0564M,5.325855u
,,1.05642M,6.149782u
,,1.05644M,6.023772u
,,1.05646M,5.12393u
,,1.05648M,5.99864u
,,1.0565M,6.171365u
,,1.05652M,6.002258u
,,1.05654M,7.196049u
,,1.05656M,7.179641u
,,1.05658M,6.298148u
,,1.0566M,4.949383u
,,1.05662M,3.609474u
,,1.05664M,3.421928u
,,1.05666M,3.828491u
,,1.05668M,5.346266u
,,1.0567M,7.743486u
,,1.05672M,7.939423u
,,1.05674M,4.568298u
,,1.05676M,2.528386u
,,1.05678M,3.277671u
,,1.0568M,4.960412u
,,1.05682M,5.666781u
,,1.05684M,5.64559u
,,1.05686M,5.248673u
,,1.05688M,3.903348u
,,1.0569M,3.022234u
,,1.05692M,3.657517u
,,1.05694M,5.291316u
,,1.05696M,5.866648u
,,1.05698M,5.592571u
,,1.057M,5.169586u
,,1.05702M,4.408681u
,,1.05704M,4.088867u
,,1.05706M,4.513342u
,,1.05708M,5.565489u
,,1.0571M,6.760711u
,,1.05712M,7.199966u
,,1.05714M,6.836354u
,,1.05716M,6.657887u
,,1.05718M,7.536216u
,,1.0572M,7.077008u
,,1.05722M,4.367179u
,,1.05724M,1.770136u
,,1.05726M,1.534142u
,,1.05728M,3.339581u
,,1.0573M,5.053417u
,,1.05732M,5.123026u
,,1.05734M,5.245946u
,,1.05736M,6.050169u
,,1.05738M,6.247657u
,,1.0574M,5.197525u
,,1.05742M,4.453686u
,,1.05744M,5.363872u
,,1.05746M,6.331225u
,,1.05748M,6.249985u
,,1.0575M,4.971696u
,,1.05752M,6.22699u
,,1.05754M,8.481809u
,,1.05756M,8.28692u
,,1.05758M,7.048638u
,,1.0576M,5.236912u
,,1.05762M,3.68178u
,,1.05764M,3.021123u
,,1.05766M,2.134965u
,,1.05768M,1.709276u
,,1.0577M,2.715319u
,,1.05772M,4.977628u
,,1.05774M,5.782221u
,,1.05776M,5.794122u
,,1.05778M,6.582624u
,,1.0578M,7.10502u
,,1.05782M,6.016878u
,,1.05784M,4.401339u
,,1.05786M,3.727469u
,,1.05788M,2.431862u
,,1.0579M,1.33859u
,,1.05792M,2.85302u
,,1.05794M,4.196079u
,,1.05796M,5.245218u
,,1.05798M,6.352188u
,,1.058M,7.582279u
,,1.05802M,7.28913u
,,1.05804M,5.654744u
,,1.05806M,3.368487u
,,1.05808M,2.870454u
,,1.0581M,4.609626u
,,1.05812M,6.16054u
,,1.05814M,6.009407u
,,1.05816M,4.830675u
,,1.05818M,3.917876u
,,1.0582M,4.139576u
,,1.05822M,4.644019u
,,1.05824M,4.477478u
,,1.05826M,4.513564u
,,1.05828M,5.43674u
,,1.0583M,5.638321u
,,1.05832M,5.752103u
,,1.05834M,5.971953u
,,1.05836M,6.664492u
,,1.05838M,7.449388u
,,1.0584M,8.004153u
,,1.05842M,7.589814u
,,1.05844M,6.746855u
,,1.05846M,7.451211u
,,1.05848M,8.461397u
,,1.0585M,7.661867u
,,1.05852M,6.090671u
,,1.05854M,4.799946u
,,1.05856M,3.84588u
,,1.05858M,5.044416u
,,1.0586M,6.323743u
,,1.05862M,7.039407u
,,1.05864M,8.733341u
,,1.05866M,9.255855u
,,1.05868M,8.844752u
,,1.0587M,7.393522u
,,1.05872M,6.04969u
,,1.05874M,7.320348u
,,1.05876M,9.398781u
,,1.05878M,9.712721u
,,1.0588M,8.289346u
,,1.05882M,8.419499u
,,1.05884M,10.88404u
,,1.05886M,11.30758u
,,1.05888M,8.205295u
,,1.0589M,4.366494u
,,1.05892M,3.905356u
,,1.05894M,4.565509u
,,1.05896M,4.575636u
,,1.05898M,4.718246u
,,1.059M,5.348522u
,,1.05902M,5.093458u
,,1.05904M,3.735762u
,,1.05906M,2.783231u
,,1.05908M,3.724234u
,,1.0591M,4.779255u
,,1.05912M,5.138368u
,,1.05914M,4.894147u
,,1.05916M,4.395733u
,,1.05918M,3.609886u
,,1.0592M,5.573072u
,,1.05922M,8.283737u
,,1.05924M,7.95907u
,,1.05926M,5.402158u
,,1.05928M,4.292426u
,,1.0593M,4.343136u
,,1.05932M,3.213993u
,,1.05934M,1.329121u
,,1.05936M,2.404591u
,,1.05938M,4.568736u
,,1.0594M,5.835606u
,,1.05942M,6.809333u
,,1.05944M,7.013917u
,,1.05946M,5.785333u
,,1.05948M,5.346818u
,,1.0595M,5.262739u
,,1.05952M,4.09972u
,,1.05954M,3.954791u
,,1.05956M,4.433915u
,,1.05958M,4.755298u
,,1.0596M,5.524961u
,,1.05962M,5.32485u
,,1.05964M,4.106749u
,,1.05966M,3.518843u
,,1.05968M,4.084722u
,,1.0597M,4.599691u
,,1.05972M,4.413942u
,,1.05974M,5.74987u
,,1.05976M,6.49212u
,,1.05978M,4.821684u
,,1.0598M,3.406777u
,,1.05982M,2.691849u
,,1.05984M,2.305821u
,,1.05986M,2.846192u
,,1.05988M,4.708464u
,,1.0599M,4.674026u
,,1.05992M,2.36687u
,,1.05994M,2.493986u
,,1.05996M,4.349452u
,,1.05998M,5.128181u
,,1.06M,3.755297u
,,1.06002M,4.723021u
,,1.06004M,5.500735u
,,1.06006M,4.820992u
,,1.06008M,3.784825u
,,1.0601M,2.169975u
,,1.06012M,2.228154u
,,1.06014M,3.2604u
,,1.06016M,4.039953u
,,1.06018M,3.242842u
,,1.0602M,916.6168n
,,1.06022M,1.096854u
,,1.06024M,890.0718n
,,1.06026M,128.2129n
,,1.06028M,1.950193u
,,1.0603M,4.548473u
,,1.06032M,5.392957u
,,1.06034M,6.25623u
,,1.06036M,8.008898u
,,1.06038M,8.201949u
,,1.0604M,7.16222u
,,1.06042M,4.957884u
,,1.06044M,2.830445u
,,1.06046M,3.738281u
,,1.06048M,3.775966u
,,1.0605M,3.028479u
,,1.06052M,3.033425u
,,1.06054M,2.874524u
,,1.06056M,3.2117u
,,1.06058M,3.622801u
,,1.0606M,3.27623u
,,1.06062M,1.661313u
,,1.06064M,1.030846u
,,1.06066M,648.4893n
,,1.06068M,2.776874u
,,1.0607M,3.686125u
,,1.06072M,1.344957u
,,1.06074M,1.787613u
,,1.06076M,1.244491u
,,1.06078M,3.119935u
,,1.0608M,4.144013u
,,1.06082M,2.189791u
,,1.06084M,2.772199u
,,1.06086M,4.53893u
,,1.06088M,6.436155u
,,1.0609M,6.838584u
,,1.06092M,5.211315u
,,1.06094M,3.212429u
,,1.06096M,2.536443u
,,1.06098M,2.954739u
,,1.061M,3.902065u
,,1.06102M,5.986719u
,,1.06104M,7.445494u
,,1.06106M,5.44218u
,,1.06108M,2.714678u
,,1.0611M,2.607445u
,,1.06112M,4.205764u
,,1.06114M,5.092146u
,,1.06116M,3.45944u
,,1.06118M,2.539734u
,,1.0612M,3.713677u
,,1.06122M,2.209808u
,,1.06124M,782.1973n
,,1.06126M,546.7402n
,,1.06128M,1.802341u
,,1.0613M,2.531213u
,,1.06132M,2.9412u
,,1.06134M,3.637098u
,,1.06136M,4.449251u
,,1.06138M,4.99282u
,,1.0614M,4.795355u
,,1.06142M,4.119722u
,,1.06144M,4.221825u
,,1.06146M,4.326443u
,,1.06148M,3.925441u
,,1.0615M,2.288173u
,,1.06152M,2.053243u
,,1.06154M,2.953233u
,,1.06156M,2.250123u
,,1.06158M,2.464714u
,,1.0616M,1.140113u
,,1.06162M,2.915917u
,,1.06164M,4.656208u
,,1.06166M,5.333315u
,,1.06168M,4.277243u
,,1.0617M,5.044226u
,,1.06172M,5.002513u
,,1.06174M,2.805322u
,,1.06176M,1.289094u
,,1.06178M,594.8081n
,,1.0618M,2.082671u
,,1.06182M,4.098987u
,,1.06184M,4.68178u
,,1.06186M,2.832578u
,,1.06188M,1.200085u
,,1.0619M,1.539118u
,,1.06192M,1.972985u
,,1.06194M,1.466399u
,,1.06196M,1.065561u
,,1.06198M,1.224557u
,,1.062M,567.4494n
,,1.06202M,1.558624u
,,1.06204M,2.307245u
,,1.06206M,6.634337u
,,1.06208M,7.14083u
,,1.0621M,3.827652u
,,1.06212M,1.477562u
,,1.06214M,1.813137u
,,1.06216M,2.433791u
,,1.06218M,4.337988u
,,1.0622M,4.73821u
,,1.06222M,3.374242u
,,1.06224M,2.780224u
,,1.06226M,4.53476u
,,1.06228M,5.931919u
,,1.0623M,5.021008u
,,1.06232M,2.917149u
,,1.06234M,972.7693n
,,1.06236M,327.3136n
,,1.06238M,1.421067u
,,1.0624M,2.749923u
,,1.06242M,1.399428u
,,1.06244M,2.263495u
,,1.06246M,2.187169u
,,1.06248M,1.495834u
,,1.0625M,1.361876u
,,1.06252M,2.038554u
,,1.06254M,2.056798u
,,1.06256M,2.778167u
,,1.06258M,3.041741u
,,1.0626M,4.642254u
,,1.06262M,2.665937u
,,1.06264M,817.119n
,,1.06266M,507.0111n
,,1.06268M,399.9149n
,,1.0627M,2.474186u
,,1.06272M,3.3588u
,,1.06274M,1.553587u
,,1.06276M,1.223242u
,,1.06278M,2.255202u
,,1.0628M,1.858581u
,,1.06282M,1.268049u
,,1.06284M,1.361225u
,,1.06286M,1.069485u
,,1.06288M,2.575373u
,,1.0629M,4.379861u
,,1.06292M,5.439304u
,,1.06294M,5.040486u
,,1.06296M,4.802589u
,,1.06298M,4.316129u
,,1.063M,2.448053u
,,1.06302M,1.756396u
,,1.06304M,2.769715u
,,1.06306M,3.257726u
,,1.06308M,3.426921u
,,1.0631M,3.865848u
,,1.06312M,5.484245u
,,1.06314M,5.391077u
,,1.06316M,3.264086u
,,1.06318M,2.24136u
,,1.0632M,2.437641u
,,1.06322M,1.982495u
,,1.06324M,724.4544n
,,1.06326M,1.446598u
,,1.06328M,3.052175u
,,1.0633M,2.711009u
,,1.06332M,3.300239u
,,1.06334M,3.77092u
,,1.06336M,2.235465u
,,1.06338M,756.8809n
,,1.0634M,1.167973u
,,1.06342M,269.7563n
,,1.06344M,2.961626u
,,1.06346M,5.218644u
,,1.06348M,5.477412u
,,1.0635M,5.661006u
,,1.06352M,5.240205u
,,1.06354M,2.813288u
,,1.06356M,1.568984u
,,1.06358M,566.3153n
,,1.0636M,1.37985u
,,1.06362M,2.805591u
,,1.06364M,3.548834u
,,1.06366M,2.942879u
,,1.06368M,2.813494u
,,1.0637M,4.236071u
,,1.06372M,6.153865u
,,1.06374M,5.699247u
,,1.06376M,4.5333u
,,1.06378M,3.690478u
,,1.0638M,977.4045n
,,1.06382M,2.702588u
,,1.06384M,5.061152u
,,1.06386M,5.419563u
,,1.06388M,4.419153u
,,1.0639M,3.15049u
,,1.06392M,2.53677u
,,1.06394M,3.021193u
,,1.06396M,3.489102u
,,1.06398M,2.141716u
,,1.064M,1.832535u
,,1.06402M,1.001207u
,,1.06404M,2.110763u
,,1.06406M,1.955279u
,,1.06408M,1.353341u
,,1.0641M,963.641n
,,1.06412M,936.2192n
,,1.06414M,3.562278u
,,1.06416M,5.559104u
,,1.06418M,3.29512u
,,1.0642M,927.6479n
,,1.06422M,1.810569u
,,1.06424M,1.903702u
,,1.06426M,2.432086u
,,1.06428M,3.038537u
,,1.0643M,2.669977u
,,1.06432M,3.251949u
,,1.06434M,4.904571u
,,1.06436M,4.490142u
,,1.06438M,3.728827u
,,1.0644M,3.776454u
,,1.06442M,4.709276u
,,1.06444M,4.734372u
,,1.06446M,4.500315u
,,1.06448M,5.065117u
,,1.0645M,3.900579u
,,1.06452M,1.761433u
,,1.06454M,1.052104u
,,1.06456M,2.429457u
,,1.06458M,2.852359u
,,1.0646M,3.104661u
,,1.06462M,2.360459u
,,1.06464M,3.751891u
,,1.06466M,4.13349u
,,1.06468M,3.991322u
,,1.0647M,2.562166u
,,1.06472M,1.256099u
,,1.06474M,1.25908u
,,1.06476M,2.257917u
,,1.06478M,2.379928u
,,1.0648M,1.149719u
,,1.06482M,3.138308u
,,1.06484M,5.040614u
,,1.06486M,5.710188u
,,1.06488M,5.699217u
,,1.0649M,4.723518u
,,1.06492M,4.211281u
,,1.06494M,3.775841u
,,1.06496M,1.853821u
,,1.06498M,1.426645u
,,1.065M,1.647281u
,,1.06502M,2.920816u
,,1.06504M,3.29454u
,,1.06506M,1.65221u
,,1.06508M,3.816185u
,,1.0651M,3.262382u
,,1.06512M,557.023n
,,1.06514M,1.570388u
,,1.06516M,1.170086u
,,1.06518M,2.930329u
,,1.0652M,4.643949u
,,1.06522M,4.594286u
,,1.06524M,3.432802u
,,1.06526M,3.18295u
,,1.06528M,3.842933u
,,1.0653M,2.7536u
,,1.06532M,4.177817u
,,1.06534M,4.366399u
,,1.06536M,2.925128u
,,1.06538M,3.006236u
,,1.0654M,1.003781u
,,1.06542M,1.435396u
,,1.06544M,1.970439u
,,1.06546M,2.880713u
,,1.06548M,4.358746u
,,1.0655M,4.990954u
,,1.06552M,4.314663u
,,1.06554M,3.987795u
,,1.06556M,2.687244u
,,1.06558M,2.231199u
,,1.0656M,2.593151u
,,1.06562M,2.516127u
,,1.06564M,1.525925u
,,1.06566M,1.18294u
,,1.06568M,1.507567u
,,1.0657M,2.729713u
,,1.06572M,2.938098u
,,1.06574M,3.916709u
,,1.06576M,3.783118u
,,1.06578M,2.483701u
,,1.0658M,1.493283u
,,1.06582M,1.601889u
,,1.06584M,2.958062u
,,1.06586M,2.766004u
,,1.06588M,1.052247u
,,1.0659M,559.9149n
,,1.06592M,1.251518u
,,1.06594M,3.53481u
,,1.06596M,5.663619u
,,1.06598M,6.120015u
,,1.066M,3.735902u
,,1.06602M,1.191097u
,,1.06604M,1.257513u
,,1.06606M,4.551923u
,,1.06608M,6.609626u
,,1.0661M,5.756433u
,,1.06612M,3.826694u
,,1.06614M,3.02662u
,,1.06616M,3.416604u
,,1.06618M,3.89335u
,,1.0662M,4.353787u
,,1.06622M,3.610705u
,,1.06624M,2.781513u
,,1.06626M,3.354214u
,,1.06628M,3.870219u
,,1.0663M,3.88585u
,,1.06632M,4.759742u
,,1.06634M,3.70868u
,,1.06636M,920.6329n
,,1.06638M,778.04n
,,1.0664M,1.905849u
,,1.06642M,2.946945u
,,1.06644M,3.713988u
,,1.06646M,3.659719u
,,1.06648M,4.136392u
,,1.0665M,6.875776u
,,1.06652M,7.674802u
,,1.06654M,5.730121u
,,1.06656M,4.070928u
,,1.06658M,3.722504u
,,1.0666M,4.48836u
,,1.06662M,4.849843u
,,1.06664M,3.832989u
,,1.06666M,2.967528u
,,1.06668M,2.205875u
,,1.0667M,1.581168u
,,1.06672M,1.152182u
,,1.06674M,1.312529u
,,1.06676M,3.354009u
,,1.06678M,3.576695u
,,1.0668M,3.276472u
,,1.06682M,4.507658u
,,1.06684M,5.280608u
,,1.06686M,4.173058u
,,1.06688M,3.14716u
,,1.0669M,633.8066n
,,1.06692M,1.847708u
,,1.06694M,997.9796n
,,1.06696M,800.5053n
,,1.06698M,1.37189u
,,1.067M,2.653031u
,,1.06702M,1.349764u
,,1.06704M,421.1471n
,,1.06706M,1.005081u
,,1.06708M,3.166956u
,,1.0671M,3.60642u
,,1.06712M,3.570354u
,,1.06714M,4.187949u
,,1.06716M,4.03764u
,,1.06718M,3.116552u
,,1.0672M,3.154066u
,,1.06722M,4.055835u
,,1.06724M,5.290091u
,,1.06726M,5.907708u
,,1.06728M,5.017794u
,,1.0673M,4.569995u
,,1.06732M,4.515274u
,,1.06734M,3.244355u
,,1.06736M,1.684783u
,,1.06738M,3.905562u
,,1.0674M,4.240513u
,,1.06742M,3.649265u
,,1.06744M,4.97846u
,,1.06746M,5.754114u
,,1.06748M,5.220948u
,,1.0675M,5.164553u
,,1.06752M,4.538515u
,,1.06754M,3.406725u
,,1.06756M,2.620928u
,,1.06758M,3.013894u
,,1.0676M,4.686326u
,,1.06762M,6.066264u
,,1.06764M,4.910492u
,,1.06766M,3.268402u
,,1.06768M,3.15652u
,,1.0677M,3.382359u
,,1.06772M,2.414559u
,,1.06774M,2.592373u
,,1.06776M,1.392408u
,,1.06778M,3.861259u
,,1.0678M,3.798963u
,,1.06782M,2.152485u
,,1.06784M,4.137275u
,,1.06786M,4.789764u
,,1.06788M,5.477309u
,,1.0679M,6.598352u
,,1.06792M,7.094589u
,,1.06794M,5.599468u
,,1.06796M,4.704264u
,,1.06798M,5.024077u
,,1.068M,4.631845u
,,1.06802M,4.794911u
,,1.06804M,5.227907u
,,1.06806M,5.381605u
,,1.06808M,5.256332u
,,1.0681M,2.59186u
,,1.06812M,892.2093n
,,1.06814M,579.585n
,,1.06816M,1.676491u
,,1.06818M,3.780416u
,,1.0682M,7.091176u
,,1.06822M,8.834115u
,,1.06824M,7.314784u
,,1.06826M,4.505941u
,,1.06828M,2.944008u
,,1.0683M,4.612866u
,,1.06832M,6.700892u
,,1.06834M,6.368468u
,,1.06836M,4.835865u
,,1.06838M,4.231873u
,,1.0684M,4.365129u
,,1.06842M,4.083771u
,,1.06844M,4.417562u
,,1.06846M,6.237378u
,,1.06848M,8.37582u
,,1.0685M,7.851225u
,,1.06852M,7.361364u
,,1.06854M,6.480879u
,,1.06856M,4.215556u
,,1.06858M,1.846281u
,,1.0686M,2.08364u
,,1.06862M,3.547241u
,,1.06864M,3.003379u
,,1.06866M,1.429556u
,,1.06868M,1.373616u
,,1.0687M,1.727713u
,,1.06872M,4.408431u
,,1.06874M,7.190269u
,,1.06876M,8.174893u
,,1.06878M,7.539777u
,,1.0688M,5.517083u
,,1.06882M,3.035297u
,,1.06884M,4.33748u
,,1.06886M,4.376852u
,,1.06888M,2.886155u
,,1.0689M,2.069205u
,,1.06892M,3.660587u
,,1.06894M,3.662029u
,,1.06896M,3.399903u
,,1.06898M,5.057453u
,,1.069M,7.349893u
,,1.06902M,8.034055u
,,1.06904M,7.230698u
,,1.06906M,6.749845u
,,1.06908M,6.645721u
,,1.0691M,6.517718u
,,1.06912M,6.33812u
,,1.06914M,4.79519u
,,1.06916M,3.039739u
,,1.06918M,3.514497u
,,1.0692M,4.613414u
,,1.06922M,5.305988u
,,1.06924M,6.828392u
,,1.06926M,8.202078u
,,1.06928M,8.992571u
,,1.0693M,8.559157u
,,1.06932M,6.14908u
,,1.06934M,3.194487u
,,1.06936M,3.899313u
,,1.06938M,6.619877u
,,1.0694M,7.501353u
,,1.06942M,7.319721u
,,1.06944M,7.50291u
,,1.06946M,7.374039u
,,1.06948M,6.272644u
,,1.0695M,6.453749u
,,1.06952M,7.932918u
,,1.06954M,7.511853u
,,1.06956M,4.925406u
,,1.06958M,3.022683u
,,1.0696M,2.953108u
,,1.06962M,5.505856u
,,1.06964M,7.493543u
,,1.06966M,6.784004u
,,1.06968M,4.769501u
,,1.0697M,5.089887u
,,1.06972M,6.342266u
,,1.06974M,5.124448u
,,1.06976M,2.885744u
,,1.06978M,2.626282u
,,1.0698M,4.20531u
,,1.06982M,3.950176u
,,1.06984M,3.050216u
,,1.06986M,4.014683u
,,1.06988M,4.840791u
,,1.0699M,5.9679u
,,1.06992M,7.761742u
,,1.06994M,8.225275u
,,1.06996M,6.776878u
,,1.06998M,4.836831u
,,1.07M,2.305416u
,,1.07002M,1.586935u
,,1.07004M,2.595036u
,,1.07006M,3.392583u
,,1.07008M,4.671878u
,,1.0701M,7.203027u
,,1.07012M,8.712021u
,,1.07014M,7.719172u
,,1.07016M,6.769713u
,,1.07018M,6.540097u
,,1.0702M,6.605031u
,,1.07022M,6.969621u
,,1.07024M,6.257527u
,,1.07026M,5.138993u
,,1.07028M,4.277025u
,,1.0703M,6.484677u
,,1.07032M,9.490789u
,,1.07034M,10.13653u
,,1.07036M,8.46072u
,,1.07038M,6.733726u
,,1.0704M,6.578343u
,,1.07042M,7.426092u
,,1.07044M,8.089614u
,,1.07046M,9.181632u
,,1.07048M,9.65652u
,,1.0705M,8.043784u
,,1.07052M,6.152529u
,,1.07054M,5.141916u
,,1.07056M,4.92076u
,,1.07058M,5.264198u
,,1.0706M,5.595229u
,,1.07062M,6.27669u
,,1.07064M,5.771832u
,,1.07066M,4.093412u
,,1.07068M,3.548401u
,,1.0707M,5.176043u
,,1.07072M,8.134625u
,,1.07074M,9.68435u
,,1.07076M,7.849553u
,,1.07078M,4.89223u
,,1.0708M,3.402406u
,,1.07082M,4.556718u
,,1.07084M,4.528521u
,,1.07086M,2.775784u
,,1.07088M,2.851143u
,,1.0709M,5.129991u
,,1.07092M,7.163706u
,,1.07094M,7.865173u
,,1.07096M,8.894928u
,,1.07098M,7.5037u
,,1.071M,5.13021u
,,1.07102M,4.914517u
,,1.07104M,5.207042u
,,1.07106M,4.305352u
,,1.07108M,3.277242u
,,1.0711M,2.842757u
,,1.07112M,4.207002u
,,1.07114M,6.356068u
,,1.07116M,6.625904u
,,1.07118M,6.06047u
,,1.0712M,5.469488u
,,1.07122M,4.583451u
,,1.07124M,4.526635u
,,1.07126M,6.322668u
,,1.07128M,7.638092u
,,1.0713M,7.5576u
,,1.07132M,7.207755u
,,1.07134M,6.538858u
,,1.07136M,6.58937u
,,1.07138M,7.552153u
,,1.0714M,8.380324u
,,1.07142M,7.834965u
,,1.07144M,5.825986u
,,1.07146M,4.040265u
,,1.07148M,3.570234u
,,1.0715M,4.449894u
,,1.07152M,6.079363u
,,1.07154M,5.655278u
,,1.07156M,3.825409u
,,1.07158M,4.494793u
,,1.0716M,4.631342u
,,1.07162M,5.414329u
,,1.07164M,6.813484u
,,1.07166M,6.225559u
,,1.07168M,5.531379u
,,1.0717M,5.400827u
,,1.07172M,4.631616u
,,1.07174M,4.962424u
,,1.07176M,6.054268u
,,1.07178M,4.831733u
,,1.0718M,2.697151u
,,1.07182M,3.612107u
,,1.07184M,4.476331u
,,1.07186M,4.210814u
,,1.07188M,4.853375u
,,1.0719M,5.144038u
,,1.07192M,3.959598u
,,1.07194M,4.001744u
,,1.07196M,5.650044u
,,1.07198M,5.944249u
,,1.072M,5.276898u
,,1.07202M,5.756826u
,,1.07204M,7.356403u
,,1.07206M,7.570222u
,,1.07208M,5.470445u
,,1.0721M,4.842863u
,,1.07212M,5.343199u
,,1.07214M,5.589683u
,,1.07216M,5.674718u
,,1.07218M,4.994655u
,,1.0722M,5.192037u
,,1.07222M,7.112214u
,,1.07224M,7.942304u
,,1.07226M,8.014691u
,,1.07228M,8.654881u
,,1.0723M,9.255885u
,,1.07232M,7.886338u
,,1.07234M,5.264003u
,,1.07236M,4.382269u
,,1.07238M,5.228877u
,,1.0724M,4.620884u
,,1.07242M,2.610783u
,,1.07244M,1.964895u
,,1.07246M,3.481372u
,,1.07248M,5.011102u
,,1.0725M,5.838178u
,,1.07252M,5.692902u
,,1.07254M,6.116364u
,,1.07256M,6.764757u
,,1.07258M,7.349236u
,,1.0726M,8.194045u
,,1.07262M,8.158217u
,,1.07264M,7.857976u
,,1.07266M,7.83475u
,,1.07268M,7.514249u
,,1.0727M,7.503444u
,,1.07272M,6.876112u
,,1.07274M,6.464938u
,,1.07276M,7.625387u
,,1.07278M,8.561436u
,,1.0728M,7.468887u
,,1.07282M,5.638173u
,,1.07284M,4.77568u
,,1.07286M,6.220191u
,,1.07288M,9.257642u
,,1.0729M,10.48413u
,,1.07292M,8.900692u
,,1.07294M,5.573862u
,,1.07296M,4.802213u
,,1.07298M,7.111977u
,,1.073M,8.289781u
,,1.07302M,8.120446u
,,1.07304M,10.32648u
,,1.07306M,12.20106u
,,1.07308M,11.53938u
,,1.0731M,9.753599u
,,1.07312M,6.437289u
,,1.07314M,3.804215u
,,1.07316M,4.229435u
,,1.07318M,6.196397u
,,1.0732M,7.089858u
,,1.07322M,7.712869u
,,1.07324M,7.059219u
,,1.07326M,6.749813u
,,1.07328M,6.844711u
,,1.0733M,5.640643u
,,1.07332M,7.512238u
,,1.07334M,8.727998u
,,1.07336M,7.93464u
,,1.07338M,8.208004u
,,1.0734M,8.783546u
,,1.07342M,7.639491u
,,1.07344M,6.096304u
,,1.07346M,5.196095u
,,1.07348M,4.751661u
,,1.0735M,5.795377u
,,1.07352M,7.667195u
,,1.07354M,8.716346u
,,1.07356M,7.965833u
,,1.07358M,8.38972u
,,1.0736M,9.542829u
,,1.07362M,9.416149u
,,1.07364M,7.734855u
,,1.07366M,5.825543u
,,1.07368M,5.003703u
,,1.0737M,4.950214u
,,1.07372M,4.46841u
,,1.07374M,3.898943u
,,1.07376M,5.368164u
,,1.07378M,7.5428u
,,1.0738M,7.530105u
,,1.07382M,6.326889u
,,1.07384M,5.938659u
,,1.07386M,5.598481u
,,1.07388M,4.095412u
,,1.0739M,3.409314u
,,1.07392M,4.659154u
,,1.07394M,5.099991u
,,1.07396M,5.221603u
,,1.07398M,5.531733u
,,1.074M,4.562757u
,,1.07402M,3.175811u
,,1.07404M,2.69941u
,,1.07406M,3.916459u
,,1.07408M,6.108688u
,,1.0741M,6.536501u
,,1.07412M,4.814803u
,,1.07414M,3.832935u
,,1.07416M,5.853599u
,,1.07418M,7.248675u
,,1.0742M,5.515959u
,,1.07422M,4.00096u
,,1.07424M,5.225447u
,,1.07426M,6.984583u
,,1.07428M,8.824303u
,,1.0743M,10.7001u
,,1.07432M,9.716198u
,,1.07434M,6.825549u
,,1.07436M,6.397518u
,,1.07438M,8.314956u
,,1.0744M,10.70717u
,,1.07442M,11.44153u
,,1.07444M,9.121447u
,,1.07446M,6.209615u
,,1.07448M,5.162771u
,,1.0745M,4.111284u
,,1.07452M,3.109871u
,,1.07454M,4.557603u
,,1.07456M,7.494554u
,,1.07458M,8.851323u
,,1.0746M,6.775811u
,,1.07462M,6.334921u
,,1.07464M,8.683618u
,,1.07466M,9.67577u
,,1.07468M,9.304989u
,,1.0747M,8.16672u
,,1.07472M,6.392217u
,,1.07474M,5.724855u
,,1.07476M,6.107018u
,,1.07478M,7.44094u
,,1.0748M,8.641917u
,,1.07482M,7.182048u
,,1.07484M,4.575694u
,,1.07486M,4.488627u
,,1.07488M,7.209188u
,,1.0749M,9.691833u
,,1.07492M,9.339441u
,,1.07494M,7.787959u
,,1.07496M,8.111141u
,,1.07498M,9.328266u
,,1.075M,8.714019u
,,1.07502M,6.803451u
,,1.07504M,5.225101u
,,1.07506M,5.974582u
,,1.07508M,6.360359u
,,1.0751M,6.170745u
,,1.07512M,6.602902u
,,1.07514M,6.462875u
,,1.07516M,5.884444u
,,1.07518M,5.641834u
,,1.0752M,6.599896u
,,1.07522M,9.040791u
,,1.07524M,10.35801u
,,1.07526M,7.854461u
,,1.07528M,4.459105u
,,1.0753M,3.451391u
,,1.07532M,4.199427u
,,1.07534M,4.607237u
,,1.07536M,3.952714u
,,1.07538M,3.444849u
,,1.0754M,3.96853u
,,1.07542M,6.222332u
,,1.07544M,7.915112u
,,1.07546M,6.646356u
,,1.07548M,3.964515u
,,1.0755M,2.047059u
,,1.07552M,1.92741u
,,1.07554M,3.258531u
,,1.07556M,5.744033u
,,1.07558M,6.821643u
,,1.0756M,7.241649u
,,1.07562M,7.844849u
,,1.07564M,8.771623u
,,1.07566M,9.852228u
,,1.07568M,8.508031u
,,1.0757M,6.374784u
,,1.07572M,6.39447u
,,1.07574M,7.995886u
,,1.07576M,8.284614u
,,1.07578M,7.014396u
,,1.0758M,5.401141u
,,1.07582M,4.896593u
,,1.07584M,6.281849u
,,1.07586M,5.990911u
,,1.07588M,5.113188u
,,1.0759M,4.739548u
,,1.07592M,2.917334u
,,1.07594M,1.312513u
,,1.07596M,912.2898n
,,1.07598M,2.923045u
,,1.076M,3.810297u
,,1.07602M,4.823531u
,,1.07604M,4.994045u
,,1.07606M,4.639426u
,,1.07608M,4.309714u
,,1.0761M,4.332936u
,,1.07612M,4.753911u
,,1.07614M,4.227482u
,,1.07616M,3.351784u
,,1.07618M,4.96131u
,,1.0762M,7.017992u
,,1.07622M,6.461021u
,,1.07624M,6.146863u
,,1.07626M,7.139812u
,,1.07628M,6.752508u
,,1.0763M,7.532224u
,,1.07632M,7.858352u
,,1.07634M,7.384309u
,,1.07636M,7.489371u
,,1.07638M,7.688535u
,,1.0764M,6.882207u
,,1.07642M,6.661575u
,,1.07644M,5.01006u
,,1.07646M,2.953537u
,,1.07648M,3.159027u
,,1.0765M,3.423966u
,,1.07652M,4.919794u
,,1.07654M,5.294167u
,,1.07656M,4.251945u
,,1.07658M,4.754684u
,,1.0766M,3.774871u
,,1.07662M,2.694761u
,,1.07664M,2.943039u
,,1.07666M,3.859531u
,,1.07668M,5.212997u
,,1.0767M,5.511751u
,,1.07672M,4.640748u
,,1.07674M,4.264352u
,,1.07676M,4.63685u
,,1.07678M,4.096044u
,,1.0768M,4.329079u
,,1.07682M,4.694086u
,,1.07684M,3.773757u
,,1.07686M,2.908648u
,,1.07688M,3.045234u
,,1.0769M,3.496923u
,,1.07692M,3.567494u
,,1.07694M,2.251683u
,,1.07696M,1.665583u
,,1.07698M,3.164695u
,,1.077M,5.420469u
,,1.07702M,7.036688u
,,1.07704M,7.37073u
,,1.07706M,7.537404u
,,1.07708M,8.239949u
,,1.0771M,8.564204u
,,1.07712M,9.008466u
,,1.07714M,9.651233u
,,1.07716M,9.577052u
,,1.07718M,9.752359u
,,1.0772M,9.304426u
,,1.07722M,6.713538u
,,1.07724M,4.507393u
,,1.07726M,5.126711u
,,1.07728M,6.27862u
,,1.0773M,4.744145u
,,1.07732M,2.436378u
,,1.07734M,2.064147u
,,1.07736M,2.577463u
,,1.07738M,2.360937u
,,1.0774M,3.232395u
,,1.07742M,5.01761u
,,1.07744M,4.593566u
,,1.07746M,2.389248u
,,1.07748M,1.698912u
,,1.0775M,2.523382u
,,1.07752M,4.75103u
,,1.07754M,6.365973u
,,1.07756M,6.575798u
,,1.07758M,6.505248u
,,1.0776M,5.802944u
,,1.07762M,5.748268u
,,1.07764M,6.563936u
,,1.07766M,6.796046u
,,1.07768M,7.355284u
,,1.0777M,6.863942u
,,1.07772M,4.237182u
,,1.07774M,3.732263u
,,1.07776M,5.039358u
,,1.07778M,4.697962u
,,1.0778M,3.266354u
,,1.07782M,2.602482u
,,1.07784M,2.727418u
,,1.07786M,3.444756u
,,1.07788M,5.37182u
,,1.0779M,6.443542u
,,1.07792M,7.246799u
,,1.07794M,7.475265u
,,1.07796M,7.749525u
,,1.07798M,7.368042u
,,1.078M,4.446138u
,,1.07802M,3.5048u
,,1.07804M,4.998407u
,,1.07806M,4.636488u
,,1.07808M,4.702052u
,,1.0781M,4.633603u
,,1.07812M,2.184759u
,,1.07814M,461.4305n
,,1.07816M,1.82682u
,,1.07818M,3.209026u
,,1.0782M,4.986731u
,,1.07822M,7.553895u
,,1.07824M,8.110469u
,,1.07826M,5.728627u
,,1.07828M,3.927763u
,,1.0783M,3.3994u
,,1.07832M,3.28876u
,,1.07834M,4.389363u
,,1.07836M,4.925342u
,,1.07838M,4.51158u
,,1.0784M,4.688827u
,,1.07842M,5.655393u
,,1.07844M,6.606809u
,,1.07846M,6.978u
,,1.07848M,6.458983u
,,1.0785M,4.871221u
,,1.07852M,3.956846u
,,1.07854M,5.227014u
,,1.07856M,6.401526u
,,1.07858M,6.316023u
,,1.0786M,6.631211u
,,1.07862M,7.632726u
,,1.07864M,8.885523u
,,1.07866M,8.705685u
,,1.07868M,7.725337u
,,1.0787M,7.79142u
,,1.07872M,8.00776u
,,1.07874M,6.7707u
,,1.07876M,4.023606u
,,1.07878M,4.373184u
,,1.0788M,4.566648u
,,1.07882M,5.529605u
,,1.07884M,5.927416u
,,1.07886M,5.593185u
,,1.07888M,7.37977u
,,1.0789M,9.239948u
,,1.07892M,8.332136u
,,1.07894M,6.281867u
,,1.07896M,5.260255u
,,1.07898M,4.862209u
,,1.079M,4.505074u
,,1.07902M,4.66968u
,,1.07904M,5.935448u
,,1.07906M,7.206361u
,,1.07908M,6.722886u
,,1.0791M,6.509153u
,,1.07912M,7.331548u
,,1.07914M,6.426697u
,,1.07916M,3.619116u
,,1.07918M,3.559443u
,,1.0792M,5.6795u
,,1.07922M,6.293536u
,,1.07924M,6.123392u
,,1.07926M,5.892518u
,,1.07928M,6.000371u
,,1.0793M,5.791493u
,,1.07932M,5.07879u
,,1.07934M,5.543477u
,,1.07936M,7.718401u
,,1.07938M,8.635271u
,,1.0794M,7.083823u
,,1.07942M,5.064585u
,,1.07944M,3.132216u
,,1.07946M,2.950897u
,,1.07948M,4.377648u
,,1.0795M,4.183242u
,,1.07952M,3.918757u
,,1.07954M,3.693393u
,,1.07956M,3.84518u
,,1.07958M,5.210308u
,,1.0796M,7.328412u
,,1.07962M,7.495949u
,,1.07964M,6.025426u
,,1.07966M,3.796158u
,,1.07968M,3.91178u
,,1.0797M,4.683355u
,,1.07972M,4.76022u
,,1.07974M,5.571793u
,,1.07976M,7.90728u
,,1.07978M,9.723894u
,,1.0798M,9.910852u
,,1.07982M,9.024655u
,,1.07984M,7.341009u
,,1.07986M,4.755895u
,,1.07988M,2.737294u
,,1.0799M,3.704798u
,,1.07992M,3.962403u
,,1.07994M,1.961993u
,,1.07996M,2.385562u
,,1.07998M,3.276277u
,,1.08M,2.520746u
,,1.08002M,2.882874u
,,1.08004M,2.628585u
,,1.08006M,3.056164u
,,1.08008M,4.431012u
,,1.0801M,4.686511u
,,1.08012M,4.618806u
,,1.08014M,5.451379u
,,1.08016M,6.308207u
,,1.08018M,7.123936u
,,1.0802M,7.402961u
,,1.08022M,7.068182u
,,1.08024M,6.913717u
,,1.08026M,7.315369u
,,1.08028M,7.625178u
,,1.0803M,6.85854u
,,1.08032M,5.738514u
,,1.08034M,3.828494u
,,1.08036M,3.804976u
,,1.08038M,6.399903u
,,1.0804M,7.792543u
,,1.08042M,7.158017u
,,1.08044M,5.139085u
,,1.08046M,5.068678u
,,1.08048M,8.152575u
,,1.0805M,10.10232u
,,1.08052M,9.695215u
,,1.08054M,7.651287u
,,1.08056M,4.944318u
,,1.08058M,3.443365u
,,1.0806M,4.081556u
,,1.08062M,5.209051u
,,1.08064M,5.981866u
,,1.08066M,5.918578u
,,1.08068M,4.312486u
,,1.0807M,3.96903u
,,1.08072M,4.926793u
,,1.08074M,4.632047u
,,1.08076M,3.008011u
,,1.08078M,1.721519u
,,1.0808M,2.473004u
,,1.08082M,3.678067u
,,1.08084M,4.940931u
,,1.08086M,5.210208u
,,1.08088M,4.378307u
,,1.0809M,4.41378u
,,1.08092M,5.444137u
,,1.08094M,6.450664u
,,1.08096M,6.444598u
,,1.08098M,6.150086u
,,1.081M,6.674716u
,,1.08102M,6.358115u
,,1.08104M,6.137646u
,,1.08106M,6.510077u
,,1.08108M,7.068279u
,,1.0811M,7.496583u
,,1.08112M,9.576285u
,,1.08114M,10.29613u
,,1.08116M,9.591955u
,,1.08118M,9.433166u
,,1.0812M,8.728945u
,,1.08122M,7.436606u
,,1.08124M,5.468389u
,,1.08126M,4.201363u
,,1.08128M,4.201979u
,,1.0813M,4.245823u
,,1.08132M,4.569871u
,,1.08134M,5.158002u
,,1.08136M,4.949397u
,,1.08138M,5.441787u
,,1.0814M,5.494987u
,,1.08142M,4.122287u
,,1.08144M,2.621558u
,,1.08146M,2.108169u
,,1.08148M,3.418299u
,,1.0815M,4.251756u
,,1.08152M,4.663539u
,,1.08154M,7.414672u
,,1.08156M,9.911073u
,,1.08158M,9.206075u
,,1.0816M,6.540239u
,,1.08162M,4.036227u
,,1.08164M,2.383713u
,,1.08166M,2.061434u
,,1.08168M,2.265564u
,,1.0817M,2.578703u
,,1.08172M,3.85238u
,,1.08174M,4.594143u
,,1.08176M,4.511977u
,,1.08178M,4.491273u
,,1.0818M,4.707593u
,,1.08182M,5.860867u
,,1.08184M,7.227522u
,,1.08186M,7.79713u
,,1.08188M,6.7612u
,,1.0819M,5.661438u
,,1.08192M,5.432779u
,,1.08194M,5.118523u
,,1.08196M,4.954345u
,,1.08198M,5.40485u
,,1.082M,5.680434u
,,1.08202M,5.702638u
,,1.08204M,5.831095u
,,1.08206M,6.43133u
,,1.08208M,6.185363u
,,1.0821M,5.282805u
,,1.08212M,3.81766u
,,1.08214M,1.321788u
,,1.08216M,994.4956n
,,1.08218M,648.5074n
,,1.0822M,3.482181u
,,1.08222M,3.739693u
,,1.08224M,3.807998u
,,1.08226M,4.373178u
,,1.08228M,2.804993u
,,1.0823M,1.674533u
,,1.08232M,3.412127u
,,1.08234M,4.346152u
,,1.08236M,5.449766u
,,1.08238M,5.450729u
,,1.0824M,4.772417u
,,1.08242M,3.966068u
,,1.08244M,3.022989u
,,1.08246M,3.152837u
,,1.08248M,5.893993u
,,1.0825M,8.382298u
,,1.08252M,8.543319u
,,1.08254M,6.96939u
,,1.08256M,4.601839u
,,1.08258M,1.96u
,,1.0826M,4.850772u
,,1.08262M,7.876374u
,,1.08264M,8.513318u
,,1.08266M,8.259185u
,,1.08268M,7.88102u
,,1.0827M,7.012081u
,,1.08272M,5.297859u
,,1.08274M,3.234599u
,,1.08276M,2.610905u
,,1.08278M,3.400779u
,,1.0828M,4.96963u
,,1.08282M,6.505143u
,,1.08284M,6.117387u
,,1.08286M,4.949077u
,,1.08288M,5.377267u
,,1.0829M,5.646413u
,,1.08292M,3.358522u
,,1.08294M,1.808049u
,,1.08296M,3.240346u
,,1.08298M,5.238256u
,,1.083M,5.565905u
,,1.08302M,5.113928u
,,1.08304M,4.105231u
,,1.08306M,3.236452u
,,1.08308M,4.29624u
,,1.0831M,5.539887u
,,1.08312M,4.872147u
,,1.08314M,4.187173u
,,1.08316M,6.066221u
,,1.08318M,8.36774u
,,1.0832M,10.41293u
,,1.08322M,11.18386u
,,1.08324M,9.261208u
,,1.08326M,5.723218u
,,1.08328M,4.014693u
,,1.0833M,3.952763u
,,1.08332M,4.870866u
,,1.08334M,6.202211u
,,1.08336M,5.343308u
,,1.08338M,4.450831u
,,1.0834M,4.378367u
,,1.08342M,3.651575u
,,1.08344M,2.654502u
,,1.08346M,2.671374u
,,1.08348M,2.740558u
,,1.0835M,3.243811u
,,1.08352M,3.997582u
,,1.08354M,5.115523u
,,1.08356M,5.943034u
,,1.08358M,5.488641u
,,1.0836M,5.57446u
,,1.08362M,7.397987u
,,1.08364M,7.766222u
,,1.08366M,6.344327u
,,1.08368M,4.550325u
,,1.0837M,3.667634u
,,1.08372M,5.138656u
,,1.08374M,5.867679u
,,1.08376M,5.476714u
,,1.08378M,3.95813u
,,1.0838M,3.1324u
,,1.08382M,3.771347u
,,1.08384M,5.203616u
,,1.08386M,5.196771u
,,1.08388M,5.528366u
,,1.0839M,6.525175u
,,1.08392M,8.599534u
,,1.08394M,10.59232u
,,1.08396M,9.806751u
,,1.08398M,5.861227u
,,1.084M,2.956563u
,,1.08402M,2.844857u
,,1.08404M,4.90098u
,,1.08406M,6.457475u
,,1.08408M,7.549095u
,,1.0841M,7.941595u
,,1.08412M,6.546696u
,,1.08414M,6.21641u
,,1.08416M,8.564282u
,,1.08418M,9.859753u
,,1.0842M,8.839164u
,,1.08422M,8.3896u
,,1.08424M,9.020788u
,,1.08426M,8.37669u
,,1.08428M,6.638001u
,,1.0843M,6.719891u
,,1.08432M,8.591902u
,,1.08434M,9.850266u
,,1.08436M,9.734418u
,,1.08438M,9.204913u
,,1.0844M,10.42511u
,,1.08442M,11.41641u
,,1.08444M,10.26342u
,,1.08446M,8.923648u
,,1.08448M,7.843861u
,,1.0845M,7.951252u
,,1.08452M,9.128338u
,,1.08454M,8.868483u
,,1.08456M,7.167709u
,,1.08458M,5.498267u
,,1.0846M,4.692192u
,,1.08462M,3.76763u
,,1.08464M,3.644443u
,,1.08466M,5.463777u
,,1.08468M,7.037499u
,,1.0847M,6.438382u
,,1.08472M,4.949892u
,,1.08474M,6.44496u
,,1.08476M,8.590504u
,,1.08478M,7.748229u
,,1.0848M,5.727836u
,,1.08482M,4.143625u
,,1.08484M,4.073886u
,,1.08486M,4.772791u
,,1.08488M,5.99454u
,,1.0849M,7.081217u
,,1.08492M,7.352745u
,,1.08494M,7.042974u
,,1.08496M,7.370594u
,,1.08498M,7.499574u
,,1.085M,6.067705u
,,1.08502M,4.646984u
,,1.08504M,3.50203u
,,1.08506M,3.200223u
,,1.08508M,4.605668u
,,1.0851M,6.861237u
,,1.08512M,7.68869u
,,1.08514M,7.182531u
,,1.08516M,6.951861u
,,1.08518M,7.002404u
,,1.0852M,9.550707u
,,1.08522M,11.20908u
,,1.08524M,10.04708u
,,1.08526M,9.029389u
,,1.08528M,9.015346u
,,1.0853M,7.248606u
,,1.08532M,6.18457u
,,1.08534M,9.055383u
,,1.08536M,11.63146u
,,1.08538M,10.70438u
,,1.0854M,8.673957u
,,1.08542M,7.92917u
,,1.08544M,8.478473u
,,1.08546M,9.692244u
,,1.08548M,11.05494u
,,1.0855M,11.54657u
,,1.08552M,9.931824u
,,1.08554M,7.520344u
,,1.08556M,6.863114u
,,1.08558M,6.545242u
,,1.0856M,7.430454u
,,1.08562M,7.024363u
,,1.08564M,5.386323u
,,1.08566M,6.772721u
,,1.08568M,7.910587u
,,1.0857M,5.765542u
,,1.08572M,3.861836u
,,1.08574M,4.960712u
,,1.08576M,8.245759u
,,1.08578M,11.02963u
,,1.0858M,10.30999u
,,1.08582M,6.45122u
,,1.08584M,3.515756u
,,1.08586M,3.320446u
,,1.08588M,4.394746u
,,1.0859M,4.127914u
,,1.08592M,3.719419u
,,1.08594M,4.896145u
,,1.08596M,6.456014u
,,1.08598M,6.568296u
,,1.086M,6.146709u
,,1.08602M,6.389947u
,,1.08604M,6.502864u
,,1.08606M,7.816487u
,,1.08608M,8.537611u
,,1.0861M,6.244006u
,,1.08612M,3.881382u
,,1.08614M,3.750041u
,,1.08616M,5.183571u
,,1.08618M,8.092497u
,,1.0862M,11.09936u
,,1.08622M,11.28701u
,,1.08624M,9.358713u
,,1.08626M,7.584623u
,,1.08628M,7.018548u
,,1.0863M,8.360844u
,,1.08632M,9.141467u
,,1.08634M,9.806998u
,,1.08636M,10.7119u
,,1.08638M,11.29573u
,,1.0864M,11.72921u
,,1.08642M,10.80311u
,,1.08644M,8.070295u
,,1.08646M,5.720508u
,,1.08648M,6.009538u
,,1.0865M,6.790426u
,,1.08652M,7.885132u
,,1.08654M,10.17071u
,,1.08656M,10.67003u
,,1.08658M,9.258006u
,,1.0866M,9.573632u
,,1.08662M,10.64957u
,,1.08664M,9.870957u
,,1.08666M,9.357963u
,,1.08668M,11.43612u
,,1.0867M,13.39054u
,,1.08672M,12.637u
,,1.08674M,10.04568u
,,1.08676M,7.853859u
,,1.08678M,7.587289u
,,1.0868M,8.561866u
,,1.08682M,9.37793u
,,1.08684M,10.11586u
,,1.08686M,10.9446u
,,1.08688M,10.74735u
,,1.0869M,8.597399u
,,1.08692M,6.351615u
,,1.08694M,6.626719u
,,1.08696M,7.743402u
,,1.08698M,8.589207u
,,1.087M,10.23193u
,,1.08702M,11.21812u
,,1.08704M,9.31628u
,,1.08706M,6.223754u
,,1.08708M,6.207422u
,,1.0871M,9.202958u
,,1.08712M,11.36902u
,,1.08714M,10.6445u
,,1.08716M,8.382493u
,,1.08718M,7.709403u
,,1.0872M,8.9958u
,,1.08722M,9.889082u
,,1.08724M,7.439674u
,,1.08726M,4.31022u
,,1.08728M,5.430978u
,,1.0873M,8.612432u
,,1.08732M,9.870558u
,,1.08734M,9.641936u
,,1.08736M,8.236561u
,,1.08738M,5.531598u
,,1.0874M,4.322712u
,,1.08742M,5.469514u
,,1.08744M,6.893551u
,,1.08746M,7.525894u
,,1.08748M,7.097601u
,,1.0875M,6.534746u
,,1.08752M,5.81588u
,,1.08754M,4.746724u
,,1.08756M,6.232014u
,,1.08758M,8.00928u
,,1.0876M,8.394846u
,,1.08762M,9.988836u
,,1.08764M,11.26034u
,,1.08766M,10.51088u
,,1.08768M,9.506939u
,,1.0877M,8.64275u
,,1.08772M,7.30416u
,,1.08774M,6.173939u
,,1.08776M,5.079342u
,,1.08778M,4.600222u
,,1.0878M,4.220492u
,,1.08782M,4.812199u
,,1.08784M,5.449038u
,,1.08786M,6.469549u
,,1.08788M,8.550209u
,,1.0879M,9.249292u
,,1.08792M,8.19642u
,,1.08794M,7.422979u
,,1.08796M,6.983412u
,,1.08798M,6.850188u
,,1.088M,7.82827u
,,1.08802M,8.559164u
,,1.08804M,8.436516u
,,1.08806M,8.970206u
,,1.08808M,9.992266u
,,1.0881M,11.27309u
,,1.08812M,10.88378u
,,1.08814M,8.409116u
,,1.08816M,6.403485u
,,1.08818M,5.741783u
,,1.0882M,6.568463u
,,1.08822M,7.941274u
,,1.08824M,9.222696u
,,1.08826M,9.303208u
,,1.08828M,8.020918u
,,1.0883M,5.813424u
,,1.08832M,3.209532u
,,1.08834M,1.016144u
,,1.08836M,2.207385u
,,1.08838M,4.545618u
,,1.0884M,6.735042u
,,1.08842M,7.597315u
,,1.08844M,7.292005u
,,1.08846M,6.175399u
,,1.08848M,5.681638u
,,1.0885M,5.799212u
,,1.08852M,5.063309u
,,1.08854M,4.676255u
,,1.08856M,4.277435u
,,1.08858M,5.501267u
,,1.0886M,7.92015u
,,1.08862M,9.737148u
,,1.08864M,10.05797u
,,1.08866M,7.962546u
,,1.08868M,5.38955u
,,1.0887M,4.054524u
,,1.08872M,4.29743u
,,1.08874M,5.11281u
,,1.08876M,6.091205u
,,1.08878M,7.532461u
,,1.0888M,7.92276u
,,1.08882M,5.900146u
,,1.08884M,3.652502u
,,1.08886M,2.352883u
,,1.08888M,2.322971u
,,1.0889M,3.415895u
,,1.08892M,5.244865u
,,1.08894M,4.427742u
,,1.08896M,3.10113u
,,1.08898M,3.368263u
,,1.089M,3.542958u
,,1.08902M,3.881716u
,,1.08904M,4.572878u
,,1.08906M,4.636447u
,,1.08908M,4.366738u
,,1.0891M,4.949067u
,,1.08912M,5.74962u
,,1.08914M,5.18712u
,,1.08916M,4.007281u
,,1.08918M,2.82714u
,,1.0892M,2.450269u
,,1.08922M,3.190113u
,,1.08924M,3.871607u
,,1.08926M,4.704665u
,,1.08928M,5.991638u
,,1.0893M,5.658008u
,,1.08932M,5.484144u
,,1.08934M,6.546365u
,,1.08936M,6.655139u
,,1.08938M,6.139984u
,,1.0894M,7.147088u
,,1.08942M,8.150129u
,,1.08944M,8.681588u
,,1.08946M,8.620228u
,,1.08948M,6.726484u
,,1.0895M,4.042469u
,,1.08952M,4.220123u
,,1.08954M,5.876028u
,,1.08956M,5.214735u
,,1.08958M,6.541312u
,,1.0896M,9.107798u
,,1.08962M,8.832866u
,,1.08964M,8.025272u
,,1.08966M,9.076769u
,,1.08968M,10.64113u
,,1.0897M,10.22009u
,,1.08972M,8.195213u
,,1.08974M,7.24565u
,,1.08976M,6.7518u
,,1.08978M,5.987746u
,,1.0898M,6.540215u
,,1.08982M,7.631052u
,,1.08984M,7.849668u
,,1.08986M,7.617646u
,,1.08988M,7.428071u
,,1.0899M,7.199781u
,,1.08992M,8.037774u
,,1.08994M,8.967252u
,,1.08996M,6.835713u
,,1.08998M,3.376633u
,,1.09M,1.894006u
,,1.09002M,3.344697u
,,1.09004M,4.907911u
,,1.09006M,4.971526u
,,1.09008M,4.878027u
,,1.0901M,5.00424u
,,1.09012M,4.491615u
,,1.09014M,4.219053u
,,1.09016M,5.962954u
,,1.09018M,6.291048u
,,1.0902M,5.271366u
,,1.09022M,5.747342u
,,1.09024M,7.080872u
,,1.09026M,8.118642u
,,1.09028M,7.110856u
,,1.0903M,4.619497u
,,1.09032M,4.185674u
,,1.09034M,5.28358u
,,1.09036M,6.216946u
,,1.09038M,5.807177u
,,1.0904M,6.056895u
,,1.09042M,6.396522u
,,1.09044M,5.60262u
,,1.09046M,7.354581u
,,1.09048M,9.244656u
,,1.0905M,8.607983u
,,1.09052M,5.749439u
,,1.09054M,4.813498u
,,1.09056M,5.030845u
,,1.09058M,4.30297u
,,1.0906M,3.319958u
,,1.09062M,3.108329u
,,1.09064M,3.870176u
,,1.09066M,3.92621u
,,1.09068M,2.92433u
,,1.0907M,2.406062u
,,1.09072M,2.497789u
,,1.09074M,4.065459u
,,1.09076M,5.743029u
,,1.09078M,7.155218u
,,1.0908M,8.545411u
,,1.09082M,9.822052u
,,1.09084M,8.988938u
,,1.09086M,5.797786u
,,1.09088M,4.663114u
,,1.0909M,7.412568u
,,1.09092M,10.63173u
,,1.09094M,10.87824u
,,1.09096M,8.818899u
,,1.09098M,6.78065u
,,1.091M,6.881054u
,,1.09102M,6.846872u
,,1.09104M,4.46211u
,,1.09106M,5.760165u
,,1.09108M,6.200492u
,,1.0911M,6.042769u
,,1.09112M,5.326751u
,,1.09114M,4.183534u
,,1.09116M,5.029493u
,,1.09118M,6.749827u
,,1.0912M,6.69224u
,,1.09122M,6.396408u
,,1.09124M,5.852731u
,,1.09126M,4.832339u
,,1.09128M,3.272883u
,,1.0913M,3.077442u
,,1.09132M,3.416887u
,,1.09134M,4.255473u
,,1.09136M,5.564872u
,,1.09138M,7.135315u
,,1.0914M,7.770882u
,,1.09142M,7.028459u
,,1.09144M,6.008632u
,,1.09146M,5.910675u
,,1.09148M,5.68327u
,,1.0915M,4.757101u
,,1.09152M,4.458294u
,,1.09154M,4.566595u
,,1.09156M,5.070675u
,,1.09158M,5.149862u
,,1.0916M,4.036818u
,,1.09162M,2.789885u
,,1.09164M,2.860699u
,,1.09166M,3.503695u
,,1.09168M,3.747002u
,,1.0917M,3.865033u
,,1.09172M,2.480768u
,,1.09174M,2.547858u
,,1.09176M,4.548485u
,,1.09178M,5.754936u
,,1.0918M,4.371335u
,,1.09182M,3.311856u
,,1.09184M,3.263719u
,,1.09186M,4.294631u
,,1.09188M,7.292577u
,,1.0919M,10.13966u
,,1.09192M,10.60794u
,,1.09194M,8.166199u
,,1.09196M,5.284569u
,,1.09198M,4.020387u
,,1.092M,3.825191u
,,1.09202M,3.455697u
,,1.09204M,5.645149u
,,1.09206M,7.488717u
,,1.09208M,9.617159u
,,1.0921M,10.72246u
,,1.09212M,11.47413u
,,1.09214M,10.39226u
,,1.09216M,7.817968u
,,1.09218M,7.08868u
,,1.0922M,7.491346u
,,1.09222M,7.498517u
,,1.09224M,6.7693u
,,1.09226M,4.769801u
,,1.09228M,3.638053u
,,1.0923M,4.781608u
,,1.09232M,7.387629u
,,1.09234M,7.839671u
,,1.09236M,6.737388u
,,1.09238M,7.689101u
,,1.0924M,9.501293u
,,1.09242M,9.614012u
,,1.09244M,7.83186u
,,1.09246M,4.609594u
,,1.09248M,2.467717u
,,1.0925M,3.152462u
,,1.09252M,4.883891u
,,1.09254M,5.633491u
,,1.09256M,5.894952u
,,1.09258M,7.245124u
,,1.0926M,8.576413u
,,1.09262M,9.121723u
,,1.09264M,9.845255u
,,1.09266M,9.492588u
,,1.09268M,8.404493u
,,1.0927M,7.552008u
,,1.09272M,6.693378u
,,1.09274M,6.548764u
,,1.09276M,6.809351u
,,1.09278M,6.555625u
,,1.0928M,5.439654u
,,1.09282M,4.168701u
,,1.09284M,4.085611u
,,1.09286M,4.76999u
,,1.09288M,5.509942u
,,1.0929M,6.751644u
,,1.09292M,7.667157u
,,1.09294M,7.962435u
,,1.09296M,7.962728u
,,1.09298M,7.429895u
,,1.093M,6.540556u
,,1.09302M,8.120553u
,,1.09304M,10.08285u
,,1.09306M,9.18923u
,,1.09308M,7.46961u
,,1.0931M,8.682391u
,,1.09312M,11.10184u
,,1.09314M,10.72022u
,,1.09316M,7.820109u
,,1.09318M,5.554576u
,,1.0932M,5.028793u
,,1.09322M,5.23771u
,,1.09324M,5.68722u
,,1.09326M,6.259352u
,,1.09328M,5.994964u
,,1.0933M,5.800429u
,,1.09332M,6.550174u
,,1.09334M,6.569974u
,,1.09336M,5.428892u
,,1.09338M,4.17829u
,,1.0934M,3.309434u
,,1.09342M,3.341131u
,,1.09344M,4.027153u
,,1.09346M,5.171322u
,,1.09348M,6.501447u
,,1.0935M,7.871839u
,,1.09352M,9.014994u
,,1.09354M,9.678851u
,,1.09356M,8.938611u
,,1.09358M,5.647317u
,,1.0936M,2.132316u
,,1.09362M,857.7345n
,,1.09364M,1.762258u
,,1.09366M,3.445661u
,,1.09368M,3.770164u
,,1.0937M,4.398455u
,,1.09372M,5.690657u
,,1.09374M,5.676359u
,,1.09376M,5.621389u
,,1.09378M,5.744622u
,,1.0938M,6.240651u
,,1.09382M,7.628513u
,,1.09384M,8.175859u
,,1.09386M,7.678148u
,,1.09388M,8.379309u
,,1.0939M,9.838075u
,,1.09392M,8.956841u
,,1.09394M,6.331923u
,,1.09396M,5.172299u
,,1.09398M,4.923908u
,,1.094M,4.450746u
,,1.09402M,4.411139u
,,1.09404M,4.844524u
,,1.09406M,4.791527u
,,1.09408M,5.029001u
,,1.0941M,5.520094u
,,1.09412M,5.489987u
,,1.09414M,4.843479u
,,1.09416M,5.328287u
,,1.09418M,6.473561u
,,1.0942M,7.941367u
,,1.09422M,8.615586u
,,1.09424M,8.047451u
,,1.09426M,6.718433u
,,1.09428M,4.993862u
,,1.0943M,4.255626u
,,1.09432M,4.599708u
,,1.09434M,4.201369u
,,1.09436M,3.13286u
,,1.09438M,2.837581u
,,1.0944M,4.774782u
,,1.09442M,6.428309u
,,1.09444M,6.552491u
,,1.09446M,5.265562u
,,1.09448M,4.525443u
,,1.0945M,5.950558u
,,1.09452M,7.585562u
,,1.09454M,8.399261u
,,1.09456M,7.938424u
,,1.09458M,6.480305u
,,1.0946M,7.079646u
,,1.09462M,6.920478u
,,1.09464M,5.723074u
,,1.09466M,6.10878u
,,1.09468M,8.523553u
,,1.0947M,9.853486u
,,1.09472M,8.975427u
,,1.09474M,7.184151u
,,1.09476M,6.706865u
,,1.09478M,7.817686u
,,1.0948M,9.3357u
,,1.09482M,9.560607u
,,1.09484M,8.175445u
,,1.09486M,7.15154u
,,1.09488M,6.090915u
,,1.0949M,5.109635u
,,1.09492M,6.583523u
,,1.09494M,8.626764u
,,1.09496M,7.547552u
,,1.09498M,5.506095u
,,1.095M,6.481754u
,,1.09502M,8.622026u
,,1.09504M,7.495638u
,,1.09506M,6.126083u
,,1.09508M,6.746258u
,,1.0951M,6.621565u
,,1.09512M,6.39122u
,,1.09514M,6.824691u
,,1.09516M,5.380391u
,,1.09518M,2.604564u
,,1.0952M,1.650266u
,,1.09522M,1.412996u
,,1.09524M,2.957251u
,,1.09526M,4.524492u
,,1.09528M,3.175304u
,,1.0953M,2.491427u
,,1.09532M,3.91394u
,,1.09534M,5.076712u
,,1.09536M,5.232738u
,,1.09538M,4.950482u
,,1.0954M,4.772069u
,,1.09542M,6.357559u
,,1.09544M,7.409534u
,,1.09546M,7.026495u
,,1.09548M,7.129042u
,,1.0955M,7.62198u
,,1.09552M,7.209795u
,,1.09554M,6.235597u
,,1.09556M,6.090586u
,,1.09558M,7.401328u
,,1.0956M,8.052006u
,,1.09562M,9.198251u
,,1.09564M,11.05291u
,,1.09566M,11.05023u
,,1.09568M,9.105929u
,,1.0957M,6.189561u
,,1.09572M,4.103753u
,,1.09574M,4.597355u
,,1.09576M,5.284289u
,,1.09578M,4.954966u
,,1.0958M,4.953369u
,,1.09582M,3.888233u
,,1.09584M,1.703019u
,,1.09586M,471.4404n
,,1.09588M,2.068608u
,,1.0959M,2.992289u
,,1.09592M,3.144802u
,,1.09594M,3.240292u
,,1.09596M,3.865735u
,,1.09598M,3.850606u
,,1.096M,4.163404u
,,1.09602M,4.868611u
,,1.09604M,5.149616u
,,1.09606M,4.733413u
,,1.09608M,5.160719u
,,1.0961M,4.478892u
,,1.09612M,4.133345u
,,1.09614M,6.006169u
,,1.09616M,6.443999u
,,1.09618M,4.190889u
,,1.0962M,3.96512u
,,1.09622M,5.907272u
,,1.09624M,6.626778u
,,1.09626M,6.259573u
,,1.09628M,6.637502u
,,1.0963M,7.226623u
,,1.09632M,7.575768u
,,1.09634M,7.302497u
,,1.09636M,6.208249u
,,1.09638M,4.537414u
,,1.0964M,3.664365u
,,1.09642M,4.367676u
,,1.09644M,5.016943u
,,1.09646M,4.897824u
,,1.09648M,4.313141u
,,1.0965M,4.093189u
,,1.09652M,5.501503u
,,1.09654M,6.373121u
,,1.09656M,5.838788u
,,1.09658M,4.925311u
,,1.0966M,3.42833u
,,1.09662M,2.845586u
,,1.09664M,3.976465u
,,1.09666M,4.666607u
,,1.09668M,4.718427u
,,1.0967M,5.095177u
,,1.09672M,5.807717u
,,1.09674M,5.922456u
,,1.09676M,5.550031u
,,1.09678M,4.730248u
,,1.0968M,3.609762u
,,1.09682M,3.348884u
,,1.09684M,3.692785u
,,1.09686M,3.749142u
,,1.09688M,3.781656u
,,1.0969M,3.854587u
,,1.09692M,3.915384u
,,1.09694M,3.915214u
,,1.09696M,4.014785u
,,1.09698M,3.785176u
,,1.097M,3.481438u
,,1.09702M,4.131237u
,,1.09704M,4.672483u
,,1.09706M,4.647668u
,,1.09708M,5.284394u
,,1.0971M,5.972663u
,,1.09712M,7.50091u
,,1.09714M,8.464429u
,,1.09716M,7.860209u
,,1.09718M,5.70454u
,,1.0972M,4.258999u
,,1.09722M,4.051211u
,,1.09724M,4.825844u
,,1.09726M,4.78541u
,,1.09728M,3.281224u
,,1.0973M,2.271087u
,,1.09732M,2.97943u
,,1.09734M,4.348625u
,,1.09736M,6.358856u
,,1.09738M,6.528745u
,,1.0974M,5.654585u
,,1.09742M,5.620589u
,,1.09744M,6.17243u
,,1.09746M,5.769778u
,,1.09748M,4.392674u
,,1.0975M,3.730239u
,,1.09752M,3.686575u
,,1.09754M,5.544041u
,,1.09756M,3.725394u
,,1.09758M,1.202477u
,,1.0976M,3.027689u
,,1.09762M,3.772574u
,,1.09764M,5.577006u
,,1.09766M,7.333394u
,,1.09768M,8.562191u
,,1.0977M,9.449794u
,,1.09772M,8.158762u
,,1.09774M,5.331461u
,,1.09776M,4.416711u
,,1.09778M,4.524177u
,,1.0978M,4.370727u
,,1.09782M,4.507429u
,,1.09784M,4.408145u
,,1.09786M,4.355123u
,,1.09788M,4.764507u
,,1.0979M,5.56434u
,,1.09792M,6.576825u
,,1.09794M,6.132213u
,,1.09796M,5.015476u
,,1.09798M,4.047913u
,,1.098M,1.96966u
,,1.09802M,882.0329n
,,1.09804M,2.202729u
,,1.09806M,2.695758u
,,1.09808M,3.091867u
,,1.0981M,2.824175u
,,1.09812M,2.522272u
,,1.09814M,3.808751u
,,1.09816M,5.670361u
,,1.09818M,5.619141u
,,1.0982M,4.044338u
,,1.09822M,3.622715u
,,1.09824M,4.351525u
,,1.09826M,4.072735u
,,1.09828M,3.732085u
,,1.0983M,2.875097u
,,1.09832M,2.308889u
,,1.09834M,3.430269u
,,1.09836M,5.279442u
,,1.09838M,5.834516u
,,1.0984M,6.047184u
,,1.09842M,6.948299u
,,1.09844M,6.031576u
,,1.09846M,4.474641u
,,1.09848M,3.366575u
,,1.0985M,1.569339u
,,1.09852M,624.5425n
,,1.09854M,773.534n
,,1.09856M,1.123044u
,,1.09858M,2.451197u
,,1.0986M,3.497291u
,,1.09862M,3.457336u
,,1.09864M,2.871133u
,,1.09866M,4.021716u
,,1.09868M,6.384571u
,,1.0987M,6.966795u
,,1.09872M,6.440518u
,,1.09874M,3.702109u
,,1.09876M,1.660042u
,,1.09878M,2.399709u
,,1.0988M,3.000776u
,,1.09882M,6.893066u
,,1.09884M,6.256646u
,,1.09886M,4.22738u
,,1.09888M,4.821237u
,,1.0989M,4.774371u
,,1.09892M,2.90482u
,,1.09894M,782.027n
,,1.09896M,1.377532u
,,1.09898M,1.212974u
,,1.099M,1.945513u
,,1.09902M,4.345438u
,,1.09904M,5.372749u
,,1.09906M,5.949051u
,,1.09908M,5.913647u
,,1.0991M,4.735931u
,,1.09912M,4.896101u
,,1.09914M,5.12398u
,,1.09916M,4.52143u
,,1.09918M,3.693416u
,,1.0992M,3.147382u
,,1.09922M,4.253564u
,,1.09924M,5.928539u
,,1.09926M,5.971708u
,,1.09928M,6.080831u
,,1.0993M,6.589079u
,,1.09932M,4.889998u
,,1.09934M,3.764302u
,,1.09936M,6.088612u
,,1.09938M,7.723387u
,,1.0994M,6.328324u
,,1.09942M,5.017249u
,,1.09944M,4.122868u
,,1.09946M,4.210212u
,,1.09948M,5.800556u
,,1.0995M,5.671792u
,,1.09952M,4.377055u
,,1.09954M,3.819365u
,,1.09956M,3.116913u
,,1.09958M,2.877424u
,,1.0996M,5.262678u
,,1.09962M,4.247843u
,,1.09964M,259.6793n
,,1.09966M,1.175409u
,,1.09968M,1.714111u
,,1.0997M,1.14735u
,,1.09972M,2.114738u
,,1.09974M,4.318752u
,,1.09976M,3.268812u
,,1.09978M,1.409394u
,,1.0998M,2.156216u
,,1.09982M,3.401844u
,,1.09984M,4.054465u
,,1.09986M,3.921546u
,,1.09988M,1.985644u
,,1.0999M,867.0146n
,,1.09992M,1.496203u
,,1.09994M,2.72397u
,,1.09996M,5.054984u
,,1.09998M,5.384431u
,,1.1M,3.781673u
,,1.10002M,4.037749u
,,1.10004M,5.028989u
,,1.10006M,5.777442u
,,1.10008M,5.593574u
,,1.1001M,5.624079u
,,1.10012M,6.362u
,,1.10014M,6.322141u
,,1.10016M,6.380812u
,,1.10018M,4.816546u
,,1.1002M,2.238537u
,,1.10022M,1.880505u
,,1.10024M,1.700058u
,,1.10026M,1.68813u
,,1.10028M,2.120277u
,,1.1003M,1.54559u
,,1.10032M,2.650296u
,,1.10034M,4.526256u
,,1.10036M,3.917844u
,,1.10038M,2.477271u
,,1.1004M,2.262825u
,,1.10042M,3.562717u
,,1.10044M,4.013107u
,,1.10046M,4.611438u
,,1.10048M,4.194941u
,,1.1005M,2.87165u
,,1.10052M,3.135195u
,,1.10054M,3.638692u
,,1.10056M,3.906138u
,,1.10058M,4.49126u
,,1.1006M,3.891217u
,,1.10062M,3.147277u
,,1.10064M,3.799038u
,,1.10066M,3.961586u
,,1.10068M,2.554097u
,,1.1007M,830.8156n
,,1.10072M,287.898n
,,1.10074M,234.1368n
,,1.10076M,1.182008u
,,1.10078M,2.40856u
,,1.1008M,2.998441u
,,1.10082M,4.044896u
,,1.10084M,5.369988u
,,1.10086M,5.790768u
,,1.10088M,4.949495u
,,1.1009M,4.073334u
,,1.10092M,2.548238u
,,1.10094M,3.40772u
,,1.10096M,3.969126u
,,1.10098M,5.455769u
,,1.101M,3.640546u
,,1.10102M,2.109437u
,,1.10104M,4.781666u
,,1.10106M,4.794268u
,,1.10108M,3.045758u
,,1.1011M,2.759964u
,,1.10112M,3.360853u
,,1.10114M,3.06553u
,,1.10116M,3.744352u
,,1.10118M,6.306373u
,,1.1012M,5.056531u
,,1.10122M,4.254239u
,,1.10124M,4.940652u
,,1.10126M,3.431938u
,,1.10128M,4.00921u
,,1.1013M,5.093312u
,,1.10132M,3.19918u
,,1.10134M,1.808466u
,,1.10136M,2.729127u
,,1.10138M,3.335171u
,,1.1014M,4.012462u
,,1.10142M,3.496817u
,,1.10144M,3.775901u
,,1.10146M,4.609079u
,,1.10148M,5.267883u
,,1.1015M,6.177272u
,,1.10152M,5.572983u
,,1.10154M,2.91873u
,,1.10156M,982.7115n
,,1.10158M,1.172609u
,,1.1016M,2.395778u
,,1.10162M,2.965039u
,,1.10164M,1.21819u
,,1.10166M,2.254602u
,,1.10168M,4.188139u
,,1.1017M,3.840419u
,,1.10172M,5.014798u
,,1.10174M,3.657114u
,,1.10176M,2.228167u
,,1.10178M,3.550461u
,,1.1018M,5.127404u
,,1.10182M,4.92423u
,,1.10184M,2.760724u
,,1.10186M,448.0644n
,,1.10188M,1.769082u
,,1.1019M,2.529047u
,,1.10192M,3.04753u
,,1.10194M,3.14925u
,,1.10196M,3.097291u
,,1.10198M,2.804186u
,,1.102M,1.821646u
,,1.10202M,2.058536u
,,1.10204M,3.119165u
,,1.10206M,2.76771u
,,1.10208M,2.033535u
,,1.1021M,3.942326u
,,1.10212M,5.535878u
,,1.10214M,5.949893u
,,1.10216M,4.978595u
,,1.10218M,2.744303u
,,1.1022M,1.476442u
,,1.10222M,4.691975u
,,1.10224M,4.931015u
,,1.10226M,3.688528u
,,1.10228M,3.692858u
,,1.1023M,4.142478u
,,1.10232M,2.176094u
,,1.10234M,377.7143n
,,1.10236M,2.053987u
,,1.10238M,2.291922u
,,1.1024M,727.035n
,,1.10242M,1.369432u
,,1.10244M,2.670014u
,,1.10246M,2.253051u
,,1.10248M,2.543748u
,,1.1025M,3.341816u
,,1.10252M,3.419371u
,,1.10254M,3.058904u
,,1.10256M,1.297026u
,,1.10258M,900.0256n
,,1.1026M,909.5732n
,,1.10262M,1.623001u
,,1.10264M,3.184961u
,,1.10266M,4.10748u
,,1.10268M,4.987539u
,,1.1027M,5.916498u
,,1.10272M,6.212628u
,,1.10274M,4.465135u
,,1.10276M,2.787254u
,,1.10278M,2.66527u
,,1.1028M,4.189468u
,,1.10282M,6.066108u
,,1.10284M,5.888167u
,,1.10286M,5.22473u
,,1.10288M,5.624719u
,,1.1029M,6.263482u
,,1.10292M,6.120768u
,,1.10294M,4.497514u
,,1.10296M,3.46916u
,,1.10298M,3.28763u
,,1.103M,2.2256u
,,1.10302M,1.597698u
,,1.10304M,2.732099u
,,1.10306M,3.928296u
,,1.10308M,4.948805u
,,1.1031M,6.425895u
,,1.10312M,7.922448u
,,1.10314M,7.264473u
,,1.10316M,5.930125u
,,1.10318M,5.186785u
,,1.1032M,3.268571u
,,1.10322M,2.29414u
,,1.10324M,2.983229u
,,1.10326M,5.508661u
,,1.10328M,7.695425u
,,1.1033M,6.867032u
,,1.10332M,5.252974u
,,1.10334M,5.437215u
,,1.10336M,6.248166u
,,1.10338M,6.713189u
,,1.1034M,7.083448u
,,1.10342M,6.275459u
,,1.10344M,3.958565u
,,1.10346M,2.287781u
,,1.10348M,1.255051u
,,1.1035M,1.075421u
,,1.10352M,3.087387u
,,1.10354M,3.26371u
,,1.10356M,3.128699u
,,1.10358M,3.797219u
,,1.1036M,2.91486u
,,1.10362M,3.430755u
,,1.10364M,5.363098u
,,1.10366M,5.464283u
,,1.10368M,5.22355u
,,1.1037M,5.1868u
,,1.10372M,5.649551u
,,1.10374M,6.466306u
,,1.10376M,6.001796u
,,1.10378M,5.651033u
,,1.1038M,6.514004u
,,1.10382M,7.072515u
,,1.10384M,6.317005u
,,1.10386M,5.390345u
,,1.10388M,5.39558u
,,1.1039M,5.820078u
,,1.10392M,6.565508u
,,1.10394M,7.15937u
,,1.10396M,7.364904u
,,1.10398M,7.513438u
,,1.104M,7.806282u
,,1.10402M,7.417684u
,,1.10404M,6.082797u
,,1.10406M,5.100403u
,,1.10408M,3.869534u
,,1.1041M,3.495304u
,,1.10412M,4.497859u
,,1.10414M,4.559166u
,,1.10416M,3.380526u
,,1.10418M,2.956466u
,,1.1042M,3.504513u
,,1.10422M,3.008889u
,,1.10424M,2.436677u
,,1.10426M,2.786891u
,,1.10428M,4.381097u
,,1.1043M,5.398974u
,,1.10432M,6.351176u
,,1.10434M,5.87795u
,,1.10436M,5.03615u
,,1.10438M,4.308544u
,,1.1044M,1.597204u
,,1.10442M,1.490518u
,,1.10444M,3.496828u
,,1.10446M,3.162611u
,,1.10448M,2.397523u
,,1.1045M,3.075254u
,,1.10452M,3.668565u
,,1.10454M,4.833012u
,,1.10456M,2.911164u
,,1.10458M,536.6055n
,,1.1046M,265.7392n
,,1.10462M,1.01261u
,,1.10464M,2.715461u
,,1.10466M,3.155999u
,,1.10468M,2.379314u
,,1.1047M,2.009027u
,,1.10472M,1.126381u
,,1.10474M,1.892975u
,,1.10476M,2.528419u
,,1.10478M,4.852828u
,,1.1048M,5.540871u
,,1.10482M,4.296514u
,,1.10484M,3.497036u
,,1.10486M,2.843343u
,,1.10488M,1.59868u
,,1.1049M,960.3984n
,,1.10492M,2.417226u
,,1.10494M,5.67812u
,,1.10496M,8.483229u
,,1.10498M,8.827314u
,,1.105M,7.576916u
,,1.10502M,5.71982u
,,1.10504M,2.163294u
,,1.10506M,1.753366u
,,1.10508M,2.869751u
,,1.1051M,2.478952u
,,1.10512M,1.975446u
,,1.10514M,4.495701u
,,1.10516M,7.288307u
,,1.10518M,6.360409u
,,1.1052M,3.30071u
,,1.10522M,907.628n
,,1.10524M,2.387345u
,,1.10526M,4.251114u
,,1.10528M,3.847842u
,,1.1053M,3.553159u
,,1.10532M,3.236625u
,,1.10534M,3.64429u
,,1.10536M,4.369525u
,,1.10538M,6.708878u
,,1.1054M,7.254724u
,,1.10542M,5.860482u
,,1.10544M,5.389132u
,,1.10546M,3.723096u
,,1.10548M,1.912771u
,,1.1055M,3.196844u
,,1.10552M,4.250443u
,,1.10554M,4.211698u
,,1.10556M,2.76475u
,,1.10558M,1.367274u
,,1.1056M,1.310307u
,,1.10562M,1.293829u
,,1.10564M,870.7629n
,,1.10566M,921.1316n
,,1.10568M,2.824603u
,,1.1057M,4.146828u
,,1.10572M,2.917042u
,,1.10574M,928.2148n
,,1.10576M,1.536659u
,,1.10578M,2.204953u
,,1.1058M,1.854793u
,,1.10582M,757.5143n
,,1.10584M,855.3785n
,,1.10586M,2.205044u
,,1.10588M,2.447252u
,,1.1059M,3.163179u
,,1.10592M,4.827952u
,,1.10594M,3.181059u
,,1.10596M,1.123652u
,,1.10598M,35.28441n
,,1.106M,759.0819n
,,1.10602M,1.268287u
,,1.10604M,2.224266u
,,1.10606M,3.879158u
,,1.10608M,3.877402u
,,1.1061M,2.874025u
,,1.10612M,2.901413u
,,1.10614M,5.290315u
,,1.10616M,5.759133u
,,1.10618M,4.108568u
,,1.1062M,3.818579u
,,1.10622M,4.580427u
,,1.10624M,4.603622u
,,1.10626M,3.121855u
,,1.10628M,1.587661u
,,1.1063M,2.25854u
,,1.10632M,3.82699u
,,1.10634M,5.108909u
,,1.10636M,5.276564u
,,1.10638M,3.430509u
,,1.1064M,2.207266u
,,1.10642M,4.529798u
,,1.10644M,5.185833u
,,1.10646M,3.761744u
,,1.10648M,3.016406u
,,1.1065M,2.152272u
,,1.10652M,1.63194u
,,1.10654M,2.269858u
,,1.10656M,2.795929u
,,1.10658M,3.458973u
,,1.1066M,4.399279u
,,1.10662M,4.182275u
,,1.10664M,4.240559u
,,1.10666M,5.006738u
,,1.10668M,5.125411u
,,1.1067M,4.725031u
,,1.10672M,4.204298u
,,1.10674M,3.620816u
,,1.10676M,2.407662u
,,1.10678M,1.378525u
,,1.1068M,2.989418u
,,1.10682M,1.488092u
,,1.10684M,1.777725u
,,1.10686M,5.534114u
,,1.10688M,7.177428u
,,1.1069M,5.758614u
,,1.10692M,4.55066u
,,1.10694M,5.062547u
,,1.10696M,4.925284u
,,1.10698M,3.749431u
,,1.107M,2.548951u
,,1.10702M,3.203726u
,,1.10704M,4.95538u
,,1.10706M,3.850688u
,,1.10708M,1.811403u
,,1.1071M,1.351754u
,,1.10712M,2.221701u
,,1.10714M,4.280927u
,,1.10716M,4.375001u
,,1.10718M,3.687309u
,,1.1072M,3.051348u
,,1.10722M,2.390542u
,,1.10724M,1.20552u
,,1.10726M,2.179135u
,,1.10728M,3.799222u
,,1.1073M,2.462751u
,,1.10732M,491.6205n
,,1.10734M,2.0454u
,,1.10736M,5.540187u
,,1.10738M,7.208455u
,,1.1074M,6.411911u
,,1.10742M,6.738053u
,,1.10744M,7.948072u
,,1.10746M,7.498901u
,,1.10748M,6.329496u
,,1.1075M,6.079435u
,,1.10752M,6.026036u
,,1.10754M,5.69455u
,,1.10756M,4.17107u
,,1.10758M,2.251319u
,,1.1076M,2.200789u
,,1.10762M,4.176154u
,,1.10764M,5.731254u
,,1.10766M,5.070429u
,,1.10768M,2.334646u
,,1.1077M,570.0986n
,,1.10772M,822.026n
,,1.10774M,774.3823n
,,1.10776M,2.157603u
,,1.10778M,3.33195u
,,1.1078M,5.219357u
,,1.10782M,4.832761u
,,1.10784M,3.791221u
,,1.10786M,5.418779u
,,1.10788M,7.61009u
,,1.1079M,7.553494u
,,1.10792M,6.490997u
,,1.10794M,6.805465u
,,1.10796M,6.943925u
,,1.10798M,5.176688u
,,1.108M,2.414878u
,,1.10802M,2.340421u
,,1.10804M,4.279865u
,,1.10806M,3.132392u
,,1.10808M,990.3281n
,,1.1081M,2.565478u
,,1.10812M,4.261361u
,,1.10814M,3.640047u
,,1.10816M,3.475123u
,,1.10818M,3.754881u
,,1.1082M,3.335015u
,,1.10822M,4.142411u
,,1.10824M,6.816279u
,,1.10826M,8.660913u
,,1.10828M,8.085369u
,,1.1083M,6.076042u
,,1.10832M,5.348515u
,,1.10834M,5.977567u
,,1.10836M,7.207493u
,,1.10838M,7.006725u
,,1.1084M,5.369819u
,,1.10842M,4.015384u
,,1.10844M,4.418139u
,,1.10846M,4.810181u
,,1.10848M,3.363408u
,,1.1085M,2.074436u
,,1.10852M,3.177694u
,,1.10854M,4.936938u
,,1.10856M,6.006654u
,,1.10858M,6.296023u
,,1.1086M,6.261814u
,,1.10862M,6.031731u
,,1.10864M,5.799673u
,,1.10866M,7.002765u
,,1.10868M,7.912111u
,,1.1087M,6.116585u
,,1.10872M,3.88228u
,,1.10874M,4.008697u
,,1.10876M,4.520202u
,,1.10878M,4.802265u
,,1.1088M,6.127762u
,,1.10882M,7.533612u
,,1.10884M,5.360675u
,,1.10886M,2.76427u
,,1.10888M,2.482005u
,,1.1089M,2.985125u
,,1.10892M,2.366398u
,,1.10894M,1.739035u
,,1.10896M,2.477894u
,,1.10898M,2.991904u
,,1.109M,3.333855u
,,1.10902M,3.67838u
,,1.10904M,4.686733u
,,1.10906M,6.105581u
,,1.10908M,6.13867u
,,1.1091M,5.759654u
,,1.10912M,6.868439u
,,1.10914M,8.257406u
,,1.10916M,8.386504u
,,1.10918M,6.79186u
,,1.1092M,4.507647u
,,1.10922M,3.484112u
,,1.10924M,3.693645u
,,1.10926M,3.431574u
,,1.10928M,4.206078u
,,1.1093M,5.211621u
,,1.10932M,5.287426u
,,1.10934M,7.023458u
,,1.10936M,8.526683u
,,1.10938M,7.221585u
,,1.1094M,4.432904u
,,1.10942M,3.797119u
,,1.10944M,3.980611u
,,1.10946M,4.581617u
,,1.10948M,5.812076u
,,1.1095M,5.152478u
,,1.10952M,4.054744u
,,1.10954M,3.526135u
,,1.10956M,1.98105u
,,1.10958M,1.416828u
,,1.1096M,2.788968u
,,1.10962M,3.053111u
,,1.10964M,2.258573u
,,1.10966M,2.511425u
,,1.10968M,3.024775u
,,1.1097M,2.223667u
,,1.10972M,3.219363u
,,1.10974M,4.043741u
,,1.10976M,4.312352u
,,1.10978M,5.591352u
,,1.1098M,6.51639u
,,1.10982M,6.819952u
,,1.10984M,7.562546u
,,1.10986M,7.190887u
,,1.10988M,5.039317u
,,1.1099M,4.134335u
,,1.10992M,4.541991u
,,1.10994M,6.42193u
,,1.10996M,8.100625u
,,1.10998M,7.26223u
,,1.11M,4.792915u
,,1.11002M,4.86765u
,,1.11004M,5.529812u
,,1.11006M,2.903431u
,,1.11008M,1.30454u
,,1.1101M,4.294127u
,,1.11012M,5.391877u
,,1.11014M,7.395347u
,,1.11016M,9.447452u
,,1.11018M,9.158663u
,,1.1102M,7.138765u
,,1.11022M,5.743568u
,,1.11024M,6.379545u
,,1.11026M,8.010896u
,,1.11028M,8.510703u
,,1.1103M,8.270271u
,,1.11032M,8.661609u
,,1.11034M,8.012507u
,,1.11036M,5.460655u
,,1.11038M,4.375025u
,,1.1104M,5.570963u
,,1.11042M,6.388648u
,,1.11044M,6.774451u
,,1.11046M,7.206094u
,,1.11048M,8.109454u
,,1.1105M,8.311586u
,,1.11052M,7.991479u
,,1.11054M,5.568969u
,,1.11056M,2.468438u
,,1.11058M,4.08337u
,,1.1106M,6.671663u
,,1.11062M,6.467429u
,,1.11064M,6.447325u
,,1.11066M,7.814566u
,,1.11068M,6.291197u
,,1.1107M,3.419382u
,,1.11072M,4.277235u
,,1.11074M,6.887907u
,,1.11076M,7.860516u
,,1.11078M,6.574909u
,,1.1108M,5.322696u
,,1.11082M,5.2377u
,,1.11084M,4.474156u
,,1.11086M,3.120643u
,,1.11088M,3.980019u
,,1.1109M,3.86812u
,,1.11092M,2.743133u
,,1.11094M,3.799219u
,,1.11096M,4.250849u
,,1.11098M,3.420087u
,,1.111M,4.988007u
,,1.11102M,6.427217u
,,1.11104M,6.327034u
,,1.11106M,5.392745u
,,1.11108M,4.008693u
,,1.1111M,4.89578u
,,1.11112M,5.774325u
,,1.11114M,4.956082u
,,1.11116M,3.154814u
,,1.11118M,3.591598u
,,1.1112M,3.558485u
,,1.11122M,2.649305u
,,1.11124M,2.849895u
,,1.11126M,2.722303u
,,1.11128M,3.454125u
,,1.1113M,4.868159u
,,1.11132M,5.498985u
,,1.11134M,6.66186u
,,1.11136M,7.554111u
,,1.11138M,5.642688u
,,1.1114M,4.691911u
,,1.11142M,6.038833u
,,1.11144M,7.419638u
,,1.11146M,7.630512u
,,1.11148M,6.893984u
,,1.1115M,6.10513u
,,1.11152M,4.517569u
,,1.11154M,3.294842u
,,1.11156M,4.304811u
,,1.11158M,6.691859u
,,1.1116M,6.987385u
,,1.11162M,6.744861u
,,1.11164M,7.312359u
,,1.11166M,7.149321u
,,1.11168M,6.733878u
,,1.1117M,6.742093u
,,1.11172M,6.239811u
,,1.11174M,5.596732u
,,1.11176M,5.126594u
,,1.11178M,4.044912u
,,1.1118M,3.712094u
,,1.11182M,4.203028u
,,1.11184M,3.882717u
,,1.11186M,5.005517u
,,1.11188M,4.804624u
,,1.1119M,4.345687u
,,1.11192M,4.707024u
,,1.11194M,4.74422u
,,1.11196M,3.590452u
,,1.11198M,3.148261u
,,1.112M,4.021545u
,,1.11202M,5.350167u
,,1.11204M,7.789287u
,,1.11206M,10.48558u
,,1.11208M,10.16982u
,,1.1121M,6.639997u
,,1.11212M,4.023705u
,,1.11214M,2.872718u
,,1.11216M,3.592761u
,,1.11218M,4.947341u
,,1.1122M,5.980905u
,,1.11222M,7.501502u
,,1.11224M,7.625676u
,,1.11226M,5.776177u
,,1.11228M,4.367223u
,,1.1123M,4.790094u
,,1.11232M,5.365594u
,,1.11234M,3.991057u
,,1.11236M,3.318535u
,,1.11238M,5.625997u
,,1.1124M,6.565482u
,,1.11242M,5.60455u
,,1.11244M,4.780637u
,,1.11246M,4.423515u
,,1.11248M,4.188442u
,,1.1125M,4.686357u
,,1.11252M,5.852264u
,,1.11254M,6.215243u
,,1.11256M,6.123629u
,,1.11258M,6.131124u
,,1.1126M,6.135302u
,,1.11262M,6.302277u
,,1.11264M,6.422923u
,,1.11266M,6.459536u
,,1.11268M,5.907805u
,,1.1127M,4.324316u
,,1.11272M,3.577315u
,,1.11274M,3.754527u
,,1.11276M,4.087588u
,,1.11278M,3.994292u
,,1.1128M,4.713827u
,,1.11282M,6.11705u
,,1.11284M,6.444482u
,,1.11286M,5.497671u
,,1.11288M,4.475293u
,,1.1129M,4.286676u
,,1.11292M,3.635428u
,,1.11294M,3.714489u
,,1.11296M,4.266771u
,,1.11298M,6.074971u
,,1.113M,7.740275u
,,1.11302M,7.477649u
,,1.11304M,5.131234u
,,1.11306M,3.107279u
,,1.11308M,3.556908u
,,1.1131M,5.516553u
,,1.11312M,7.397043u
,,1.11314M,7.80171u
,,1.11316M,6.767712u
,,1.11318M,6.452922u
,,1.1132M,7.112662u
,,1.11322M,6.509912u
,,1.11324M,5.129091u
,,1.11326M,5.586641u
,,1.11328M,5.549987u
,,1.1133M,5.625852u
,,1.11332M,9.026324u
,,1.11334M,9.134825u
,,1.11336M,6.25326u
,,1.11338M,4.647625u
,,1.1134M,5.797595u
,,1.11342M,7.444472u
,,1.11344M,7.090222u
,,1.11346M,5.69138u
,,1.11348M,3.947107u
,,1.1135M,2.024128u
,,1.11352M,2.406726u
,,1.11354M,2.305129u
,,1.11356M,2.793939u
,,1.11358M,3.139534u
,,1.1136M,4.589018u
,,1.11362M,6.666905u
,,1.11364M,6.988696u
,,1.11366M,6.032937u
,,1.11368M,5.614309u
,,1.1137M,4.804906u
,,1.11372M,4.235701u
,,1.11374M,5.558034u
,,1.11376M,8.265792u
,,1.11378M,7.866455u
,,1.1138M,5.596366u
,,1.11382M,4.623192u
,,1.11384M,5.728628u
,,1.11386M,6.831944u
,,1.11388M,5.098379u
,,1.1139M,2.840376u
,,1.11392M,4.268232u
,,1.11394M,7.803542u
,,1.11396M,8.9846u
,,1.11398M,7.046705u
,,1.114M,4.83752u
,,1.11402M,4.1203u
,,1.11404M,4.372861u
,,1.11406M,4.263342u
,,1.11408M,4.543578u
,,1.1141M,5.622464u
,,1.11412M,5.911324u
,,1.11414M,6.32337u
,,1.11416M,6.492633u
,,1.11418M,5.157624u
,,1.1142M,4.151514u
,,1.11422M,3.450883u
,,1.11424M,2.533561u
,,1.11426M,3.354018u
,,1.11428M,4.782171u
,,1.1143M,5.012713u
,,1.11432M,3.962889u
,,1.11434M,2.906485u
,,1.11436M,2.856352u
,,1.11438M,2.627875u
,,1.1144M,3.029934u
,,1.11442M,5.217472u
,,1.11444M,7.384558u
,,1.11446M,7.974473u
,,1.11448M,6.467896u
,,1.1145M,5.055833u
,,1.11452M,5.54667u
,,1.11454M,6.324922u
,,1.11456M,6.755282u
,,1.11458M,6.938998u
,,1.1146M,6.718816u
,,1.11462M,6.338991u
,,1.11464M,6.000704u
,,1.11466M,5.484635u
,,1.11468M,4.855294u
,,1.1147M,5.951945u
,,1.11472M,7.326049u
,,1.11474M,7.925144u
,,1.11476M,8.220237u
,,1.11478M,7.728222u
,,1.1148M,7.453991u
,,1.11482M,7.58018u
,,1.11484M,6.059491u
,,1.11486M,4.857297u
,,1.11488M,6.757486u
,,1.1149M,10.37054u
,,1.11492M,11.64948u
,,1.11494M,8.574524u
,,1.11496M,5.028096u
,,1.11498M,3.785027u
,,1.115M,3.382693u
,,1.11502M,4.535679u
,,1.11504M,5.977163u
,,1.11506M,6.608156u
,,1.11508M,5.91359u
,,1.1151M,4.274061u
,,1.11512M,3.391166u
,,1.11514M,2.63813u
,,1.11516M,1.705145u
,,1.11518M,2.08593u
,,1.1152M,2.857624u
,,1.11522M,2.885117u
,,1.11524M,4.030924u
,,1.11526M,5.4868u
,,1.11528M,4.98684u
,,1.1153M,3.217372u
,,1.11532M,2.202177u
,,1.11534M,2.957377u
,,1.11536M,4.871728u
,,1.11538M,6.873514u
,,1.1154M,7.384501u
,,1.11542M,6.939948u
,,1.11544M,5.910069u
,,1.11546M,4.684725u
,,1.11548M,3.768562u
,,1.1155M,5.223949u
,,1.11552M,8.026716u
,,1.11554M,8.553658u
,,1.11556M,7.056233u
,,1.11558M,5.071379u
,,1.1156M,3.930843u
,,1.11562M,4.408815u
,,1.11564M,4.147503u
,,1.11566M,3.707042u
,,1.11568M,4.089325u
,,1.1157M,4.194601u
,,1.11572M,4.485548u
,,1.11574M,6.200605u
,,1.11576M,7.08787u
,,1.11578M,6.251839u
,,1.1158M,5.609047u
,,1.11582M,5.644407u
,,1.11584M,6.469634u
,,1.11586M,8.264099u
,,1.11588M,8.933079u
,,1.1159M,7.553449u
,,1.11592M,5.33141u
,,1.11594M,4.342811u
,,1.11596M,4.954183u
,,1.11598M,5.333391u
,,1.116M,5.335335u
,,1.11602M,5.607398u
,,1.11604M,4.766695u
,,1.11606M,3.478597u
,,1.11608M,4.042153u
,,1.1161M,5.502079u
,,1.11612M,5.506162u
,,1.11614M,4.424475u
,,1.11616M,5.105212u
,,1.11618M,5.823378u
,,1.1162M,5.14647u
,,1.11622M,4.141562u
,,1.11624M,4.273893u
,,1.11626M,5.031773u
,,1.11628M,4.93668u
,,1.1163M,4.566073u
,,1.11632M,4.64246u
,,1.11634M,4.601324u
,,1.11636M,4.65139u
,,1.11638M,4.792031u
,,1.1164M,4.897716u
,,1.11642M,4.961591u
,,1.11644M,5.669339u
,,1.11646M,5.381524u
,,1.11648M,3.61567u
,,1.1165M,2.645526u
,,1.11652M,3.279067u
,,1.11654M,3.878273u
,,1.11656M,4.327504u
,,1.11658M,4.297004u
,,1.1166M,4.384161u
,,1.11662M,5.27878u
,,1.11664M,5.554982u
,,1.11666M,4.581213u
,,1.11668M,3.683538u
,,1.1167M,4.492284u
,,1.11672M,5.865616u
,,1.11674M,6.7577u
,,1.11676M,6.641671u
,,1.11678M,5.822187u
,,1.1168M,4.175852u
,,1.11682M,1.793592u
,,1.11684M,1.379642u
,,1.11686M,2.753992u
,,1.11688M,4.346734u
,,1.1169M,5.188201u
,,1.11692M,5.573669u
,,1.11694M,6.423646u
,,1.11696M,7.787096u
,,1.11698M,7.647109u
,,1.117M,5.337664u
,,1.11702M,4.04924u
,,1.11704M,4.436732u
,,1.11706M,3.93287u
,,1.11708M,3.259876u
,,1.1171M,3.752147u
,,1.11712M,3.666363u
,,1.11714M,2.636879u
,,1.11716M,1.0638u
,,1.11718M,474.0983n
,,1.1172M,2.418245u
,,1.11722M,5.336312u
,,1.11724M,6.901024u
,,1.11726M,7.921894u
,,1.11728M,8.925597u
,,1.1173M,8.081152u
,,1.11732M,5.97671u
,,1.11734M,5.500754u
,,1.11736M,5.355104u
,,1.11738M,4.532397u
,,1.1174M,4.055481u
,,1.11742M,4.157167u
,,1.11744M,5.976004u
,,1.11746M,7.127929u
,,1.11748M,6.40181u
,,1.1175M,5.317285u
,,1.11752M,4.929381u
,,1.11754M,4.399642u
,,1.11756M,4.853645u
,,1.11758M,4.855327u
,,1.1176M,5.300426u
,,1.11762M,5.419374u
,,1.11764M,5.010686u
,,1.11766M,5.680308u
,,1.11768M,6.189416u
,,1.1177M,5.927652u
,,1.11772M,6.879824u
,,1.11774M,7.991459u
,,1.11776M,8.523984u
,,1.11778M,8.181104u
,,1.1178M,6.480457u
,,1.11782M,4.456082u
,,1.11784M,3.362858u
,,1.11786M,3.398321u
,,1.11788M,4.104126u
,,1.1179M,4.406778u
,,1.11792M,6.787867u
,,1.11794M,6.8294u
,,1.11796M,5.918447u
,,1.11798M,5.949167u
,,1.118M,7.198606u
,,1.11802M,7.743367u
,,1.11804M,7.185478u
,,1.11806M,7.084239u
,,1.11808M,8.173111u
,,1.1181M,9.628686u
,,1.11812M,9.321351u
,,1.11814M,7.317748u
,,1.11816M,5.473917u
,,1.11818M,4.77659u
,,1.1182M,5.32041u
,,1.11822M,5.632315u
,,1.11824M,5.127978u
,,1.11826M,4.415146u
,,1.11828M,5.794025u
,,1.1183M,6.855223u
,,1.11832M,5.601917u
,,1.11834M,5.124348u
,,1.11836M,6.220134u
,,1.11838M,7.775576u
,,1.1184M,8.060621u
,,1.11842M,5.66326u
,,1.11844M,2.53198u
,,1.11846M,2.072788u
,,1.11848M,3.810817u
,,1.1185M,4.872727u
,,1.11852M,5.917986u
,,1.11854M,5.314988u
,,1.11856M,5.511772u
,,1.11858M,5.923127u
,,1.1186M,5.845556u
,,1.11862M,5.428879u
,,1.11864M,5.254631u
,,1.11866M,5.418729u
,,1.11868M,4.701221u
,,1.1187M,2.406068u
,,1.11872M,2.361999u
,,1.11874M,2.392045u
,,1.11876M,4.191244u
,,1.11878M,4.722156u
,,1.1188M,3.30156u
,,1.11882M,2.538913u
,,1.11884M,3.79333u
,,1.11886M,4.704696u
,,1.11888M,4.538887u
,,1.1189M,4.206405u
,,1.11892M,4.543808u
,,1.11894M,5.53505u
,,1.11896M,6.763932u
,,1.11898M,7.206577u
,,1.119M,5.946908u
,,1.11902M,5.214032u
,,1.11904M,4.790993u
,,1.11906M,5.629339u
,,1.11908M,8.696877u
,,1.1191M,10.20083u
,,1.11912M,7.612788u
,,1.11914M,4.639534u
,,1.11916M,5.137115u
,,1.11918M,6.696926u
,,1.1192M,6.509931u
,,1.11922M,6.538803u
,,1.11924M,6.605347u
,,1.11926M,5.924311u
,,1.11928M,5.131669u
,,1.1193M,4.483075u
,,1.11932M,4.405506u
,,1.11934M,4.3935u
,,1.11936M,3.268405u
,,1.11938M,1.709785u
,,1.1194M,1.713083u
,,1.11942M,2.79032u
,,1.11944M,4.85336u
,,1.11946M,7.252334u
,,1.11948M,7.425765u
,,1.1195M,6.661767u
,,1.11952M,6.629033u
,,1.11954M,7.991735u
,,1.11956M,8.830549u
,,1.11958M,6.920445u
,,1.1196M,4.847596u
,,1.11962M,7.016052u
,,1.11964M,9.671842u
,,1.11966M,9.388733u
,,1.11968M,8.255805u
,,1.1197M,6.556549u
,,1.11972M,4.871204u
,,1.11974M,5.104138u
,,1.11976M,5.488262u
,,1.11978M,4.824013u
,,1.1198M,3.997028u
,,1.11982M,3.493875u
,,1.11984M,3.293888u
,,1.11986M,4.108711u
,,1.11988M,4.957176u
,,1.1199M,5.715725u
,,1.11992M,6.44596u
,,1.11994M,6.460226u
,,1.11996M,5.113329u
,,1.11998M,3.452112u
,,1.12M,2.3621u
,,1.12002M,2.979789u
,,1.12004M,3.040422u
,,1.12006M,1.686576u
,,1.12008M,1.839146u
,,1.1201M,2.780714u
,,1.12012M,3.511915u
,,1.12014M,5.11532u
,,1.12016M,7.161133u
,,1.12018M,7.386429u
,,1.1202M,5.966918u
,,1.12022M,5.101592u
,,1.12024M,6.557941u
,,1.12026M,6.668884u
,,1.12028M,7.359991u
,,1.1203M,8.445888u
,,1.12032M,7.933042u
,,1.12034M,8.295478u
,,1.12036M,7.632254u
,,1.12038M,5.808833u
,,1.1204M,6.930225u
,,1.12042M,8.779367u
,,1.12044M,7.141159u
,,1.12046M,4.085691u
,,1.12048M,2.742274u
,,1.1205M,3.528895u
,,1.12052M,5.146337u
,,1.12054M,5.363029u
,,1.12056M,3.841886u
,,1.12058M,2.019425u
,,1.1206M,2.429981u
,,1.12062M,3.872942u
,,1.12064M,4.984834u
,,1.12066M,6.256125u
,,1.12068M,6.608493u
,,1.1207M,7.247123u
,,1.12072M,6.239492u
,,1.12074M,3.759918u
,,1.12076M,4.334131u
,,1.12078M,5.85658u
,,1.1208M,5.854234u
,,1.12082M,5.28186u
,,1.12084M,4.948714u
,,1.12086M,4.845116u
,,1.12088M,5.456326u
,,1.1209M,6.836822u
,,1.12092M,7.586072u
,,1.12094M,7.554144u
,,1.12096M,7.939688u
,,1.12098M,8.323943u
,,1.121M,7.820885u
,,1.12102M,6.719296u
,,1.12104M,5.773816u
,,1.12106M,5.015349u
,,1.12108M,5.235661u
,,1.1211M,6.144716u
,,1.12112M,5.661287u
,,1.12114M,3.269552u
,,1.12116M,344.7457n
,,1.12118M,946.6327n
,,1.1212M,4.345166u
,,1.12122M,7.566808u
,,1.12124M,7.587728u
,,1.12126M,6.698512u
,,1.12128M,5.940291u
,,1.1213M,4.78285u
,,1.12132M,3.703102u
,,1.12134M,2.485354u
,,1.12136M,1.589804u
,,1.12138M,1.707844u
,,1.1214M,2.220601u
,,1.12142M,2.878197u
,,1.12144M,3.082565u
,,1.12146M,2.867156u
,,1.12148M,3.812426u
,,1.1215M,5.426056u
,,1.12152M,5.058005u
,,1.12154M,1.816053u
,,1.12156M,1.744493u
,,1.12158M,501.7961n
,,1.1216M,2.174662u
,,1.12162M,2.349863u
,,1.12164M,1.473311u
,,1.12166M,1.459603u
,,1.12168M,2.839992u
,,1.1217M,2.718621u
,,1.12172M,3.020364u
,,1.12174M,4.013245u
,,1.12176M,4.687795u
,,1.12178M,4.912398u
,,1.1218M,4.861275u
,,1.12182M,5.169937u
,,1.12184M,4.872962u
,,1.12186M,3.830785u
,,1.12188M,2.764774u
,,1.1219M,3.962352u
,,1.12192M,5.760036u
,,1.12194M,5.18109u
,,1.12196M,3.128041u
,,1.12198M,3.273788u
,,1.122M,4.102394u
,,1.12202M,4.940035u
,,1.12204M,6.20259u
,,1.12206M,6.113077u
,,1.12208M,5.284745u
,,1.1221M,4.761624u
,,1.12212M,3.854109u
,,1.12214M,2.859086u
,,1.12216M,3.021957u
,,1.12218M,3.186496u
,,1.1222M,2.062973u
,,1.12222M,2.152938u
,,1.12224M,3.738663u
,,1.12226M,4.258841u
,,1.12228M,4.661127u
,,1.1223M,5.499488u
,,1.12232M,4.436658u
,,1.12234M,5.359705u
,,1.12236M,6.150049u
,,1.12238M,5.034074u
,,1.1224M,3.564873u
,,1.12242M,2.822367u
,,1.12244M,967.8414n
,,1.12246M,748.9256n
,,1.12248M,1.151487u
,,1.1225M,3.392743u
,,1.12252M,3.999825u
,,1.12254M,2.792526u
,,1.12256M,1.273576u
,,1.12258M,1.148811u
,,1.1226M,794.1556n
,,1.12262M,1.079516u
,,1.12264M,1.337969u
,,1.12266M,2.782409u
,,1.12268M,4.080746u
,,1.1227M,5.976365u
,,1.12272M,7.433326u
,,1.12274M,5.706161u
,,1.12276M,3.620261u
,,1.12278M,3.856794u
,,1.1228M,4.662705u
,,1.12282M,4.342562u
,,1.12284M,3.134654u
,,1.12286M,4.494264u
,,1.12288M,5.55316u
,,1.1229M,5.130649u
,,1.12292M,4.630057u
,,1.12294M,5.219991u
,,1.12296M,6.860752u
,,1.12298M,6.477005u
,,1.123M,4.745784u
,,1.12302M,4.507548u
,,1.12304M,5.218759u
,,1.12306M,5.051047u
,,1.12308M,3.372047u
,,1.1231M,2.910845u
,,1.12312M,4.597707u
,,1.12314M,6.149312u
,,1.12316M,6.125431u
,,1.12318M,6.020975u
,,1.1232M,5.430877u
,,1.12322M,4.230135u
,,1.12324M,3.968203u
,,1.12326M,4.474904u
,,1.12328M,3.085211u
,,1.1233M,1.452193u
,,1.12332M,1.465518u
,,1.12334M,2.119007u
,,1.12336M,2.749862u
,,1.12338M,3.363782u
,,1.1234M,4.234064u
,,1.12342M,4.635368u
,,1.12344M,5.417782u
,,1.12346M,5.427757u
,,1.12348M,5.318664u
,,1.1235M,4.323912u
,,1.12352M,2.316987u
,,1.12354M,1.603902u
,,1.12356M,2.069718u
,,1.12358M,2.46629u
,,1.1236M,2.756529u
,,1.12362M,4.382061u
,,1.12364M,6.685116u
,,1.12366M,7.011004u
,,1.12368M,6.504271u
,,1.1237M,8.601197u
,,1.12372M,10.11908u
,,1.12374M,8.1291u
,,1.12376M,5.747463u
,,1.12378M,3.836624u
,,1.1238M,3.678062u
,,1.12382M,4.676514u
,,1.12384M,4.83805u
,,1.12386M,4.820567u
,,1.12388M,5.344369u
,,1.1239M,5.841965u
,,1.12392M,5.758919u
,,1.12394M,6.369798u
,,1.12396M,7.129617u
,,1.12398M,7.352347u
,,1.124M,6.73981u
,,1.12402M,5.40469u
,,1.12404M,5.804054u
,,1.12406M,8.225893u
,,1.12408M,10.8267u
,,1.1241M,10.76428u
,,1.12412M,6.582792u
,,1.12414M,3.481201u
,,1.12416M,3.357898u
,,1.12418M,5.150412u
,,1.1242M,7.416726u
,,1.12422M,7.413318u
,,1.12424M,6.146u
,,1.12426M,4.03821u
,,1.12428M,3.571342u
,,1.1243M,3.817894u
,,1.12432M,2.324509u
,,1.12434M,523.18n
,,1.12436M,1.072348u
,,1.12438M,2.052972u
,,1.1244M,3.446868u
,,1.12442M,5.607524u
,,1.12444M,6.131678u
,,1.12446M,5.604156u
,,1.12448M,5.378865u
,,1.1245M,4.480077u
,,1.12452M,4.408253u
,,1.12454M,5.134969u
,,1.12456M,5.043347u
,,1.12458M,5.320057u
,,1.1246M,5.077414u
,,1.12462M,3.397252u
,,1.12464M,3.104337u
,,1.12466M,1.544802u
,,1.12468M,3.176161u
,,1.1247M,3.233482u
,,1.12472M,4.105722u
,,1.12474M,5.195741u
,,1.12476M,7.18143u
,,1.12478M,6.415023u
,,1.1248M,2.93591u
,,1.12482M,2.099779u
,,1.12484M,4.082802u
,,1.12486M,5.473768u
,,1.12488M,4.984788u
,,1.1249M,5.354514u
,,1.12492M,5.721952u
,,1.12494M,5.090151u
,,1.12496M,4.62059u
,,1.12498M,4.299176u
,,1.125M,4.302583u
,,1.12502M,4.966086u
,,1.12504M,5.655512u
,,1.12506M,6.74843u
,,1.12508M,8.558919u
,,1.1251M,7.85728u
,,1.12512M,4.71458u
,,1.12514M,4.049989u
,,1.12516M,5.715964u
,,1.12518M,5.464603u
,,1.1252M,4.579442u
,,1.12522M,4.816701u
,,1.12524M,5.515574u
,,1.12526M,4.429696u
,,1.12528M,2.859353u
,,1.1253M,4.655506u
,,1.12532M,6.21371u
,,1.12534M,6.109893u
,,1.12536M,4.13035u
,,1.12538M,3.304647u
,,1.1254M,2.673817u
,,1.12542M,2.901723u
,,1.12544M,4.558138u
,,1.12546M,5.486242u
,,1.12548M,4.798486u
,,1.1255M,2.617666u
,,1.12552M,1.727057u
,,1.12554M,3.139696u
,,1.12556M,5.738092u
,,1.12558M,7.154239u
,,1.1256M,5.759718u
,,1.12562M,3.047614u
,,1.12564M,1.300592u
,,1.12566M,1.719651u
,,1.12568M,3.317429u
,,1.1257M,3.602735u
,,1.12572M,3.205992u
,,1.12574M,3.977151u
,,1.12576M,4.209322u
,,1.12578M,4.409835u
,,1.1258M,4.159346u
,,1.12582M,1.664287u
,,1.12584M,807.3192n
,,1.12586M,2.321107u
,,1.12588M,2.075522u
,,1.1259M,3.061233u
,,1.12592M,5.851807u
,,1.12594M,7.924189u
,,1.12596M,7.749415u
,,1.12598M,7.013555u
,,1.126M,6.000949u
,,1.12602M,4.641819u
,,1.12604M,3.463981u
,,1.12606M,2.076657u
,,1.12608M,1.943715u
,,1.1261M,2.638352u
,,1.12612M,2.646681u
,,1.12614M,3.045107u
,,1.12616M,4.550183u
,,1.12618M,5.714768u
,,1.1262M,4.699358u
,,1.12622M,2.88239u
,,1.12624M,2.668854u
,,1.12626M,3.24775u
,,1.12628M,3.809423u
,,1.1263M,4.700357u
,,1.12632M,5.918701u
,,1.12634M,5.427927u
,,1.12636M,2.808856u
,,1.12638M,1.295296u
,,1.1264M,1.590823u
,,1.12642M,3.000574u
,,1.12644M,4.342876u
,,1.12646M,5.744137u
,,1.12648M,5.712133u
,,1.1265M,5.444951u
,,1.12652M,5.607195u
,,1.12654M,5.319096u
,,1.12656M,5.171883u
,,1.12658M,5.470958u
,,1.1266M,5.886901u
,,1.12662M,5.484621u
,,1.12664M,3.462121u
,,1.12666M,3.370298u
,,1.12668M,5.333257u
,,1.1267M,5.401032u
,,1.12672M,6.291944u
,,1.12674M,5.344857u
,,1.12676M,1.933331u
,,1.12678M,1.819712u
,,1.1268M,902.5645n
,,1.12682M,3.435269u
,,1.12684M,5.223504u
,,1.12686M,6.079152u
,,1.12688M,7.649677u
,,1.1269M,7.231863u
,,1.12692M,3.649109u
,,1.12694M,1.115152u
,,1.12696M,2.044902u
,,1.12698M,3.435186u
,,1.127M,3.757874u
,,1.12702M,2.831855u
,,1.12704M,4.277442u
,,1.12706M,5.72413u
,,1.12708M,4.070373u
,,1.1271M,2.694171u
,,1.12712M,2.09112u
,,1.12714M,2.990895u
,,1.12716M,5.438229u
,,1.12718M,5.785331u
,,1.1272M,3.863849u
,,1.12722M,3.298635u
,,1.12724M,4.318808u
,,1.12726M,4.405825u
,,1.12728M,2.932471u
,,1.1273M,2.936456u
,,1.12732M,2.197946u
,,1.12734M,835.3032n
,,1.12736M,1.928534u
,,1.12738M,4.056421u
,,1.1274M,3.901822u
,,1.12742M,3.374752u
,,1.12744M,2.752724u
,,1.12746M,1.717432u
,,1.12748M,1.622377u
,,1.1275M,2.216408u
,,1.12752M,3.817578u
,,1.12754M,3.406448u
,,1.12756M,1.168306u
,,1.12758M,1.973623u
,,1.1276M,4.905503u
,,1.12762M,5.671746u
,,1.12764M,3.856824u
,,1.12766M,2.742869u
,,1.12768M,3.329457u
,,1.1277M,3.879832u
,,1.12772M,3.607112u
,,1.12774M,3.479742u
,,1.12776M,3.535117u
,,1.12778M,2.826631u
,,1.1278M,753.3696n
,,1.12782M,1.611221u
,,1.12784M,2.050618u
,,1.12786M,1.432183u
,,1.12788M,1.537092u
,,1.1279M,2.492296u
,,1.12792M,3.319029u
,,1.12794M,4.324151u
,,1.12796M,4.949986u
,,1.12798M,2.554101u
,,1.128M,1.918199u
,,1.12802M,2.239161u
,,1.12804M,1.788708u
,,1.12806M,5.324763u
,,1.12808M,9.846244u
,,1.1281M,11.53108u
,,1.12812M,10.73111u
,,1.12814M,7.763729u
,,1.12816M,4.113599u
,,1.12818M,1.82483u
,,1.1282M,826.219n
,,1.12822M,1.629902u
,,1.12824M,2.121492u
,,1.12826M,2.254393u
,,1.12828M,3.282u
,,1.1283M,4.373378u
,,1.12832M,4.436076u
,,1.12834M,4.114221u
,,1.12836M,5.325815u
,,1.12838M,5.723007u
,,1.1284M,4.028737u
,,1.12842M,4.300425u
,,1.12844M,5.996699u
,,1.12846M,6.180589u
,,1.12848M,5.446372u
,,1.1285M,4.453839u
,,1.12852M,2.711935u
,,1.12854M,3.64289u
,,1.12856M,5.473315u
,,1.12858M,6.11885u
,,1.1286M,4.877197u
,,1.12862M,3.592596u
,,1.12864M,2.210024u
,,1.12866M,2.519863u
,,1.12868M,2.790712u
,,1.1287M,3.03326u
,,1.12872M,3.141791u
,,1.12874M,3.151245u
,,1.12876M,4.662725u
,,1.12878M,6.117302u
,,1.1288M,6.484097u
,,1.12882M,4.970736u
,,1.12884M,2.510765u
,,1.12886M,2.240014u
,,1.12888M,1.559379u
,,1.1289M,769.8549n
,,1.12892M,3.418602u
,,1.12894M,3.606779u
,,1.12896M,2.463504u
,,1.12898M,3.537351u
,,1.129M,5.147761u
,,1.12902M,3.0085u
,,1.12904M,1.110301u
,,1.12906M,2.992963u
,,1.12908M,2.680836u
,,1.1291M,1.420986u
,,1.12912M,674.1352n
,,1.12914M,1.573567u
,,1.12916M,3.185964u
,,1.12918M,2.90509u
,,1.1292M,2.098775u
,,1.12922M,1.584609u
,,1.12924M,2.805511u
,,1.12926M,4.136027u
,,1.12928M,3.352813u
,,1.1293M,1.521343u
,,1.12932M,1.058953u
,,1.12934M,3.048835u
,,1.12936M,4.638639u
,,1.12938M,5.803003u
,,1.1294M,5.948515u
,,1.12942M,4.558651u
,,1.12944M,2.362984u
,,1.12946M,2.251456u
,,1.12948M,3.112851u
,,1.1295M,3.347266u
,,1.12952M,3.693548u
,,1.12954M,4.602032u
,,1.12956M,5.083396u
,,1.12958M,5.54728u
,,1.1296M,5.549917u
,,1.12962M,4.058824u
,,1.12964M,2.789371u
,,1.12966M,3.132411u
,,1.12968M,2.917319u
,,1.1297M,2.009336u
,,1.12972M,2.074605u
,,1.12974M,1.95998u
,,1.12976M,1.61467u
,,1.12978M,2.916427u
,,1.1298M,4.452452u
,,1.12982M,5.126172u
,,1.12984M,5.507646u
,,1.12986M,5.001394u
,,1.12988M,3.940458u
,,1.1299M,3.275755u
,,1.12992M,2.718364u
,,1.12994M,1.567158u
,,1.12996M,1.542916u
,,1.12998M,3.828846u
,,1.13M,6.687922u
,,1.13002M,8.325761u
,,1.13004M,8.035421u
,,1.13006M,6.658351u
,,1.13008M,6.367003u
,,1.1301M,6.925371u
,,1.13012M,5.688757u
,,1.13014M,3.45519u
,,1.13016M,4.020977u
,,1.13018M,4.871515u
,,1.1302M,4.719334u
,,1.13022M,6.634043u
,,1.13024M,8.496542u
,,1.13026M,7.797976u
,,1.13028M,6.657891u
,,1.1303M,5.095712u
,,1.13032M,3.572815u
,,1.13034M,3.433733u
,,1.13036M,3.846665u
,,1.13038M,4.28361u
,,1.1304M,4.737832u
,,1.13042M,4.732669u
,,1.13044M,4.543463u
,,1.13046M,5.551879u
,,1.13048M,7.348767u
,,1.1305M,6.540172u
,,1.13052M,4.90949u
,,1.13054M,4.73807u
,,1.13056M,3.902088u
,,1.13058M,2.924175u
,,1.1306M,2.3498u
,,1.13062M,1.375236u
,,1.13064M,1.042579u
,,1.13066M,1.378375u
,,1.13068M,2.51988u
,,1.1307M,4.430131u
,,1.13072M,5.203336u
,,1.13074M,5.268648u
,,1.13076M,5.166051u
,,1.13078M,4.640338u
,,1.1308M,5.648645u
,,1.13082M,6.091113u
,,1.13084M,6.055401u
,,1.13086M,5.868787u
,,1.13088M,4.667567u
,,1.1309M,4.081543u
,,1.13092M,5.399182u
,,1.13094M,7.123465u
,,1.13096M,6.726339u
,,1.13098M,5.869955u
,,1.131M,6.748632u
,,1.13102M,8.270622u
,,1.13104M,8.132767u
,,1.13106M,6.84573u
,,1.13108M,4.647875u
,,1.1311M,3.490296u
,,1.13112M,3.549804u
,,1.13114M,3.220157u
,,1.13116M,3.495682u
,,1.13118M,4.511312u
,,1.1312M,5.942103u
,,1.13122M,6.869422u
,,1.13124M,7.520739u
,,1.13126M,6.900825u
,,1.13128M,3.801156u
,,1.1313M,626.306n
,,1.13132M,1.681597u
,,1.13134M,5.467715u
,,1.13136M,7.601518u
,,1.13138M,8.028469u
,,1.1314M,7.392452u
,,1.13142M,5.405503u
,,1.13144M,3.41492u
,,1.13146M,2.510501u
,,1.13148M,2.530533u
,,1.1315M,3.57299u
,,1.13152M,5.339423u
,,1.13154M,4.076347u
,,1.13156M,2.073389u
,,1.13158M,2.463706u
,,1.1316M,3.224329u
,,1.13162M,4.190789u
,,1.13164M,6.356712u
,,1.13166M,6.310772u
,,1.13168M,6.020326u
,,1.1317M,7.501158u
,,1.13172M,7.623099u
,,1.13174M,6.342376u
,,1.13176M,4.869295u
,,1.13178M,5.481933u
,,1.1318M,6.647778u
,,1.13182M,5.444204u
,,1.13184M,3.952496u
,,1.13186M,2.832033u
,,1.13188M,3.881111u
,,1.1319M,5.769259u
,,1.13192M,7.418062u
,,1.13194M,7.669396u
,,1.13196M,6.50826u
,,1.13198M,5.054282u
,,1.132M,4.703549u
,,1.13202M,5.238045u
,,1.13204M,5.024218u
,,1.13206M,4.29049u
,,1.13208M,3.945547u
,,1.1321M,2.548965u
,,1.13212M,906.1367n
,,1.13214M,1.334943u
,,1.13216M,4.725862u
,,1.13218M,6.968522u
,,1.1322M,7.279653u
,,1.13222M,8.219238u
,,1.13224M,8.859375u
,,1.13226M,7.564312u
,,1.13228M,6.254332u
,,1.1323M,4.720129u
,,1.13232M,3.497352u
,,1.13234M,4.194829u
,,1.13236M,4.384785u
,,1.13238M,5.002276u
,,1.1324M,5.594093u
,,1.13242M,3.857186u
,,1.13244M,2.028207u
,,1.13246M,1.787046u
,,1.13248M,2.828504u
,,1.1325M,3.471865u
,,1.13252M,5.284315u
,,1.13254M,7.885772u
,,1.13256M,8.738926u
,,1.13258M,8.973182u
,,1.1326M,9.317369u
,,1.13262M,8.713848u
,,1.13264M,6.873659u
,,1.13266M,5.053403u
,,1.13268M,4.030401u
,,1.1327M,5.394273u
,,1.13272M,7.283667u
,,1.13274M,7.072711u
,,1.13276M,7.097463u
,,1.13278M,7.031262u
,,1.1328M,5.494382u
,,1.13282M,4.230695u
,,1.13284M,4.798084u
,,1.13286M,6.465629u
,,1.13288M,7.697622u
,,1.1329M,6.762816u
,,1.13292M,5.076012u
,,1.13294M,3.967763u
,,1.13296M,3.223913u
,,1.13298M,3.564355u
,,1.133M,5.989309u
,,1.13302M,7.757393u
,,1.13304M,7.348431u
,,1.13306M,5.47249u
,,1.13308M,3.726569u
,,1.1331M,1.744069u
,,1.13312M,1.108193u
,,1.13314M,1.667852u
,,1.13316M,1.642706u
,,1.13318M,4.312542u
,,1.1332M,4.404974u
,,1.13322M,3.641816u
,,1.13324M,3.064803u
,,1.13326M,3.720867u
,,1.13328M,4.153277u
,,1.1333M,5.021832u
,,1.13332M,4.956673u
,,1.13334M,3.764701u
,,1.13336M,2.92734u
,,1.13338M,2.438403u
,,1.1334M,2.636353u
,,1.13342M,3.658344u
,,1.13344M,4.840287u
,,1.13346M,5.84837u
,,1.13348M,5.334884u
,,1.1335M,3.499285u
,,1.13352M,3.634051u
,,1.13354M,5.019035u
,,1.13356M,5.517121u
,,1.13358M,5.239902u
,,1.1336M,4.108765u
,,1.13362M,3.159916u
,,1.13364M,3.486152u
,,1.13366M,4.923952u
,,1.13368M,6.28576u
,,1.1337M,5.631506u
,,1.13372M,4.067226u
,,1.13374M,2.761029u
,,1.13376M,1.52302u
,,1.13378M,1.111998u
,,1.1338M,1.337945u
,,1.13382M,2.460255u
,,1.13384M,2.69114u
,,1.13386M,2.040502u
,,1.13388M,2.591658u
,,1.1339M,4.894307u
,,1.13392M,6.600036u
,,1.13394M,6.387851u
,,1.13396M,5.383987u
,,1.13398M,4.823594u
,,1.134M,5.205793u
,,1.13402M,5.442284u
,,1.13404M,6.351029u
,,1.13406M,7.063246u
,,1.13408M,5.425839u
,,1.1341M,4.320368u
,,1.13412M,4.791428u
,,1.13414M,5.257845u
,,1.13416M,5.762441u
,,1.13418M,5.68809u
,,1.1342M,6.170105u
,,1.13422M,7.077235u
,,1.13424M,6.113034u
,,1.13426M,3.556131u
,,1.13428M,3.196086u
,,1.1343M,3.531067u
,,1.13432M,2.940732u
,,1.13434M,4.303882u
,,1.13436M,3.073499u
,,1.13438M,3.038693u
,,1.1344M,5.430119u
,,1.13442M,7.401916u
,,1.13444M,6.81829u
,,1.13446M,2.987184u
,,1.13448M,2.797898u
,,1.1345M,2.256704u
,,1.13452M,1.208059u
,,1.13454M,3.468275u
,,1.13456M,3.383362u
,,1.13458M,2.949275u
,,1.1346M,3.335617u
,,1.13462M,4.360484u
,,1.13464M,7.002485u
,,1.13466M,7.483267u
,,1.13468M,5.757443u
,,1.1347M,5.11181u
,,1.13472M,4.175476u
,,1.13474M,2.672173u
,,1.13476M,2.717189u
,,1.13478M,4.331216u
,,1.1348M,4.526112u
,,1.13482M,3.46883u
,,1.13484M,5.187859u
,,1.13486M,6.324506u
,,1.13488M,7.227912u
,,1.1349M,6.599849u
,,1.13492M,4.098658u
,,1.13494M,2.121673u
,,1.13496M,2.108906u
,,1.13498M,2.350565u
,,1.135M,1.964414u
,,1.13502M,2.325827u
,,1.13504M,3.613737u
,,1.13506M,4.131961u
,,1.13508M,4.125715u
,,1.1351M,4.306942u
,,1.13512M,4.529909u
,,1.13514M,4.140735u
,,1.13516M,3.060904u
,,1.13518M,2.940411u
,,1.1352M,3.222821u
,,1.13522M,2.296608u
,,1.13524M,3.225047u
,,1.13526M,5.437441u
,,1.13528M,6.514157u
,,1.1353M,6.372991u
,,1.13532M,6.85966u
,,1.13534M,7.579764u
,,1.13536M,8.224376u
,,1.13538M,8.35938u
,,1.1354M,7.297255u
,,1.13542M,5.073811u
,,1.13544M,3.006957u
,,1.13546M,2.317762u
,,1.13548M,2.717686u
,,1.1355M,3.737641u
,,1.13552M,6.278471u
,,1.13554M,7.084403u
,,1.13556M,4.119591u
,,1.13558M,2.113964u
,,1.1356M,790.6081n
,,1.13562M,1.721478u
,,1.13564M,1.751837u
,,1.13566M,1.10552u
,,1.13568M,1.859072u
,,1.1357M,2.877962u
,,1.13572M,3.049067u
,,1.13574M,2.590419u
,,1.13576M,1.296995u
,,1.13578M,1.259257u
,,1.1358M,2.280728u
,,1.13582M,1.458162u
,,1.13584M,586.7572n
,,1.13586M,1.413124u
,,1.13588M,2.903036u
,,1.1359M,2.705325u
,,1.13592M,1.444185u
,,1.13594M,2.040673u
,,1.13596M,4.345018u
,,1.13598M,5.869202u
,,1.136M,5.363702u
,,1.13602M,4.382719u
,,1.13604M,3.219665u
,,1.13606M,1.584626u
,,1.13608M,533.1411n
,,1.1361M,684.3359n
,,1.13612M,2.320438u
,,1.13614M,5.131998u
,,1.13616M,6.500797u
,,1.13618M,6.882494u
,,1.1362M,6.03105u
,,1.13622M,4.081605u
,,1.13624M,3.843095u
,,1.13626M,4.092344u
,,1.13628M,4.980524u
,,1.1363M,4.690225u
,,1.13632M,4.010178u
,,1.13634M,4.890974u
,,1.13636M,5.66077u
,,1.13638M,5.664069u
,,1.1364M,5.710887u
,,1.13642M,4.087951u
,,1.13644M,2.169287u
,,1.13646M,3.193477u
,,1.13648M,4.8898u
,,1.1365M,5.064544u
,,1.13652M,4.865896u
,,1.13654M,5.655683u
,,1.13656M,6.431316u
,,1.13658M,6.266538u
,,1.1366M,4.847756u
,,1.13662M,3.003216u
,,1.13664M,1.737287u
,,1.13666M,1.318633u
,,1.13668M,2.236024u
,,1.1367M,3.652376u
,,1.13672M,2.639927u
,,1.13674M,1.534166u
,,1.13676M,5.466692u
,,1.13678M,6.190689u
,,1.1368M,3.840088u
,,1.13682M,1.005078u
,,1.13684M,2.447471u
,,1.13686M,2.838472u
,,1.13688M,2.156164u
,,1.1369M,2.197012u
,,1.13692M,2.131981u
,,1.13694M,810.4933n
,,1.13696M,1.279373u
,,1.13698M,2.274931u
,,1.137M,3.821959u
,,1.13702M,4.401038u
,,1.13704M,4.166777u
,,1.13706M,5.068708u
,,1.13708M,5.339439u
,,1.1371M,5.438064u
,,1.13712M,6.4436u
,,1.13714M,5.198539u
,,1.13716M,1.774622u
,,1.13718M,1.671188u
,,1.1372M,1.832551u
,,1.13722M,1.940117u
,,1.13724M,3.014864u
,,1.13726M,3.300745u
,,1.13728M,4.391192u
,,1.1373M,5.255728u
,,1.13732M,5.801498u
,,1.13734M,6.662623u
,,1.13736M,6.777108u
,,1.13738M,4.359483u
,,1.1374M,3.592908u
,,1.13742M,5.434849u
,,1.13744M,6.262963u
,,1.13746M,5.845844u
,,1.13748M,4.829129u
,,1.1375M,3.193271u
,,1.13752M,1.473828u
,,1.13754M,254.9453n
,,1.13756M,2.346956u
,,1.13758M,3.781928u
,,1.1376M,3.072903u
,,1.13762M,2.290265u
,,1.13764M,1.339772u
,,1.13766M,1.709055u
,,1.13768M,3.734006u
,,1.1377M,4.450259u
,,1.13772M,3.487967u
,,1.13774M,3.459423u
,,1.13776M,3.423739u
,,1.13778M,1.915383u
,,1.1378M,2.173333u
,,1.13782M,2.359655u
,,1.13784M,1.874151u
,,1.13786M,1.823345u
,,1.13788M,3.360705u
,,1.1379M,2.237688u
,,1.13792M,2.413063u
,,1.13794M,3.252099u
,,1.13796M,3.068181u
,,1.13798M,2.751567u
,,1.138M,1.693057u
,,1.13802M,2.141588u
,,1.13804M,2.962123u
,,1.13806M,1.874271u
,,1.13808M,3.323552u
,,1.1381M,4.475742u
,,1.13812M,3.340882u
,,1.13814M,2.553706u
,,1.13816M,2.733732u
,,1.13818M,3.749923u
,,1.1382M,3.652079u
,,1.13822M,3.013116u
,,1.13824M,3.278071u
,,1.13826M,2.794933u
,,1.13828M,3.780559u
,,1.1383M,4.135402u
,,1.13832M,3.144292u
,,1.13834M,3.951183u
,,1.13836M,7.327738u
,,1.13838M,9.018128u
,,1.1384M,6.660409u
,,1.13842M,4.660877u
,,1.13844M,5.082894u
,,1.13846M,5.62183u
,,1.13848M,4.957071u
,,1.1385M,3.361253u
,,1.13852M,2.169402u
,,1.13854M,1.288992u
,,1.13856M,1.968048u
,,1.13858M,3.047471u
,,1.1386M,4.02132u
,,1.13862M,4.321456u
,,1.13864M,4.62426u
,,1.13866M,5.037768u
,,1.13868M,4.933172u
,,1.1387M,2.999467u
,,1.13872M,3.991931u
,,1.13874M,6.001071u
,,1.13876M,4.417469u
,,1.13878M,3.068305u
,,1.1388M,2.802246u
,,1.13882M,2.199489u
,,1.13884M,1.988509u
,,1.13886M,2.666871u
,,1.13888M,3.502664u
,,1.1389M,4.099271u
,,1.13892M,5.014294u
,,1.13894M,5.054819u
,,1.13896M,3.231284u
,,1.13898M,2.785368u
,,1.139M,5.077281u
,,1.13902M,6.270273u
,,1.13904M,4.84227u
,,1.13906M,2.967125u
,,1.13908M,1.442198u
,,1.1391M,2.076806u
,,1.13912M,2.159357u
,,1.13914M,1.048412u
,,1.13916M,663.2389n
,,1.13918M,1.275369u
,,1.1392M,4.111849u
,,1.13922M,7.217878u
,,1.13924M,7.536288u
,,1.13926M,5.088046u
,,1.13928M,932.5074n
,,1.1393M,2.64993u
,,1.13932M,3.327035u
,,1.13934M,2.564642u
,,1.13936M,3.218082u
,,1.13938M,3.878154u
,,1.1394M,4.420116u
,,1.13942M,3.825184u
,,1.13944M,2.000543u
,,1.13946M,476.8378n
,,1.13948M,478.0349n
,,1.1395M,2.499335u
,,1.13952M,4.747681u
,,1.13954M,5.355828u
,,1.13956M,4.921539u
,,1.13958M,4.63397u
,,1.1396M,5.983685u
,,1.13962M,6.798164u
,,1.13964M,5.789102u
,,1.13966M,3.511901u
,,1.13968M,2.231284u
,,1.1397M,4.721158u
,,1.13972M,7.190887u
,,1.13974M,6.664868u
,,1.13976M,5.507059u
,,1.13978M,6.249123u
,,1.1398M,7.47766u
,,1.13982M,7.625594u
,,1.13984M,6.833589u
,,1.13986M,4.807583u
,,1.13988M,2.483007u
,,1.1399M,1.939107u
,,1.13992M,3.156931u
,,1.13994M,4.256088u
,,1.13996M,4.140449u
,,1.13998M,3.638813u
,,1.14M,2.529336u
,,1.14002M,1.172357u
,,1.14004M,1.907218u
,,1.14006M,2.204098u
,,1.14008M,3.332u
,,1.1401M,2.036334u
,,1.14012M,3.628917u
,,1.14014M,3.853195u
,,1.14016M,3.706098u
,,1.14018M,4.399635u
,,1.1402M,5.239958u
,,1.14022M,4.253124u
,,1.14024M,2.808465u
,,1.14026M,2.002446u
,,1.14028M,1.240995u
,,1.1403M,1.519479u
,,1.14032M,2.171175u
,,1.14034M,1.267819u
,,1.14036M,1.559854u
,,1.14038M,1.839485u
,,1.1404M,943.9875n
,,1.14042M,847.6437n
,,1.14044M,136.5367n
,,1.14046M,1.321335u
,,1.14048M,1.223223u
,,1.1405M,1.473264u
,,1.14052M,1.827015u
,,1.14054M,1.512133u
,,1.14056M,483.9388n
,,1.14058M,200.3426n
,,1.1406M,38.75047n
,,1.14062M,1.150571u
,,1.14064M,1.06651u
,,1.14066M,1.19181u
,,1.14068M,3.686642u
,,1.1407M,5.732156u
,,1.14072M,5.361636u
,,1.14074M,3.300959u
,,1.14076M,2.202543u
,,1.14078M,3.053557u
,,1.1408M,3.718399u
,,1.14082M,2.750641u
,,1.14084M,1.621407u
,,1.14086M,1.257203u
,,1.14088M,1.615323u
,,1.1409M,1.954936u
,,1.14092M,2.58317u
,,1.14094M,4.108345u
,,1.14096M,4.67025u
,,1.14098M,4.172322u
,,1.141M,3.788953u
,,1.14102M,4.986632u
,,1.14104M,6.058153u
,,1.14106M,5.794723u
,,1.14108M,5.139755u
,,1.1411M,3.87256u
,,1.14112M,3.804687u
,,1.14114M,4.421824u
,,1.14116M,5.806131u
,,1.14118M,6.509232u
,,1.1412M,3.983665u
,,1.14122M,1.762626u
,,1.14124M,1.878983u
,,1.14126M,2.346634u
,,1.14128M,1.83229u
,,1.1413M,488.2174n
,,1.14132M,2.95668u
,,1.14134M,3.493667u
,,1.14136M,4.037168u
,,1.14138M,5.10642u
,,1.1414M,4.235068u
,,1.14142M,3.235556u
,,1.14144M,3.166207u
,,1.14146M,3.463266u
,,1.14148M,4.668332u
,,1.1415M,5.081507u
,,1.14152M,4.932195u
,,1.14154M,3.827172u
,,1.14156M,2.459263u
,,1.14158M,756.2134n
,,1.1416M,2.102828u
,,1.14162M,2.509994u
,,1.14164M,2.400609u
,,1.14166M,1.894429u
,,1.14168M,2.523469u
,,1.1417M,2.726264u
,,1.14172M,1.978823u
,,1.14174M,831.0219n
,,1.14176M,2.181379u
,,1.14178M,2.019425u
,,1.1418M,2.2081u
,,1.14182M,1.983792u
,,1.14184M,2.30874u
,,1.14186M,3.01571u
,,1.14188M,2.956963u
,,1.1419M,3.035438u
,,1.14192M,2.221573u
,,1.14194M,1.434117u
,,1.14196M,2.546344u
,,1.14198M,3.10052u
,,1.142M,2.386101u
,,1.14202M,2.707326u
,,1.14204M,4.525881u
,,1.14206M,4.75575u
,,1.14208M,5.628u
,,1.1421M,5.701734u
,,1.14212M,4.74023u
,,1.14214M,4.236697u
,,1.14216M,4.687301u
,,1.14218M,3.586688u
,,1.1422M,1.845114u
,,1.14222M,3.381211u
,,1.14224M,3.530576u
,,1.14226M,5.569879u
,,1.14228M,7.453316u
,,1.1423M,6.857738u
,,1.14232M,5.865173u
,,1.14234M,4.570546u
,,1.14236M,2.740013u
,,1.14238M,1.74175u
,,1.1424M,1.543079u
,,1.14242M,1.800164u
,,1.14244M,2.847509u
,,1.14246M,3.996423u
,,1.14248M,4.852511u
,,1.1425M,4.938693u
,,1.14252M,2.979287u
,,1.14254M,3.299846u
,,1.14256M,2.391763u
,,1.14258M,1.935947u
,,1.1426M,2.859517u
,,1.14262M,3.708171u
,,1.14264M,3.996361u
,,1.14266M,4.363355u
,,1.14268M,3.728177u
,,1.1427M,3.104708u
,,1.14272M,2.506154u
,,1.14274M,3.348244u
,,1.14276M,2.177742u
,,1.14278M,1.234908u
,,1.1428M,1.727413u
,,1.14282M,2.681451u
,,1.14284M,4.901407u
,,1.14286M,4.96084u
,,1.14288M,4.018806u
,,1.1429M,3.843033u
,,1.14292M,2.128553u
,,1.14294M,933.4545n
,,1.14296M,2.374601u
,,1.14298M,1.691397u
,,1.143M,973.3333n
,,1.14302M,2.937343u
,,1.14304M,3.649643u
,,1.14306M,5.537705u
,,1.14308M,6.249755u
,,1.1431M,4.850887u
,,1.14312M,4.166219u
,,1.14314M,4.143632u
,,1.14316M,3.148664u
,,1.14318M,942.1718n
,,1.1432M,1.935946u
,,1.14322M,1.874888u
,,1.14324M,3.512996u
,,1.14326M,4.524353u
,,1.14328M,2.746956u
,,1.1433M,1.071719u
,,1.14332M,1.191982u
,,1.14334M,1.432249u
,,1.14336M,1.044617u
,,1.14338M,1.511238u
,,1.1434M,1.492239u
,,1.14342M,1.641028u
,,1.14344M,2.333677u
,,1.14346M,2.805142u
,,1.14348M,3.191371u
,,1.1435M,3.98432u
,,1.14352M,3.757855u
,,1.14354M,4.03611u
,,1.14356M,4.806176u
,,1.14358M,4.600725u
,,1.1436M,5.456601u
,,1.14362M,5.893577u
,,1.14364M,4.137062u
,,1.14366M,2.663917u
,,1.14368M,2.076185u
,,1.1437M,1.314687u
,,1.14372M,880.3962n
,,1.14374M,1.653541u
,,1.14376M,4.066635u
,,1.14378M,4.77721u
,,1.1438M,3.566358u
,,1.14382M,2.162828u
,,1.14384M,2.898575u
,,1.14386M,4.091677u
,,1.14388M,2.890521u
,,1.1439M,2.007956u
,,1.14392M,4.532838u
,,1.14394M,5.821769u
,,1.14396M,3.522702u
,,1.14398M,2.490831u
,,1.144M,4.228502u
,,1.14402M,5.029142u
,,1.14404M,5.588687u
,,1.14406M,6.23205u
,,1.14408M,6.280344u
,,1.1441M,5.693377u
,,1.14412M,5.446201u
,,1.14414M,3.961731u
,,1.14416M,1.367234u
,,1.14418M,267.9161n
,,1.1442M,1.535745u
,,1.14422M,4.67106u
,,1.14424M,6.082617u
,,1.14426M,4.475048u
,,1.14428M,979.2175n
,,1.1443M,2.482641u
,,1.14432M,3.859098u
,,1.14434M,3.585293u
,,1.14436M,3.183924u
,,1.14438M,2.71025u
,,1.1444M,1.753218u
,,1.14442M,1.286407u
,,1.14444M,1.811313u
,,1.14446M,1.552455u
,,1.14448M,1.273818u
,,1.1445M,1.331082u
,,1.14452M,1.346086u
,,1.14454M,2.83996u
,,1.14456M,3.565599u
,,1.14458M,5.064016u
,,1.1446M,5.931158u
,,1.14462M,4.899686u
,,1.14464M,3.285716u
,,1.14466M,2.271661u
,,1.14468M,4.355021u
,,1.1447M,5.603419u
,,1.14472M,4.227169u
,,1.14474M,2.099998u
,,1.14476M,1.14547u
,,1.14478M,2.317126u
,,1.1448M,2.732904u
,,1.14482M,3.187002u
,,1.14484M,4.263972u
,,1.14486M,3.602733u
,,1.14488M,2.284736u
,,1.1449M,363.1335n
,,1.14492M,1.845236u
,,1.14494M,2.269157u
,,1.14496M,1.714057u
,,1.14498M,2.086944u
,,1.145M,1.885116u
,,1.14502M,1.713476u
,,1.14504M,1.778688u
,,1.14506M,2.628243u
,,1.14508M,4.757482u
,,1.1451M,6.066481u
,,1.14512M,5.789812u
,,1.14514M,4.355979u
,,1.14516M,3.992516u
,,1.14518M,5.320983u
,,1.1452M,5.679548u
,,1.14522M,3.560422u
,,1.14524M,982.3517n
,,1.14526M,1.187937u
,,1.14528M,2.840144u
,,1.1453M,2.943308u
,,1.14532M,2.764989u
,,1.14534M,1.711931u
,,1.14536M,1.366021u
,,1.14538M,2.182012u
,,1.1454M,780.8566n
,,1.14542M,1.429279u
,,1.14544M,1.724074u
,,1.14546M,1.832075u
,,1.14548M,2.342628u
,,1.1455M,3.290125u
,,1.14552M,3.745031u
,,1.14554M,2.662479u
,,1.14556M,1.228886u
,,1.14558M,1.923182u
,,1.1456M,3.207667u
,,1.14562M,2.200112u
,,1.14564M,632.5452n
,,1.14566M,2.402065u
,,1.14568M,3.02739u
,,1.1457M,2.520163u
,,1.14572M,2.023652u
,,1.14574M,1.504882u
,,1.14576M,601.7974n
,,1.14578M,2.571746u
,,1.1458M,2.717784u
,,1.14582M,2.769571u
,,1.14584M,2.134864u
,,1.14586M,712.3116n
,,1.14588M,2.677977u
,,1.1459M,2.412068u
,,1.14592M,763.4948n
,,1.14594M,2.7531u
,,1.14596M,3.87232u
,,1.14598M,4.787978u
,,1.146M,3.716301u
,,1.14602M,1.757253u
,,1.14604M,2.715789u
,,1.14606M,3.004778u
,,1.14608M,2.872321u
,,1.1461M,2.869555u
,,1.14612M,1.437419u
,,1.14614M,1.957028u
,,1.14616M,1.750358u
,,1.14618M,1.247352u
,,1.1462M,1.78679u
,,1.14622M,2.42446u
,,1.14624M,2.225346u
,,1.14626M,3.289296u
,,1.14628M,2.823141u
,,1.1463M,1.013746u
,,1.14632M,1.74553u
,,1.14634M,3.011036u
,,1.14636M,2.238491u
,,1.14638M,1.275244u
,,1.1464M,2.656086u
,,1.14642M,3.09622u
,,1.14644M,1.716826u
,,1.14646M,1.754735u
,,1.14648M,3.147825u
,,1.1465M,1.284853u
,,1.14652M,1.528526u
,,1.14654M,2.591229u
,,1.14656M,2.242621u
,,1.14658M,1.848607u
,,1.1466M,2.117074u
,,1.14662M,3.368394u
,,1.14664M,3.130548u
,,1.14666M,2.064868u
,,1.14668M,1.703694u
,,1.1467M,2.367315u
,,1.14672M,4.041074u
,,1.14674M,3.535075u
,,1.14676M,1.745269u
,,1.14678M,1.297007u
,,1.1468M,567.2229n
,,1.14682M,454.7627n
,,1.14684M,1.814621u
,,1.14686M,2.823559u
,,1.14688M,1.107855u
,,1.1469M,1.663779u
,,1.14692M,2.598869u
,,1.14694M,3.602924u
,,1.14696M,4.781936u
,,1.14698M,3.423806u
,,1.147M,2.299524u
,,1.14702M,3.088261u
,,1.14704M,3.244827u
,,1.14706M,3.28678u
,,1.14708M,2.961797u
,,1.1471M,1.757575u
,,1.14712M,936.2756n
,,1.14714M,491.1358n
,,1.14716M,355.7606n
,,1.14718M,860.9615n
,,1.1472M,1.520597u
,,1.14722M,2.773415u
,,1.14724M,4.355838u
,,1.14726M,4.490704u
,,1.14728M,4.554858u
,,1.1473M,5.106055u
,,1.14732M,3.168564u
,,1.14734M,963.7162n
,,1.14736M,1.355175u
,,1.14738M,1.028652u
,,1.1474M,1.445182u
,,1.14742M,2.464548u
,,1.14744M,2.215078u
,,1.14746M,514.3149n
,,1.14748M,1.358727u
,,1.1475M,2.511672u
,,1.14752M,2.063261u
,,1.14754M,1.213269u
,,1.14756M,2.831652u
,,1.14758M,1.518633u
,,1.1476M,1.341111u
,,1.14762M,4.142755u
,,1.14764M,4.816859u
,,1.14766M,3.636435u
,,1.14768M,2.727559u
,,1.1477M,3.447674u
,,1.14772M,4.901053u
,,1.14774M,4.707177u
,,1.14776M,5.187762u
,,1.14778M,4.570161u
,,1.1478M,1.319618u
,,1.14782M,1.173325u
,,1.14784M,2.849066u
,,1.14786M,4.783396u
,,1.14788M,5.393063u
,,1.1479M,5.8021u
,,1.14792M,5.211228u
,,1.14794M,2.687899u
,,1.14796M,4.207875u
,,1.14798M,6.060231u
,,1.148M,6.390151u
,,1.14802M,4.087338u
,,1.14804M,1.527586u
,,1.14806M,1.763877u
,,1.14808M,132.3058n
,,1.1481M,2.728664u
,,1.14812M,4.863443u
,,1.14814M,3.771748u
,,1.14816M,1.8532u
,,1.14818M,2.073505u
,,1.1482M,935.7145n
,,1.14822M,2.608166u
,,1.14824M,3.354644u
,,1.14826M,2.058795u
,,1.14828M,1.004177u
,,1.1483M,542.2258n
,,1.14832M,2.5386u
,,1.14834M,4.164601u
,,1.14836M,3.132139u
,,1.14838M,3.519694u
,,1.1484M,5.973684u
,,1.14842M,6.57704u
,,1.14844M,6.584855u
,,1.14846M,5.756841u
,,1.14848M,4.908844u
,,1.1485M,4.006467u
,,1.14852M,3.012863u
,,1.14854M,3.127481u
,,1.14856M,2.699132u
,,1.14858M,1.133259u
,,1.1486M,1.645678u
,,1.14862M,1.592248u
,,1.14864M,950.1079n
,,1.14866M,1.063428u
,,1.14868M,2.183913u
,,1.1487M,1.491276u
,,1.14872M,711.6044n
,,1.14874M,1.006357u
,,1.14876M,345.6808n
,,1.14878M,1.424289u
,,1.1488M,1.994586u
,,1.14882M,2.18447u
,,1.14884M,1.932087u
,,1.14886M,1.507769u
,,1.14888M,3.622033u
,,1.1489M,858.5663n
,,1.14892M,3.385729u
,,1.14894M,2.782118u
,,1.14896M,1.065852u
,,1.14898M,924.237n
,,1.149M,2.365436u
,,1.14902M,1.676328u
,,1.14904M,562.604n
,,1.14906M,2.07682u
,,1.14908M,3.625396u
,,1.1491M,2.552791u
,,1.14912M,3.782948u
,,1.14914M,5.799588u
,,1.14916M,5.663989u
,,1.14918M,4.58341u
,,1.1492M,3.529901u
,,1.14922M,3.375345u
,,1.14924M,2.953946u
,,1.14926M,2.282632u
,,1.14928M,1.253891u
,,1.1493M,1.391352u
,,1.14932M,3.71415u
,,1.14934M,4.98185u
,,1.14936M,4.366107u
,,1.14938M,3.862623u
,,1.1494M,3.188182u
,,1.14942M,3.819268u
,,1.14944M,4.850694u
,,1.14946M,4.798892u
,,1.14948M,3.096671u
,,1.1495M,3.180185u
,,1.14952M,2.830753u
,,1.14954M,1.772119u
,,1.14956M,1.736459u
,,1.14958M,1.649988u
,,1.1496M,273.0044n
,,1.14962M,1.783266u
,,1.14964M,2.477211u
,,1.14966M,2.079943u
,,1.14968M,1.005583u
,,1.1497M,1.556377u
,,1.14972M,1.040796u
,,1.14974M,3.044672u
,,1.14976M,2.604757u
,,1.14978M,3.327617u
,,1.1498M,4.982703u
,,1.14982M,4.037681u
,,1.14984M,2.365803u
,,1.14986M,3.705828u
,,1.14988M,4.121952u
,,1.1499M,4.557755u
,,1.14992M,5.14529u
,,1.14994M,3.49862u
,,1.14996M,2.14429u
,,1.14998M,2.601943u
,,1.15M,2.945988u
,,1.15002M,2.352617u
,,1.15004M,1.071458u
,,1.15006M,1.591894u
,,1.15008M,2.570723u
,,1.1501M,4.223697u
,,1.15012M,5.062074u
,,1.15014M,4.613386u
,,1.15016M,3.056158u
,,1.15018M,2.71576u
,,1.1502M,4.123008u
,,1.15022M,4.829765u
,,1.15024M,4.357335u
,,1.15026M,5.307611u
,,1.15028M,7.375105u
,,1.1503M,6.43229u
,,1.15032M,3.934516u
,,1.15034M,2.364119u
,,1.15036M,1.965358u
,,1.15038M,2.313864u
,,1.1504M,2.472759u
,,1.15042M,2.555219u
,,1.15044M,2.432804u
,,1.15046M,2.82855u
,,1.15048M,4.259323u
,,1.1505M,5.857034u
,,1.15052M,6.192839u
,,1.15054M,4.765634u
,,1.15056M,2.706019u
,,1.15058M,1.282013u
,,1.1506M,1.521383u
,,1.15062M,781.0081n
,,1.15064M,1.370983u
,,1.15066M,2.227247u
,,1.15068M,2.551968u
,,1.1507M,2.105751u
,,1.15072M,2.94935u
,,1.15074M,4.122425u
,,1.15076M,3.692214u
,,1.15078M,2.376628u
,,1.1508M,1.901692u
,,1.15082M,2.839448u
,,1.15084M,4.328494u
,,1.15086M,5.396414u
,,1.15088M,3.351429u
,,1.1509M,1.652482u
,,1.15092M,3.140647u
,,1.15094M,3.962571u
,,1.15096M,2.417499u
,,1.15098M,700.9059n
,,1.151M,857.6829n
,,1.15102M,1.63611u
,,1.15104M,2.716779u
,,1.15106M,2.611987u
,,1.15108M,1.525264u
,,1.1511M,791.2755n
,,1.15112M,2.440647u
,,1.15114M,1.373458u
,,1.15116M,236.2102n
,,1.15118M,1.410197u
,,1.1512M,2.46774u
,,1.15122M,1.433665u
,,1.15124M,941.9885n
,,1.15126M,605.499n
,,1.15128M,2.185701u
,,1.1513M,3.094579u
,,1.15132M,3.966873u
,,1.15134M,4.094994u
,,1.15136M,3.555699u
,,1.15138M,3.010445u
,,1.1514M,3.028057u
,,1.15142M,3.305508u
,,1.15144M,4.101643u
,,1.15146M,2.763182u
,,1.15148M,2.567919u
,,1.1515M,1.413228u
,,1.15152M,3.767101u
,,1.15154M,5.881099u
,,1.15156M,4.955506u
,,1.15158M,4.103833u
,,1.1516M,5.035441u
,,1.15162M,4.88575u
,,1.15164M,2.997618u
,,1.15166M,1.047514u
,,1.15168M,367.3914n
,,1.1517M,954.5804n
,,1.15172M,3.986964u
,,1.15174M,5.545507u
,,1.15176M,4.686878u
,,1.15178M,4.240851u
,,1.1518M,5.237484u
,,1.15182M,5.462743u
,,1.15184M,4.294877u
,,1.15186M,4.167588u
,,1.15188M,5.883103u
,,1.1519M,6.83018u
,,1.15192M,5.045482u
,,1.15194M,3.548438u
,,1.15196M,2.891275u
,,1.15198M,2.603346u
,,1.152M,3.007264u
,,1.15202M,4.811502u
,,1.15204M,5.087508u
,,1.15206M,4.359216u
,,1.15208M,4.583069u
,,1.1521M,4.039709u
,,1.15212M,3.535121u
,,1.15214M,2.519075u
,,1.15216M,1.692594u
,,1.15218M,2.343862u
,,1.1522M,3.667843u
,,1.15222M,4.314264u
,,1.15224M,3.192508u
,,1.15226M,2.0943u
,,1.15228M,2.589098u
,,1.1523M,3.045017u
,,1.15232M,1.296486u
,,1.15234M,323.7147n
,,1.15236M,831.1476n
,,1.15238M,1.65204u
,,1.1524M,1.634375u
,,1.15242M,2.287501u
,,1.15244M,3.713049u
,,1.15246M,4.039286u
,,1.15248M,3.107307u
,,1.1525M,2.547208u
,,1.15252M,3.556854u
,,1.15254M,4.063534u
,,1.15256M,4.838096u
,,1.15258M,4.57849u
,,1.1526M,2.455591u
,,1.15262M,2.80461u
,,1.15264M,4.853153u
,,1.15266M,4.550279u
,,1.15268M,1.820753u
,,1.1527M,603.5857n
,,1.15272M,2.36045u
,,1.15274M,4.836698u
,,1.15276M,4.651074u
,,1.15278M,2.834852u
,,1.1528M,1.539153u
,,1.15282M,2.150345u
,,1.15284M,3.375319u
,,1.15286M,3.487776u
,,1.15288M,2.511065u
,,1.1529M,1.299291u
,,1.15292M,2.157634u
,,1.15294M,3.712407u
,,1.15296M,4.173552u
,,1.15298M,4.355512u
,,1.153M,4.319494u
,,1.15302M,3.742462u
,,1.15304M,2.866742u
,,1.15306M,1.876183u
,,1.15308M,3.455861u
,,1.1531M,4.107755u
,,1.15312M,4.725628u
,,1.15314M,4.668607u
,,1.15316M,2.868553u
,,1.15318M,4.175345u
,,1.1532M,4.833119u
,,1.15322M,4.094098u
,,1.15324M,4.444643u
,,1.15326M,5.247268u
,,1.15328M,5.78517u
,,1.1533M,5.394498u
,,1.15332M,4.498629u
,,1.15334M,4.184296u
,,1.15336M,4.502485u
,,1.15338M,3.434374u
,,1.1534M,2.763087u
,,1.15342M,3.788014u
,,1.15344M,4.115012u
,,1.15346M,4.62679u
,,1.15348M,5.135118u
,,1.1535M,5.375566u
,,1.15352M,4.941996u
,,1.15354M,3.94149u
,,1.15356M,4.947372u
,,1.15358M,6.121477u
,,1.1536M,5.384175u
,,1.15362M,4.13641u
,,1.15364M,3.774001u
,,1.15366M,4.23157u
,,1.15368M,5.484685u
,,1.1537M,6.102496u
,,1.15372M,5.800459u
,,1.15374M,5.496681u
,,1.15376M,5.496542u
,,1.15378M,4.527908u
,,1.1538M,3.937929u
,,1.15382M,4.351897u
,,1.15384M,6.260073u
,,1.15386M,5.975976u
,,1.15388M,2.762268u
,,1.1539M,424.7835n
,,1.15392M,1.919712u
,,1.15394M,3.626657u
,,1.15396M,3.268163u
,,1.15398M,2.73881u
,,1.154M,3.435488u
,,1.15402M,3.889532u
,,1.15404M,3.867109u
,,1.15406M,4.614293u
,,1.15408M,4.195692u
,,1.1541M,4.792175u
,,1.15412M,6.518531u
,,1.15414M,7.286063u
,,1.15416M,6.215353u
,,1.15418M,4.523694u
,,1.1542M,3.704646u
,,1.15422M,4.683341u
,,1.15424M,4.670573u
,,1.15426M,4.7527u
,,1.15428M,4.902815u
,,1.1543M,5.05979u
,,1.15432M,6.181707u
,,1.15434M,4.938074u
,,1.15436M,4.353248u
,,1.15438M,4.964304u
,,1.1544M,4.503374u
,,1.15442M,3.805074u
,,1.15444M,4.665681u
,,1.15446M,5.372687u
,,1.15448M,4.412759u
,,1.1545M,3.013128u
,,1.15452M,2.477956u
,,1.15454M,3.345673u
,,1.15456M,3.224135u
,,1.15458M,2.912399u
,,1.1546M,4.174746u
,,1.15462M,4.388675u
,,1.15464M,2.040863u
,,1.15466M,199.0745n
,,1.15468M,1.198873u
,,1.1547M,3.315763u
,,1.15472M,5.404575u
,,1.15474M,6.495171u
,,1.15476M,7.318665u
,,1.15478M,7.131454u
,,1.1548M,5.172842u
,,1.15482M,4.23811u
,,1.15484M,4.935446u
,,1.15486M,4.646325u
,,1.15488M,3.037912u
,,1.1549M,2.235998u
,,1.15492M,3.759729u
,,1.15494M,3.757383u
,,1.15496M,2.425224u
,,1.15498M,3.380703u
,,1.155M,3.964423u
,,1.15502M,3.800489u
,,1.15504M,3.918514u
,,1.15506M,4.735036u
,,1.15508M,3.35688u
,,1.1551M,3.218263u
,,1.15512M,4.276779u
,,1.15514M,4.918535u
,,1.15516M,5.401395u
,,1.15518M,5.306682u
,,1.1552M,4.446851u
,,1.15522M,3.543714u
,,1.15524M,2.660966u
,,1.15526M,2.771065u
,,1.15528M,3.066679u
,,1.1553M,2.736041u
,,1.15532M,2.569055u
,,1.15534M,3.860817u
,,1.15536M,4.956563u
,,1.15538M,4.608988u
,,1.1554M,4.339582u
,,1.15542M,3.8226u
,,1.15544M,2.579396u
,,1.15546M,3.018055u
,,1.15548M,4.225614u
,,1.1555M,3.559393u
,,1.15552M,3.781682u
,,1.15554M,6.292612u
,,1.15556M,9.773994u
,,1.15558M,10.72029u
,,1.1556M,8.747774u
,,1.15562M,5.972418u
,,1.15564M,4.245201u
,,1.15566M,3.777543u
,,1.15568M,3.871443u
,,1.1557M,5.582956u
,,1.15572M,6.364151u
,,1.15574M,5.871354u
,,1.15576M,4.962996u
,,1.15578M,4.085108u
,,1.1558M,4.476813u
,,1.15582M,6.772495u
,,1.15584M,8.129019u
,,1.15586M,7.144904u
,,1.15588M,5.344168u
,,1.1559M,4.447264u
,,1.15592M,4.04181u
,,1.15594M,3.986984u
,,1.15596M,5.852704u
,,1.15598M,6.476918u
,,1.156M,4.322625u
,,1.15602M,2.938519u
,,1.15604M,3.64807u
,,1.15606M,4.842391u
,,1.15608M,4.404994u
,,1.1561M,3.94265u
,,1.15612M,4.100741u
,,1.15614M,4.575648u
,,1.15616M,3.931149u
,,1.15618M,3.185463u
,,1.1562M,3.810462u
,,1.15622M,3.959533u
,,1.15624M,3.629252u
,,1.15626M,4.990065u
,,1.15628M,7.32445u
,,1.1563M,8.51931u
,,1.15632M,8.733375u
,,1.15634M,7.413124u
,,1.15636M,5.665024u
,,1.15638M,5.937538u
,,1.1564M,5.754866u
,,1.15642M,3.676437u
,,1.15644M,2.362403u
,,1.15646M,2.912175u
,,1.15648M,5.159923u
,,1.1565M,8.290831u
,,1.15652M,9.17763u
,,1.15654M,7.287341u
,,1.15656M,5.587672u
,,1.15658M,4.44756u
,,1.1566M,2.906972u
,,1.15662M,1.505646u
,,1.15664M,1.11704u
,,1.15666M,995.7774n
,,1.15668M,1.335433u
,,1.1567M,2.915354u
,,1.15672M,5.551237u
,,1.15674M,6.210941u
,,1.15676M,4.727158u
,,1.15678M,2.909644u
,,1.1568M,2.76929u
,,1.15682M,3.38893u
,,1.15684M,3.14389u
,,1.15686M,2.67362u
,,1.15688M,3.438718u
,,1.1569M,3.705609u
,,1.15692M,3.269266u
,,1.15694M,1.595597u
,,1.15696M,1.812678u
,,1.15698M,4.338615u
,,1.157M,7.223345u
,,1.15702M,8.863726u
,,1.15704M,8.884936u
,,1.15706M,7.507632u
,,1.15708M,5.090712u
,,1.1571M,3.54491u
,,1.15712M,4.557475u
,,1.15714M,7.104789u
,,1.15716M,8.457405u
,,1.15718M,7.973187u
,,1.1572M,5.933979u
,,1.15722M,3.703584u
,,1.15724M,4.011723u
,,1.15726M,3.554291u
,,1.15728M,3.117208u
,,1.1573M,3.748299u
,,1.15732M,4.033625u
,,1.15734M,3.649651u
,,1.15736M,4.214782u
,,1.15738M,2.678091u
,,1.1574M,3.364413u
,,1.15742M,3.98264u
,,1.15744M,3.667452u
,,1.15746M,5.413782u
,,1.15748M,6.887875u
,,1.1575M,5.768543u
,,1.15752M,4.415162u
,,1.15754M,5.0481u
,,1.15756M,4.528702u
,,1.15758M,3.427907u
,,1.1576M,4.01637u
,,1.15762M,3.473047u
,,1.15764M,3.173624u
,,1.15766M,3.888158u
,,1.15768M,4.138498u
,,1.1577M,6.234702u
,,1.15772M,7.865528u
,,1.15774M,6.605944u
,,1.15776M,4.46079u
,,1.15778M,4.846253u
,,1.1578M,6.595942u
,,1.15782M,7.195125u
,,1.15784M,6.187172u
,,1.15786M,4.700687u
,,1.15788M,4.738971u
,,1.1579M,5.238324u
,,1.15792M,5.28055u
,,1.15794M,6.044549u
,,1.15796M,6.952135u
,,1.15798M,6.609622u
,,1.158M,5.533999u
,,1.15802M,4.32064u
,,1.15804M,3.335505u
,,1.15806M,3.944746u
,,1.15808M,4.986494u
,,1.1581M,4.095191u
,,1.15812M,4.116465u
,,1.15814M,5.855747u
,,1.15816M,6.027333u
,,1.15818M,5.66797u
,,1.1582M,6.045557u
,,1.15822M,5.390145u
,,1.15824M,4.229611u
,,1.15826M,2.545741u
,,1.15828M,1.384063u
,,1.1583M,1.173462u
,,1.15832M,1.379741u
,,1.15834M,2.168463u
,,1.15836M,2.488162u
,,1.15838M,3.715086u
,,1.1584M,4.080227u
,,1.15842M,2.616627u
,,1.15844M,2.015492u
,,1.15846M,2.561259u
,,1.15848M,4.24073u
,,1.1585M,4.963025u
,,1.15852M,3.647935u
,,1.15854M,4.412769u
,,1.15856M,7.181912u
,,1.15858M,7.813067u
,,1.1586M,7.733078u
,,1.15862M,7.747355u
,,1.15864M,5.552831u
,,1.15866M,2.817723u
,,1.15868M,3.02583u
,,1.1587M,4.816686u
,,1.15872M,5.989936u
,,1.15874M,6.357441u
,,1.15876M,6.093196u
,,1.15878M,5.568633u
,,1.1588M,3.958535u
,,1.15882M,2.649269u
,,1.15884M,1.646048u
,,1.15886M,4.163396u
,,1.15888M,5.500895u
,,1.1589M,4.159809u
,,1.15892M,4.436473u
,,1.15894M,7.015932u
,,1.15896M,8.150911u
,,1.15898M,6.08148u
,,1.159M,5.674535u
,,1.15902M,8.750884u
,,1.15904M,10.71141u
,,1.15906M,10.57402u
,,1.15908M,9.403353u
,,1.1591M,6.545384u
,,1.15912M,3.688093u
,,1.15914M,3.390574u
,,1.15916M,3.588587u
,,1.15918M,3.021124u
,,1.1592M,3.762563u
,,1.15922M,4.74581u
,,1.15924M,5.217149u
,,1.15926M,4.261066u
,,1.15928M,3.840874u
,,1.1593M,3.748081u
,,1.15932M,3.448175u
,,1.15934M,2.608858u
,,1.15936M,1.686753u
,,1.15938M,1.041928u
,,1.1594M,1.417046u
,,1.15942M,4.010896u
,,1.15944M,5.487978u
,,1.15946M,5.931169u
,,1.15948M,6.579079u
,,1.1595M,5.633511u
,,1.15952M,4.246381u
,,1.15954M,3.915809u
,,1.15956M,3.693396u
,,1.15958M,3.528582u
,,1.1596M,3.811794u
,,1.15962M,3.754246u
,,1.15964M,2.679603u
,,1.15966M,2.496254u
,,1.15968M,3.380203u
,,1.1597M,4.062344u
,,1.15972M,5.262376u
,,1.15974M,6.058176u
,,1.15976M,5.016988u
,,1.15978M,3.19781u
,,1.1598M,3.18155u
,,1.15982M,5.461043u
,,1.15984M,6.503191u
,,1.15986M,5.012748u
,,1.15988M,4.800508u
,,1.1599M,5.684929u
,,1.15992M,6.067336u
,,1.15994M,5.250353u
,,1.15996M,3.986287u
,,1.15998M,3.130041u
,,1.16M,3.184056u
,,1.16002M,4.513545u
,,1.16004M,5.362923u
,,1.16006M,5.185178u
,,1.16008M,4.442371u
,,1.1601M,4.026854u
,,1.16012M,4.39207u
,,1.16014M,5.101787u
,,1.16016M,6.05048u
,,1.16018M,6.731805u
,,1.1602M,6.503749u
,,1.16022M,6.840206u
,,1.16024M,8.510467u
,,1.16026M,9.258789u
,,1.16028M,8.334325u
,,1.1603M,6.623405u
,,1.16032M,6.03017u
,,1.16034M,6.077782u
,,1.16036M,4.149132u
,,1.16038M,1.631797u
,,1.1604M,1.605688u
,,1.16042M,2.465179u
,,1.16044M,3.849132u
,,1.16046M,6.774535u
,,1.16048M,7.811776u
,,1.1605M,7.075307u
,,1.16052M,7.284017u
,,1.16054M,7.768223u
,,1.16056M,7.66964u
,,1.16058M,7.209885u
,,1.1606M,5.484267u
,,1.16062M,3.71902u
,,1.16064M,2.766341u
,,1.16066M,1.832988u
,,1.16068M,1.126189u
,,1.1607M,1.513809u
,,1.16072M,2.87749u
,,1.16074M,3.746331u
,,1.16076M,5.217422u
,,1.16078M,7.647502u
,,1.1608M,8.019316u
,,1.16082M,6.894448u
,,1.16084M,5.459351u
,,1.16086M,3.657213u
,,1.16088M,3.685637u
,,1.1609M,4.481502u
,,1.16092M,5.346082u
,,1.16094M,5.074472u
,,1.16096M,5.088393u
,,1.16098M,5.963587u
,,1.161M,6.545939u
,,1.16102M,8.034503u
,,1.16104M,9.016822u
,,1.16106M,7.61533u
,,1.16108M,5.318954u
,,1.1611M,4.360356u
,,1.16112M,4.655098u
,,1.16114M,3.574096u
,,1.16116M,1.986977u
,,1.16118M,1.152134u
,,1.1612M,1.987781u
,,1.16122M,2.182551u
,,1.16124M,851.7368n
,,1.16126M,1.809226u
,,1.16128M,1.953982u
,,1.1613M,2.391515u
,,1.16132M,3.248173u
,,1.16134M,4.4633u
,,1.16136M,5.198509u
,,1.16138M,4.742985u
,,1.1614M,4.323969u
,,1.16142M,4.60944u
,,1.16144M,5.994226u
,,1.16146M,8.426658u
,,1.16148M,9.899595u
,,1.1615M,9.549775u
,,1.16152M,7.446278u
,,1.16154M,4.910948u
,,1.16156M,3.776613u
,,1.16158M,6.125778u
,,1.1616M,7.33067u
,,1.16162M,5.992859u
,,1.16164M,4.480258u
,,1.16166M,4.835253u
,,1.16168M,5.827388u
,,1.1617M,6.575261u
,,1.16172M,5.810245u
,,1.16174M,4.737275u
,,1.16176M,4.485753u
,,1.16178M,3.062603u
,,1.1618M,2.274404u
,,1.16182M,1.26978u
,,1.16184M,1.288634u
,,1.16186M,2.697514u
,,1.16188M,2.859235u
,,1.1619M,1.760019u
,,1.16192M,666.1773n
,,1.16194M,1.452995u
,,1.16196M,2.015093u
,,1.16198M,2.886354u
,,1.162M,3.764303u
,,1.16202M,4.907871u
,,1.16204M,5.729211u
,,1.16206M,5.565189u
,,1.16208M,5.714142u
,,1.1621M,5.910034u
,,1.16212M,5.18564u
,,1.16214M,4.206878u
,,1.16216M,3.381588u
,,1.16218M,3.104315u
,,1.1622M,3.61839u
,,1.16222M,3.869995u
,,1.16224M,4.049354u
,,1.16226M,5.327815u
,,1.16228M,5.379964u
,,1.1623M,4.80966u
,,1.16232M,5.499146u
,,1.16234M,6.91733u
,,1.16236M,6.285432u
,,1.16238M,2.099553u
,,1.1624M,2.209183u
,,1.16242M,2.218264u
,,1.16244M,296.3011n
,,1.16246M,1.90447u
,,1.16248M,2.628995u
,,1.1625M,2.37306u
,,1.16252M,3.154131u
,,1.16254M,5.251946u
,,1.16256M,6.888618u
,,1.16258M,7.436657u
,,1.1626M,6.471995u
,,1.16262M,5.623483u
,,1.16264M,6.299499u
,,1.16266M,6.983083u
,,1.16268M,6.929127u
,,1.1627M,6.075339u
,,1.16272M,4.507113u
,,1.16274M,3.370262u
,,1.16276M,3.513936u
,,1.16278M,4.745779u
,,1.1628M,5.661588u
,,1.16282M,5.167344u
,,1.16284M,4.033382u
,,1.16286M,3.882667u
,,1.16288M,5.905315u
,,1.1629M,8.120503u
,,1.16292M,8.225835u
,,1.16294M,6.860431u
,,1.16296M,4.228766u
,,1.16298M,2.403111u
,,1.163M,2.761635u
,,1.16302M,1.900602u
,,1.16304M,1.939383u
,,1.16306M,3.194678u
,,1.16308M,3.395688u
,,1.1631M,2.737806u
,,1.16312M,3.036102u
,,1.16314M,4.267034u
,,1.16316M,4.330599u
,,1.16318M,5.241132u
,,1.1632M,6.968769u
,,1.16322M,6.907292u
,,1.16324M,4.995301u
,,1.16326M,3.713747u
,,1.16328M,2.506548u
,,1.1633M,1.356187u
,,1.16332M,1.417717u
,,1.16334M,1.446279u
,,1.16336M,1.108492u
,,1.16338M,1.909527u
,,1.1634M,4.477122u
,,1.16342M,6.670843u
,,1.16344M,6.338422u
,,1.16346M,5.428813u
,,1.16348M,3.766721u
,,1.1635M,1.681085u
,,1.16352M,3.281346u
,,1.16354M,6.694031u
,,1.16356M,6.806732u
,,1.16358M,4.248377u
,,1.1636M,3.117389u
,,1.16362M,3.43348u
,,1.16364M,4.444562u
,,1.16366M,5.73591u
,,1.16368M,5.070201u
,,1.1637M,3.841982u
,,1.16372M,2.595538u
,,1.16374M,2.354929u
,,1.16376M,1.643148u
,,1.16378M,1.044675u
,,1.1638M,1.596432u
,,1.16382M,4.286404u
,,1.16384M,6.1322u
,,1.16386M,6.138966u
,,1.16388M,5.161315u
,,1.1639M,4.179785u
,,1.16392M,4.496138u
,,1.16394M,5.23362u
,,1.16396M,5.383264u
,,1.16398M,4.413704u
,,1.164M,2.465327u
,,1.16402M,1.930281u
,,1.16404M,3.253333u
,,1.16406M,2.173257u
,,1.16408M,2.275473u
,,1.1641M,1.331533u
,,1.16412M,992.0922n
,,1.16414M,1.254971u
,,1.16416M,1.372895u
,,1.16418M,2.665764u
,,1.1642M,3.787417u
,,1.16422M,6.532466u
,,1.16424M,7.451462u
,,1.16426M,6.889405u
,,1.16428M,5.873441u
,,1.1643M,4.872158u
,,1.16432M,3.687057u
,,1.16434M,2.041799u
,,1.16436M,3.341426u
,,1.16438M,2.645606u
,,1.1644M,1.904126u
,,1.16442M,1.578123u
,,1.16444M,1.171515u
,,1.16446M,2.162924u
,,1.16448M,3.567291u
,,1.1645M,3.987351u
,,1.16452M,4.456981u
,,1.16454M,5.549534u
,,1.16456M,6.650725u
,,1.16458M,7.454035u
,,1.1646M,6.95955u
,,1.16462M,5.208777u
,,1.16464M,3.650414u
,,1.16466M,3.478427u
,,1.16468M,3.284777u
,,1.1647M,2.101654u
,,1.16472M,2.678028u
,,1.16474M,3.60891u
,,1.16476M,4.135002u
,,1.16478M,4.917642u
,,1.1648M,5.152151u
,,1.16482M,4.491047u
,,1.16484M,4.48031u
,,1.16486M,5.485716u
,,1.16488M,6.31368u
,,1.1649M,6.339409u
,,1.16492M,6.445084u
,,1.16494M,6.069941u
,,1.16496M,3.400179u
,,1.16498M,1.817598u
,,1.165M,1.651873u
,,1.16502M,1.220519u
,,1.16504M,1.555094u
,,1.16506M,1.143018u
,,1.16508M,856.6846n
,,1.1651M,469.2392n
,,1.16512M,649.8315n
,,1.16514M,2.082697u
,,1.16516M,3.043596u
,,1.16518M,4.367607u
,,1.1652M,4.92511u
,,1.16522M,3.473308u
,,1.16524M,356.4182n
,,1.16526M,2.383202u
,,1.16528M,4.39899u
,,1.1653M,7.927243u
,,1.16532M,9.77918u
,,1.16534M,7.079662u
,,1.16536M,2.244067u
,,1.16538M,2.199977u
,,1.1654M,3.430653u
,,1.16542M,4.480317u
,,1.16544M,5.179726u
,,1.16546M,4.933769u
,,1.16548M,5.330678u
,,1.1655M,4.730546u
,,1.16552M,2.637393u
,,1.16554M,1.718541u
,,1.16556M,2.923116u
,,1.16558M,4.941439u
,,1.1656M,6.660373u
,,1.16562M,7.158355u
,,1.16564M,5.55917u
,,1.16566M,3.165053u
,,1.16568M,2.233685u
,,1.1657M,2.782494u
,,1.16572M,1.677969u
,,1.16574M,985.4555n
,,1.16576M,1.892137u
,,1.16578M,3.625308u
,,1.1658M,4.463936u
,,1.16582M,2.22501u
,,1.16584M,1.310575u
,,1.16586M,2.794801u
,,1.16588M,3.448188u
,,1.1659M,2.437082u
,,1.16592M,2.127601u
,,1.16594M,3.007203u
,,1.16596M,3.196457u
,,1.16598M,3.109728u
,,1.166M,3.576939u
,,1.16602M,3.616886u
,,1.16604M,2.631261u
,,1.16606M,1.739311u
,,1.16608M,2.753921u
,,1.1661M,3.391089u
,,1.16612M,2.117584u
,,1.16614M,2.554743u
,,1.16616M,3.394094u
,,1.16618M,3.372251u
,,1.1662M,3.227653u
,,1.16622M,2.561954u
,,1.16624M,2.328193u
,,1.16626M,1.007182u
,,1.16628M,2.029337u
,,1.1663M,2.42599u
,,1.16632M,691.8152n
,,1.16634M,901.5043n
,,1.16636M,1.794887u
,,1.16638M,3.200382u
,,1.1664M,3.216373u
,,1.16642M,2.775904u
,,1.16644M,2.344725u
,,1.16646M,2.060216u
,,1.16648M,1.433941u
,,1.1665M,1.800892u
,,1.16652M,4.630879u
,,1.16654M,4.679681u
,,1.16656M,2.245848u
,,1.16658M,1.860116u
,,1.1666M,3.559318u
,,1.16662M,3.411567u
,,1.16664M,1.874007u
,,1.16666M,1.242312u
,,1.16668M,1.770595u
,,1.1667M,2.880566u
,,1.16672M,2.195238u
,,1.16674M,1.184674u
,,1.16676M,1.011582u
,,1.16678M,2.464331u
,,1.1668M,3.583011u
,,1.16682M,4.478308u
,,1.16684M,5.461198u
,,1.16686M,3.463726u
,,1.16688M,2.723475u
,,1.1669M,540.5421n
,,1.16692M,3.018763u
,,1.16694M,3.72877u
,,1.16696M,1.977285u
,,1.16698M,3.205506u
,,1.167M,3.592463u
,,1.16702M,2.232697u
,,1.16704M,2.735896u
,,1.16706M,2.97471u
,,1.16708M,3.209021u
,,1.1671M,3.927641u
,,1.16712M,2.193736u
,,1.16714M,340.4478n
,,1.16716M,584.5647n
,,1.16718M,2.259473u
,,1.1672M,2.828409u
,,1.16722M,2.109843u
,,1.16724M,1.125576u
,,1.16726M,3.616723u
,,1.16728M,2.836205u
,,1.1673M,1.244655u
,,1.16732M,1.09565u
,,1.16734M,2.114386u
,,1.16736M,4.719151u
,,1.16738M,5.272244u
,,1.1674M,3.861056u
,,1.16742M,3.523264u
,,1.16744M,3.632676u
,,1.16746M,3.831058u
,,1.16748M,3.74955u
,,1.1675M,3.989171u
,,1.16752M,3.744978u
,,1.16754M,2.473806u
,,1.16756M,1.753185u
,,1.16758M,2.348034u
,,1.1676M,2.723227u
,,1.16762M,2.688891u
,,1.16764M,3.493443u
,,1.16766M,4.356873u
,,1.16768M,3.217605u
,,1.1677M,1.049693u
,,1.16772M,427.827n
,,1.16774M,1.036827u
,,1.16776M,1.434398u
,,1.16778M,1.895579u
,,1.1678M,2.669166u
,,1.16782M,2.826187u
,,1.16784M,2.655638u
,,1.16786M,3.324572u
,,1.16788M,3.75088u
,,1.1679M,2.281248u
,,1.16792M,1.646414u
,,1.16794M,2.90484u
,,1.16796M,3.09588u
,,1.16798M,2.088575u
,,1.168M,842.0912n
,,1.16802M,933.9084n
,,1.16804M,3.293872u
,,1.16806M,4.20104u
,,1.16808M,3.424856u
,,1.1681M,2.771198u
,,1.16812M,2.925515u
,,1.16814M,3.748576u
,,1.16816M,3.229051u
,,1.16818M,1.098111u
,,1.1682M,1.233418u
,,1.16822M,1.781614u
,,1.16824M,722.7271n
,,1.16826M,2.374253u
,,1.16828M,4.056821u
,,1.1683M,4.038545u
,,1.16832M,4.14617u
,,1.16834M,4.949678u
,,1.16836M,5.515699u
,,1.16838M,4.362768u
,,1.1684M,2.491604u
,,1.16842M,2.117811u
,,1.16844M,1.882507u
,,1.16846M,1.924987u
,,1.16848M,2.039033u
,,1.1685M,3.05277u
,,1.16852M,5.338678u
,,1.16854M,5.654498u
,,1.16856M,5.126233u
,,1.16858M,3.730676u
,,1.1686M,2.225704u
,,1.16862M,2.097928u
,,1.16864M,2.461193u
,,1.16866M,3.112542u
,,1.16868M,2.626816u
,,1.1687M,3.114565u
,,1.16872M,4.550342u
,,1.16874M,4.153955u
,,1.16876M,3.471743u
,,1.16878M,3.476832u
,,1.1688M,2.346606u
,,1.16882M,1.054576u
,,1.16884M,246.688n
,,1.16886M,2.505714u
,,1.16888M,4.713133u
,,1.1689M,4.19387u
,,1.16892M,3.342924u
,,1.16894M,4.01426u
,,1.16896M,4.675766u
,,1.16898M,4.023284u
,,1.169M,1.752364u
,,1.16902M,928.0404n
,,1.16904M,1.760404u
,,1.16906M,2.129849u
,,1.16908M,3.057989u
,,1.1691M,3.691298u
,,1.16912M,4.956921u
,,1.16914M,3.592515u
,,1.16916M,531.3059n
,,1.16918M,816.8445n
,,1.1692M,1.548442u
,,1.16922M,3.622268u
,,1.16924M,3.218905u
,,1.16926M,3.118465u
,,1.16928M,4.992542u
,,1.1693M,5.81565u
,,1.16932M,3.653796u
,,1.16934M,2.804079u
,,1.16936M,2.024386u
,,1.16938M,1.854699u
,,1.1694M,2.75342u
,,1.16942M,2.261832u
,,1.16944M,1.519441u
,,1.16946M,1.660304u
,,1.16948M,1.659228u
,,1.1695M,1.244246u
,,1.16952M,867.5658n
,,1.16954M,1.904645u
,,1.16956M,1.252301u
,,1.16958M,1.983715u
,,1.1696M,4.642798u
,,1.16962M,5.724849u
,,1.16964M,4.760015u
,,1.16966M,4.645571u
,,1.16968M,4.842527u
,,1.1697M,4.39414u
,,1.16972M,3.713863u
,,1.16974M,3.176442u
,,1.16976M,3.67163u
,,1.16978M,4.629094u
,,1.1698M,4.636939u
,,1.16982M,3.345216u
,,1.16984M,3.579801u
,,1.16986M,4.456344u
,,1.16988M,4.155826u
,,1.1699M,3.801828u
,,1.16992M,3.771029u
,,1.16994M,4.436645u
,,1.16996M,4.371398u
,,1.16998M,2.457582u
,,1.17M,2.900968u
,,1.17002M,1.417691u
,,1.17004M,3.007499u
,,1.17006M,4.614266u
,,1.17008M,3.273982u
,,1.1701M,2.195144u
,,1.17012M,2.921791u
,,1.17014M,4.256004u
,,1.17016M,5.23005u
,,1.17018M,5.736775u
,,1.1702M,5.657982u
,,1.17022M,5.768736u
,,1.17024M,6.122262u
,,1.17026M,4.057306u
,,1.17028M,2.035724u
,,1.1703M,2.415182u
,,1.17032M,2.328832u
,,1.17034M,1.36367u
,,1.17036M,1.577124u
,,1.17038M,1.145603u
,,1.1704M,4.030285u
,,1.17042M,5.121986u
,,1.17044M,4.055519u
,,1.17046M,4.137371u
,,1.17048M,4.535096u
,,1.1705M,4.228427u
,,1.17052M,5.051282u
,,1.17054M,5.621463u
,,1.17056M,4.095719u
,,1.17058M,2.725884u
,,1.1706M,2.589587u
,,1.17062M,2.020716u
,,1.17064M,1.076677u
,,1.17066M,1.744756u
,,1.17068M,2.888683u
,,1.1707M,4.331726u
,,1.17072M,3.704698u
,,1.17074M,2.13377u
,,1.17076M,2.505134u
,,1.17078M,2.17495u
,,1.1708M,2.543549u
,,1.17082M,3.367148u
,,1.17084M,3.868541u
,,1.17086M,3.53161u
,,1.17088M,3.161437u
,,1.1709M,3.451882u
,,1.17092M,2.606759u
,,1.17094M,1.953764u
,,1.17096M,1.761783u
,,1.17098M,1.948084u
,,1.171M,1.552991u
,,1.17102M,465.6913n
,,1.17104M,1.35664u
,,1.17106M,1.323802u
,,1.17108M,3.054812u
,,1.1711M,2.648429u
,,1.17112M,1.461569u
,,1.17114M,2.311605u
,,1.17116M,2.052484u
,,1.17118M,1.646743u
,,1.1712M,1.794921u
,,1.17122M,1.809725u
,,1.17124M,2.269764u
,,1.17126M,3.439061u
,,1.17128M,4.477716u
,,1.1713M,5.239962u
,,1.17132M,5.617981u
,,1.17134M,5.339725u
,,1.17136M,5.32572u
,,1.17138M,5.251229u
,,1.1714M,5.163169u
,,1.17142M,5.066231u
,,1.17144M,4.471463u
,,1.17146M,3.449312u
,,1.17148M,3.639257u
,,1.1715M,3.920104u
,,1.17152M,3.00287u
,,1.17154M,3.526233u
,,1.17156M,4.819493u
,,1.17158M,5.582729u
,,1.1716M,4.750695u
,,1.17162M,2.844942u
,,1.17164M,3.625525u
,,1.17166M,4.559874u
,,1.17168M,5.432488u
,,1.1717M,5.581835u
,,1.17172M,5.649811u
,,1.17174M,5.817916u
,,1.17176M,5.995171u
,,1.17178M,4.753348u
,,1.1718M,1.807567u
,,1.17182M,1.349624u
,,1.17184M,1.599832u
,,1.17186M,352.2119n
,,1.17188M,1.191679u
,,1.1719M,2.507923u
,,1.17192M,3.38455u
,,1.17194M,3.221329u
,,1.17196M,3.967121u
,,1.17198M,4.049657u
,,1.172M,1.941953u
,,1.17202M,1.904195u
,,1.17204M,2.326562u
,,1.17206M,2.678674u
,,1.17208M,2.519697u
,,1.1721M,3.944856u
,,1.17212M,4.442158u
,,1.17214M,4.007469u
,,1.17216M,4.209156u
,,1.17218M,4.908727u
,,1.1722M,5.003858u
,,1.17222M,4.525081u
,,1.17224M,4.11906u
,,1.17226M,4.250041u
,,1.17228M,5.947746u
,,1.1723M,7.095251u
,,1.17232M,5.986425u
,,1.17234M,3.874071u
,,1.17236M,3.92085u
,,1.17238M,5.020004u
,,1.1724M,4.894769u
,,1.17242M,3.440536u
,,1.17244M,1.781755u
,,1.17246M,2.397202u
,,1.17248M,4.045236u
,,1.1725M,4.109693u
,,1.17252M,4.666711u
,,1.17254M,5.622522u
,,1.17256M,5.333986u
,,1.17258M,4.525411u
,,1.1726M,4.351341u
,,1.17262M,4.69692u
,,1.17264M,4.88785u
,,1.17266M,4.500208u
,,1.17268M,3.883178u
,,1.1727M,3.750004u
,,1.17272M,4.524656u
,,1.17274M,5.635472u
,,1.17276M,5.491769u
,,1.17278M,3.578553u
,,1.1728M,1.819118u
,,1.17282M,815.9507n
,,1.17284M,1.59794u
,,1.17286M,3.385349u
,,1.17288M,3.924974u
,,1.1729M,4.107186u
,,1.17292M,5.092989u
,,1.17294M,4.702923u
,,1.17296M,3.988635u
,,1.17298M,3.324054u
,,1.173M,585.802n
,,1.17302M,2.714257u
,,1.17304M,4.227172u
,,1.17306M,3.474719u
,,1.17308M,3.083348u
,,1.1731M,4.376654u
,,1.17312M,5.636042u
,,1.17314M,6.768929u
,,1.17316M,7.87484u
,,1.17318M,6.954637u
,,1.1732M,5.002261u
,,1.17322M,3.324065u
,,1.17324M,3.201064u
,,1.17326M,4.790978u
,,1.17328M,5.466783u
,,1.1733M,4.048925u
,,1.17332M,3.099606u
,,1.17334M,2.791975u
,,1.17336M,1.851859u
,,1.17338M,1.629972u
,,1.1734M,2.055301u
,,1.17342M,2.305087u
,,1.17344M,2.187816u
,,1.17346M,3.094278u
,,1.17348M,2.988884u
,,1.1735M,1.442692u
,,1.17352M,2.194768u
,,1.17354M,2.081576u
,,1.17356M,2.349524u
,,1.17358M,2.137538u
,,1.1736M,2.733631u
,,1.17362M,4.631155u
,,1.17364M,4.796813u
,,1.17366M,3.907146u
,,1.17368M,3.530208u
,,1.1737M,3.455359u
,,1.17372M,4.226898u
,,1.17374M,4.423252u
,,1.17376M,3.805324u
,,1.17378M,4.409276u
,,1.1738M,6.05701u
,,1.17382M,5.556526u
,,1.17384M,3.06318u
,,1.17386M,1.441342u
,,1.17388M,2.406374u
,,1.1739M,3.397738u
,,1.17392M,3.501248u
,,1.17394M,3.356123u
,,1.17396M,2.109122u
,,1.17398M,1.229141u
,,1.174M,740.5642n
,,1.17402M,1.159235u
,,1.17404M,3.665369u
,,1.17406M,6.318242u
,,1.17408M,7.079292u
,,1.1741M,7.157271u
,,1.17412M,6.006787u
,,1.17414M,4.688286u
,,1.17416M,3.784782u
,,1.17418M,2.92245u
,,1.1742M,2.732507u
,,1.17422M,3.219694u
,,1.17424M,4.286664u
,,1.17426M,5.106077u
,,1.17428M,4.922111u
,,1.1743M,4.314974u
,,1.17432M,5.687838u
,,1.17434M,7.123114u
,,1.17436M,5.651504u
,,1.17438M,3.970946u
,,1.1744M,3.786873u
,,1.17442M,4.490665u
,,1.17444M,5.034753u
,,1.17446M,5.030111u
,,1.17448M,3.736441u
,,1.1745M,3.642978u
,,1.17452M,5.115963u
,,1.17454M,5.580988u
,,1.17456M,6.009918u
,,1.17458M,6.693246u
,,1.1746M,6.963251u
,,1.17462M,7.188677u
,,1.17464M,6.626888u
,,1.17466M,5.647512u
,,1.17468M,5.602017u
,,1.1747M,5.2271u
,,1.17472M,4.181947u
,,1.17474M,3.995974u
,,1.17476M,4.955112u
,,1.17478M,4.366347u
,,1.1748M,3.691861u
,,1.17482M,3.030545u
,,1.17484M,2.351015u
,,1.17486M,3.609023u
,,1.17488M,4.149242u
,,1.1749M,3.770532u
,,1.17492M,3.872865u
,,1.17494M,3.85294u
,,1.17496M,3.794689u
,,1.17498M,4.579357u
,,1.175M,4.617341u
,,1.17502M,3.648983u
,,1.17504M,3.406099u
,,1.17506M,4.317775u
,,1.17508M,5.178187u
,,1.1751M,4.673492u
,,1.17512M,3.345614u
,,1.17514M,1.444u
,,1.17516M,1.393861u
,,1.17518M,2.054922u
,,1.1752M,3.433776u
,,1.17522M,5.298912u
,,1.17524M,5.288393u
,,1.17526M,3.3579u
,,1.17528M,3.215019u
,,1.1753M,6.444062u
,,1.17532M,7.794959u
,,1.17534M,6.854449u
,,1.17536M,4.857842u
,,1.17538M,3.213268u
,,1.1754M,3.828617u
,,1.17542M,5.110359u
,,1.17544M,4.967127u
,,1.17546M,4.224137u
,,1.17548M,3.631946u
,,1.1755M,1.547601u
,,1.17552M,1.380046u
,,1.17554M,731.3695n
,,1.17556M,1.367207u
,,1.17558M,3.816246u
,,1.1756M,4.434416u
,,1.17562M,4.009508u
,,1.17564M,5.929405u
,,1.17566M,7.283574u
,,1.17568M,6.604919u
,,1.1757M,5.470346u
,,1.17572M,4.904909u
,,1.17574M,4.379508u
,,1.17576M,3.446133u
,,1.17578M,3.596804u
,,1.1758M,4.271433u
,,1.17582M,4.407924u
,,1.17584M,5.844508u
,,1.17586M,6.097114u
,,1.17588M,3.83144u
,,1.1759M,2.007703u
,,1.17592M,3.541303u
,,1.17594M,5.006398u
,,1.17596M,4.534289u
,,1.17598M,4.785003u
,,1.176M,6.439652u
,,1.17602M,7.006947u
,,1.17604M,6.180436u
,,1.17606M,4.998451u
,,1.17608M,5.123541u
,,1.1761M,5.473488u
,,1.17612M,6.327385u
,,1.17614M,7.87537u
,,1.17616M,6.899548u
,,1.17618M,6.461198u
,,1.1762M,6.215196u
,,1.17622M,5.969498u
,,1.17624M,4.753944u
,,1.17626M,3.226568u
,,1.17628M,3.235117u
,,1.1763M,3.955208u
,,1.17632M,3.592357u
,,1.17634M,3.813904u
,,1.17636M,4.001697u
,,1.17638M,3.589368u
,,1.1764M,3.903573u
,,1.17642M,4.696267u
,,1.17644M,5.166448u
,,1.17646M,5.031687u
,,1.17648M,4.007929u
,,1.1765M,3.667833u
,,1.17652M,4.632553u
,,1.17654M,4.140667u
,,1.17656M,2.372541u
,,1.17658M,1.472451u
,,1.1766M,2.928357u
,,1.17662M,5.648544u
,,1.17664M,7.924977u
,,1.17666M,8.357587u
,,1.17668M,8.398413u
,,1.1767M,8.752179u
,,1.17672M,7.023543u
,,1.17674M,4.140071u
,,1.17676M,2.724243u
,,1.17678M,1.989189u
,,1.1768M,2.143027u
,,1.17682M,3.968371u
,,1.17684M,4.706806u
,,1.17686M,4.562017u
,,1.17688M,5.088229u
,,1.1769M,6.185831u
,,1.17692M,6.748517u
,,1.17694M,6.103688u
,,1.17696M,4.437291u
,,1.17698M,2.924605u
,,1.177M,2.196056u
,,1.17702M,1.977796u
,,1.17704M,2.72888u
,,1.17706M,4.008607u
,,1.17708M,4.740998u
,,1.1771M,4.57651u
,,1.17712M,4.653143u
,,1.17714M,5.230307u
,,1.17716M,5.541854u
,,1.17718M,6.751056u
,,1.1772M,8.103576u
,,1.17722M,7.863455u
,,1.17724M,6.339992u
,,1.17726M,5.7722u
,,1.17728M,7.404154u
,,1.1773M,9.439395u
,,1.17732M,10.24133u
,,1.17734M,9.237689u
,,1.17736M,7.624938u
,,1.17738M,7.127509u
,,1.1774M,6.78905u
,,1.17742M,6.641756u
,,1.17744M,6.903976u
,,1.17746M,6.773373u
,,1.17748M,4.903178u
,,1.1775M,1.598005u
,,1.17752M,2.192873u
,,1.17754M,1.531339u
,,1.17756M,1.248302u
,,1.17758M,3.319625u
,,1.1776M,4.023295u
,,1.17762M,3.956003u
,,1.17764M,4.114752u
,,1.17766M,3.603457u
,,1.17768M,3.762739u
,,1.1777M,5.226744u
,,1.17772M,6.425386u
,,1.17774M,6.64581u
,,1.17776M,6.422055u
,,1.17778M,4.716454u
,,1.1778M,3.030784u
,,1.17782M,4.353484u
,,1.17784M,6.045293u
,,1.17786M,4.558943u
,,1.17788M,3.480295u
,,1.1779M,4.942934u
,,1.17792M,5.992682u
,,1.17794M,4.998349u
,,1.17796M,2.850613u
,,1.17798M,1.749696u
,,1.178M,849.9113n
,,1.17802M,1.414223u
,,1.17804M,1.610598u
,,1.17806M,3.321901u
,,1.17808M,4.792124u
,,1.1781M,4.715222u
,,1.17812M,4.110287u
,,1.17814M,4.159165u
,,1.17816M,4.278783u
,,1.17818M,4.454401u
,,1.1782M,4.487357u
,,1.17822M,4.225445u
,,1.17824M,2.865759u
,,1.17826M,1.093397u
,,1.17828M,1.960889u
,,1.1783M,4.798254u
,,1.17832M,4.865593u
,,1.17834M,3.956028u
,,1.17836M,3.712592u
,,1.17838M,3.184403u
,,1.1784M,2.934223u
,,1.17842M,3.126812u
,,1.17844M,3.367175u
,,1.17846M,4.054942u
,,1.17848M,3.948655u
,,1.1785M,4.018059u
,,1.17852M,4.903337u
,,1.17854M,6.400006u
,,1.17856M,7.369252u
,,1.17858M,6.717603u
,,1.1786M,3.624008u
,,1.17862M,899.3256n
,,1.17864M,2.819632u
,,1.17866M,6.916531u
,,1.17868M,7.585638u
,,1.1787M,5.061482u
,,1.17872M,4.605332u
,,1.17874M,7.686548u
,,1.17876M,9.894737u
,,1.17878M,8.325202u
,,1.1788M,5.936057u
,,1.17882M,4.821182u
,,1.17884M,5.362448u
,,1.17886M,5.635042u
,,1.17888M,5.544439u
,,1.1789M,4.911975u
,,1.17892M,3.902182u
,,1.17894M,3.101367u
,,1.17896M,2.677329u
,,1.17898M,1.854762u
,,1.179M,1.184199u
,,1.17902M,3.146269u
,,1.17904M,5.755518u
,,1.17906M,5.835968u
,,1.17908M,5.745654u
,,1.1791M,6.337654u
,,1.17912M,6.346342u
,,1.17914M,5.722537u
,,1.17916M,4.328106u
,,1.17918M,2.862742u
,,1.1792M,2.823164u
,,1.17922M,3.111028u
,,1.17924M,2.800917u
,,1.17926M,2.731097u
,,1.17928M,2.872993u
,,1.1793M,3.437804u
,,1.17932M,2.947049u
,,1.17934M,3.835536u
,,1.17936M,5.902653u
,,1.17938M,5.786589u
,,1.1794M,3.687378u
,,1.17942M,2.157242u
,,1.17944M,1.759035u
,,1.17946M,2.195123u
,,1.17948M,2.298891u
,,1.1795M,4.590395u
,,1.17952M,6.460508u
,,1.17954M,4.862999u
,,1.17956M,2.060253u
,,1.17958M,933.7161n
,,1.1796M,1.293u
,,1.17962M,2.477295u
,,1.17964M,4.196704u
,,1.17966M,4.907525u
,,1.17968M,3.631272u
,,1.1797M,1.967392u
,,1.17972M,2.069927u
,,1.17974M,1.987811u
,,1.17976M,1.764416u
,,1.17978M,3.069426u
,,1.1798M,4.604063u
,,1.17982M,4.098462u
,,1.17984M,2.30974u
,,1.17986M,1.473413u
,,1.17988M,3.039707u
,,1.1799M,5.496319u
,,1.17992M,6.095223u
,,1.17994M,4.577701u
,,1.17996M,4.898293u
,,1.17998M,6.965305u
,,1.18M,7.732208u
,,1.18002M,5.729632u
,,1.18004M,4.182542u
,,1.18006M,5.760145u
,,1.18008M,6.609763u
,,1.1801M,6.608408u
,,1.18012M,6.349783u
,,1.18014M,4.367672u
,,1.18016M,1.760376u
,,1.18018M,921.4006n
,,1.1802M,1.877123u
,,1.18022M,3.13723u
,,1.18024M,5.306971u
,,1.18026M,7.587097u
,,1.18028M,8.141823u
,,1.1803M,6.989455u
,,1.18032M,5.282261u
,,1.18034M,4.045095u
,,1.18036M,4.9955u
,,1.18038M,7.321015u
,,1.1804M,8.262726u
,,1.18042M,8.112474u
,,1.18044M,8.245479u
,,1.18046M,7.967327u
,,1.18048M,7.126161u
,,1.1805M,5.867853u
,,1.18052M,3.637829u
,,1.18054M,2.753894u
,,1.18056M,4.230788u
,,1.18058M,6.015482u
,,1.1806M,6.620358u
,,1.18062M,5.864714u
,,1.18064M,4.875515u
,,1.18066M,3.877771u
,,1.18068M,3.761138u
,,1.1807M,3.90483u
,,1.18072M,5.783941u
,,1.18074M,6.848314u
,,1.18076M,6.822283u
,,1.18078M,5.076225u
,,1.1808M,3.835786u
,,1.18082M,5.742854u
,,1.18084M,7.872611u
,,1.18086M,7.232516u
,,1.18088M,5.343733u
,,1.1809M,4.01895u
,,1.18092M,3.900352u
,,1.18094M,3.277099u
,,1.18096M,2.377738u
,,1.18098M,2.811345u
,,1.181M,4.536788u
,,1.18102M,6.135623u
,,1.18104M,7.105076u
,,1.18106M,6.752852u
,,1.18108M,5.807628u
,,1.1811M,6.062103u
,,1.18112M,5.130228u
,,1.18114M,4.253276u
,,1.18116M,4.403463u
,,1.18118M,5.794133u
,,1.1812M,6.108274u
,,1.18122M,5.023534u
,,1.18124M,3.624121u
,,1.18126M,3.815204u
,,1.18128M,5.268967u
,,1.1813M,5.954528u
,,1.18132M,4.979837u
,,1.18134M,3.917934u
,,1.18136M,6.211498u
,,1.18138M,8.10096u
,,1.1814M,8.478556u
,,1.18142M,6.93809u
,,1.18144M,5.047018u
,,1.18146M,5.064698u
,,1.18148M,6.091818u
,,1.1815M,6.265133u
,,1.18152M,4.771075u
,,1.18154M,3.308955u
,,1.18156M,2.542114u
,,1.18158M,4.527678u
,,1.1816M,6.645906u
,,1.18162M,6.735797u
,,1.18164M,5.175238u
,,1.18166M,3.682508u
,,1.18168M,4.67249u
,,1.1817M,7.044008u
,,1.18172M,7.501326u
,,1.18174M,6.078588u
,,1.18176M,5.862363u
,,1.18178M,6.275176u
,,1.1818M,5.110421u
,,1.18182M,4.690159u
,,1.18184M,4.875956u
,,1.18186M,4.529743u
,,1.18188M,4.615259u
,,1.1819M,5.078864u
,,1.18192M,4.538899u
,,1.18194M,2.633192u
,,1.18196M,1.951933u
,,1.18198M,3.105643u
,,1.182M,4.900496u
,,1.18202M,6.201399u
,,1.18204M,6.418596u
,,1.18206M,6.482371u
,,1.18208M,5.252413u
,,1.1821M,2.489158u
,,1.18212M,943.2295n
,,1.18214M,1.722068u
,,1.18216M,3.575346u
,,1.18218M,4.45267u
,,1.1822M,6.153287u
,,1.18222M,8.205583u
,,1.18224M,8.570245u
,,1.18226M,7.283608u
,,1.18228M,6.28888u
,,1.1823M,7.156571u
,,1.18232M,8.28297u
,,1.18234M,8.857105u
,,1.18236M,8.278987u
,,1.18238M,6.244944u
,,1.1824M,5.984255u
,,1.18242M,6.748057u
,,1.18244M,6.745459u
,,1.18246M,6.523424u
,,1.18248M,5.941992u
,,1.1825M,5.19545u
,,1.18252M,5.010808u
,,1.18254M,5.410388u
,,1.18256M,6.584597u
,,1.18258M,6.876182u
,,1.1826M,4.776787u
,,1.18262M,4.440953u
,,1.18264M,6.819344u
,,1.18266M,8.077191u
,,1.18268M,6.793728u
,,1.1827M,5.118756u
,,1.18272M,4.390183u
,,1.18274M,4.062581u
,,1.18276M,4.881183u
,,1.18278M,5.483985u
,,1.1828M,5.538571u
,,1.18282M,5.896127u
,,1.18284M,7.110501u
,,1.18286M,8.385677u
,,1.18288M,8.930139u
,,1.1829M,8.356017u
,,1.18292M,7.019631u
,,1.18294M,4.893333u
,,1.18296M,3.382537u
,,1.18298M,3.195143u
,,1.183M,4.329587u
,,1.18302M,4.943156u
,,1.18304M,4.275935u
,,1.18306M,4.848654u
,,1.18308M,6.559469u
,,1.1831M,6.571921u
,,1.18312M,6.114769u
,,1.18314M,7.669145u
,,1.18316M,9.939085u
,,1.18318M,10.67567u
,,1.1832M,8.574314u
,,1.18322M,5.727803u
,,1.18324M,5.962074u
,,1.18326M,8.15944u
,,1.18328M,8.885672u
,,1.1833M,7.553289u
,,1.18332M,7.162047u
,,1.18334M,7.753783u
,,1.18336M,8.341106u
,,1.18338M,8.549498u
,,1.1834M,9.706475u
,,1.18342M,9.808074u
,,1.18344M,9.600183u
,,1.18346M,9.059079u
,,1.18348M,6.766389u
,,1.1835M,4.362357u
,,1.18352M,3.068028u
,,1.18354M,1.989773u
,,1.18356M,890.7642n
,,1.18358M,1.431968u
,,1.1836M,3.097282u
,,1.18362M,5.140733u
,,1.18364M,7.091241u
,,1.18366M,8.217906u
,,1.18368M,9.443283u
,,1.1837M,9.855703u
,,1.18372M,8.757014u
,,1.18374M,7.598795u
,,1.18376M,5.903642u
,,1.18378M,4.193619u
,,1.1838M,4.105407u
,,1.18382M,6.223578u
,,1.18384M,9.751991u
,,1.18386M,12.16496u
,,1.18388M,11.03342u
,,1.1839M,8.783948u
,,1.18392M,8.538445u
,,1.18394M,8.260545u
,,1.18396M,6.937208u
,,1.18398M,6.900904u
,,1.184M,7.005623u
,,1.18402M,6.768535u
,,1.18404M,6.899444u
,,1.18406M,5.721079u
,,1.18408M,6.007799u
,,1.1841M,8.605401u
,,1.18412M,9.67497u
,,1.18414M,7.412997u
,,1.18416M,4.3495u
,,1.18418M,2.387833u
,,1.1842M,1.6844u
,,1.18422M,2.956166u
,,1.18424M,5.268481u
,,1.18426M,6.020196u
,,1.18428M,4.781251u
,,1.1843M,4.210812u
,,1.18432M,5.482917u
,,1.18434M,7.433278u
,,1.18436M,7.921362u
,,1.18438M,7.319432u
,,1.1844M,7.192808u
,,1.18442M,6.392574u
,,1.18444M,6.085612u
,,1.18446M,7.02373u
,,1.18448M,6.64458u
,,1.1845M,5.929961u
,,1.18452M,6.507695u
,,1.18454M,7.137654u
,,1.18456M,7.115059u
,,1.18458M,7.08074u
,,1.1846M,7.268234u
,,1.18462M,7.921694u
,,1.18464M,7.765065u
,,1.18466M,7.94389u
,,1.18468M,9.734262u
,,1.1847M,10.87082u
,,1.18472M,10.09318u
,,1.18474M,8.737332u
,,1.18476M,6.973222u
,,1.18478M,5.068691u
,,1.1848M,5.111929u
,,1.18482M,7.551524u
,,1.18484M,9.948081u
,,1.18486M,10.63516u
,,1.18488M,9.738368u
,,1.1849M,8.389466u
,,1.18492M,7.169541u
,,1.18494M,6.422122u
,,1.18496M,5.786433u
,,1.18498M,5.248528u
,,1.185M,6.177818u
,,1.18502M,7.30423u
,,1.18504M,6.972618u
,,1.18506M,7.400645u
,,1.18508M,9.21911u
,,1.1851M,9.606121u
,,1.18512M,7.226757u
,,1.18514M,3.783597u
,,1.18516M,2.901232u
,,1.18518M,4.186231u
,,1.1852M,6.053193u
,,1.18522M,7.521623u
,,1.18524M,8.33573u
,,1.18526M,8.040709u
,,1.18528M,7.211118u
,,1.1853M,6.613421u
,,1.18532M,4.686509u
,,1.18534M,2.597415u
,,1.18536M,3.786963u
,,1.18538M,6.3818u
,,1.1854M,5.444076u
,,1.18542M,3.394425u
,,1.18544M,3.326177u
,,1.18546M,4.383769u
,,1.18548M,5.865518u
,,1.1855M,8.129499u
,,1.18552M,8.982188u
,,1.18554M,9.052536u
,,1.18556M,9.257486u
,,1.18558M,8.801966u
,,1.1856M,8.695966u
,,1.18562M,7.436714u
,,1.18564M,6.52173u
,,1.18566M,7.966726u
,,1.18568M,9.440125u
,,1.1857M,8.192899u
,,1.18572M,6.191422u
,,1.18574M,7.463905u
,,1.18576M,10.11469u
,,1.18578M,10.64199u
,,1.1858M,8.163895u
,,1.18582M,6.113774u
,,1.18584M,6.137956u
,,1.18586M,6.620755u
,,1.18588M,7.14211u
,,1.1859M,7.547043u
,,1.18592M,7.421749u
,,1.18594M,6.611924u
,,1.18596M,5.295115u
,,1.18598M,4.990288u
,,1.186M,5.38588u
,,1.18602M,4.244866u
,,1.18604M,3.148745u
,,1.18606M,4.18884u
,,1.18608M,5.912863u
,,1.1861M,5.819912u
,,1.18612M,5.299414u
,,1.18614M,6.451917u
,,1.18616M,7.019428u
,,1.18618M,6.947877u
,,1.1862M,6.764676u
,,1.18622M,5.507901u
,,1.18624M,4.508564u
,,1.18626M,6.148889u
,,1.18628M,7.474304u
,,1.1863M,7.072751u
,,1.18632M,6.297172u
,,1.18634M,6.216592u
,,1.18636M,5.385425u
,,1.18638M,3.68753u
,,1.1864M,3.843569u
,,1.18642M,4.33751u
,,1.18644M,3.891538u
,,1.18646M,4.101895u
,,1.18648M,3.55891u
,,1.1865M,2.575854u
,,1.18652M,2.370075u
,,1.18654M,3.565625u
,,1.18656M,5.038466u
,,1.18658M,4.766828u
,,1.1866M,4.54212u
,,1.18662M,5.475849u
,,1.18664M,4.410306u
,,1.18666M,3.56945u
,,1.18668M,5.710715u
,,1.1867M,7.087617u
,,1.18672M,7.737266u
,,1.18674M,7.658347u
,,1.18676M,7.106259u
,,1.18678M,6.058223u
,,1.1868M,4.376558u
,,1.18682M,3.536765u
,,1.18684M,4.503653u
,,1.18686M,5.792739u
,,1.18688M,6.87241u
,,1.1869M,8.253751u
,,1.18692M,8.481831u
,,1.18694M,6.946187u
,,1.18696M,6.558378u
,,1.18698M,7.80959u
,,1.187M,8.528534u
,,1.18702M,7.374562u
,,1.18704M,5.597763u
,,1.18706M,6.289037u
,,1.18708M,8.864625u
,,1.1871M,10.21448u
,,1.18712M,11.12438u
,,1.18714M,11.45616u
,,1.18716M,8.5239u
,,1.18718M,4.694242u
,,1.1872M,3.987491u
,,1.18722M,4.953821u
,,1.18724M,5.030509u
,,1.18726M,4.894132u
,,1.18728M,5.484818u
,,1.1873M,6.778479u
,,1.18732M,7.172687u
,,1.18734M,6.722145u
,,1.18736M,7.186832u
,,1.18738M,7.823597u
,,1.1874M,7.618676u
,,1.18742M,6.669856u
,,1.18744M,4.85518u
,,1.18746M,3.819646u
,,1.18748M,4.13976u
,,1.1875M,3.501065u
,,1.18752M,2.838961u
,,1.18754M,3.817704u
,,1.18756M,5.046334u
,,1.18758M,5.772381u
,,1.1876M,6.969987u
,,1.18762M,7.472772u
,,1.18764M,5.47454u
,,1.18766M,3.154417u
,,1.18768M,2.724656u
,,1.1877M,3.738349u
,,1.18772M,5.101761u
,,1.18774M,6.731253u
,,1.18776M,7.30527u
,,1.18778M,6.080564u
,,1.1878M,4.947745u
,,1.18782M,4.681732u
,,1.18784M,4.472933u
,,1.18786M,5.164483u
,,1.18788M,6.369898u
,,1.1879M,5.815667u
,,1.18792M,5.407645u
,,1.18794M,6.132874u
,,1.18796M,5.595486u
,,1.18798M,4.549624u
,,1.188M,3.38703u
,,1.18802M,1.929325u
,,1.18804M,3.196733u
,,1.18806M,4.913963u
,,1.18808M,4.850845u
,,1.1881M,4.803278u
,,1.18812M,4.94339u
,,1.18814M,4.252735u
,,1.18816M,5.204163u
,,1.18818M,7.329032u
,,1.1882M,6.448154u
,,1.18822M,5.86426u
,,1.18824M,7.191116u
,,1.18826M,9.047326u
,,1.18828M,10.84906u
,,1.1883M,11.18761u
,,1.18832M,10.71444u
,,1.18834M,10.38953u
,,1.18836M,8.433339u
,,1.18838M,5.814871u
,,1.1884M,5.424476u
,,1.18842M,6.409291u
,,1.18844M,6.937816u
,,1.18846M,6.549654u
,,1.18848M,5.911724u
,,1.1885M,6.317747u
,,1.18852M,7.451313u
,,1.18854M,6.421479u
,,1.18856M,4.076014u
,,1.18858M,3.191842u
,,1.1886M,4.356637u
,,1.18862M,6.421593u
,,1.18864M,7.106099u
,,1.18866M,5.988363u
,,1.18868M,5.052582u
,,1.1887M,6.555992u
,,1.18872M,8.437137u
,,1.18874M,8.048236u
,,1.18876M,5.518273u
,,1.18878M,2.972836u
,,1.1888M,2.386534u
,,1.18882M,4.140358u
,,1.18884M,6.741225u
,,1.18886M,8.423114u
,,1.18888M,9.31383u
,,1.1889M,9.041864u
,,1.18892M,7.958847u
,,1.18894M,6.538401u
,,1.18896M,5.917954u
,,1.18898M,6.02154u
,,1.189M,4.889687u
,,1.18902M,4.240876u
,,1.18904M,5.29413u
,,1.18906M,7.278919u
,,1.18908M,8.353346u
,,1.1891M,8.196105u
,,1.18912M,7.382857u
,,1.18914M,6.094221u
,,1.18916M,5.630736u
,,1.18918M,5.628121u
,,1.1892M,6.173153u
,,1.18922M,7.674453u
,,1.18924M,8.932045u
,,1.18926M,9.614736u
,,1.18928M,9.840037u
,,1.1893M,8.874232u
,,1.18932M,7.168848u
,,1.18934M,6.674451u
,,1.18936M,7.36608u
,,1.18938M,7.665868u
,,1.1894M,7.911331u
,,1.18942M,7.726057u
,,1.18944M,7.276434u
,,1.18946M,5.908433u
,,1.18948M,5.619334u
,,1.1895M,6.446562u
,,1.18952M,6.426593u
,,1.18954M,6.396555u
,,1.18956M,7.123097u
,,1.18958M,7.069579u
,,1.1896M,6.723265u
,,1.18962M,6.995506u
,,1.18964M,7.38017u
,,1.18966M,7.215258u
,,1.18968M,6.811009u
,,1.1897M,5.643306u
,,1.18972M,4.551196u
,,1.18974M,5.828514u
,,1.18976M,8.579556u
,,1.18978M,11.16452u
,,1.1898M,12.2267u
,,1.18982M,12.47572u
,,1.18984M,13.00328u
,,1.18986M,10.87244u
,,1.18988M,6.892789u
,,1.1899M,5.140172u
,,1.18992M,5.855977u
,,1.18994M,7.442749u
,,1.18996M,7.441745u
,,1.18998M,6.263809u
,,1.19M,6.565459u
,,1.19002M,8.547207u
,,1.19004M,9.878369u
,,1.19006M,9.514114u
,,1.19008M,10.41266u
,,1.1901M,11.32295u
,,1.19012M,10.27777u
,,1.19014M,8.79301u
,,1.19016M,7.561605u
,,1.19018M,7.609848u
,,1.1902M,8.887638u
,,1.19022M,9.407722u
,,1.19024M,9.261721u
,,1.19026M,9.223673u
,,1.19028M,9.831482u
,,1.1903M,9.830826u
,,1.19032M,10.07814u
,,1.19034M,9.413599u
,,1.19036M,8.656378u
,,1.19038M,8.955861u
,,1.1904M,8.155109u
,,1.19042M,6.765616u
,,1.19044M,7.268928u
,,1.19046M,9.593261u
,,1.19048M,10.32224u
,,1.1905M,9.88729u
,,1.19052M,8.839634u
,,1.19054M,7.166459u
,,1.19056M,6.09825u
,,1.19058M,6.425799u
,,1.1906M,6.715244u
,,1.19062M,5.991558u
,,1.19064M,5.926041u
,,1.19066M,6.962679u
,,1.19068M,7.114122u
,,1.1907M,6.346742u
,,1.19072M,7.350449u
,,1.19074M,9.611924u
,,1.19076M,9.468907u
,,1.19078M,7.984909u
,,1.1908M,6.920536u
,,1.19082M,5.913475u
,,1.19084M,6.474946u
,,1.19086M,9.369695u
,,1.19088M,11.84121u
,,1.1909M,11.52349u
,,1.19092M,11.45407u
,,1.19094M,12.32706u
,,1.19096M,11.22807u
,,1.19098M,8.979664u
,,1.191M,7.906118u
,,1.19102M,9.888473u
,,1.19104M,11.9605u
,,1.19106M,10.50174u
,,1.19108M,9.211936u
,,1.1911M,9.885292u
,,1.19112M,9.875856u
,,1.19114M,9.558573u
,,1.19116M,9.16636u
,,1.19118M,9.217873u
,,1.1912M,9.348315u
,,1.19122M,8.920845u
,,1.19124M,8.674044u
,,1.19126M,8.581644u
,,1.19128M,8.384951u
,,1.1913M,8.564011u
,,1.19132M,9.303943u
,,1.19134M,9.469298u
,,1.19136M,8.309555u
,,1.19138M,7.632817u
,,1.1914M,6.993022u
,,1.19142M,6.922541u
,,1.19144M,7.889204u
,,1.19146M,8.751431u
,,1.19148M,9.706264u
,,1.1915M,10.88584u
,,1.19152M,11.72011u
,,1.19154M,10.77038u
,,1.19156M,8.707254u
,,1.19158M,7.553587u
,,1.1916M,8.354301u
,,1.19162M,10.34798u
,,1.19164M,12.15507u
,,1.19166M,13.22186u
,,1.19168M,13.21202u
,,1.1917M,10.88315u
,,1.19172M,8.13593u
,,1.19174M,8.075177u
,,1.19176M,9.327945u
,,1.19178M,9.25231u
,,1.1918M,9.116575u
,,1.19182M,9.893335u
,,1.19184M,11.19597u
,,1.19186M,11.39624u
,,1.19188M,10.51158u
,,1.1919M,10.49238u
,,1.19192M,11.23807u
,,1.19194M,10.91118u
,,1.19196M,9.906405u
,,1.19198M,9.202811u
,,1.192M,8.891976u
,,1.19202M,7.43878u
,,1.19204M,6.210315u
,,1.19206M,6.655116u
,,1.19208M,8.174863u
,,1.1921M,9.39632u
,,1.19212M,8.565468u
,,1.19214M,7.270895u
,,1.19216M,7.991876u
,,1.19218M,9.146017u
,,1.1922M,8.930698u
,,1.19222M,8.576125u
,,1.19224M,8.985913u
,,1.19226M,9.580755u
,,1.19228M,9.2228u
,,1.1923M,8.35903u
,,1.19232M,7.65184u
,,1.19234M,7.274946u
,,1.19236M,7.641916u
,,1.19238M,9.306209u
,,1.1924M,10.67135u
,,1.19242M,9.121897u
,,1.19244M,5.482194u
,,1.19246M,3.980584u
,,1.19248M,5.846694u
,,1.1925M,8.110072u
,,1.19252M,8.145598u
,,1.19254M,8.823137u
,,1.19256M,11.14678u
,,1.19258M,11.39112u
,,1.1926M,8.347213u
,,1.19262M,6.289891u
,,1.19264M,7.154002u
,,1.19266M,9.405841u
,,1.19268M,11.04685u
,,1.1927M,10.94252u
,,1.19272M,9.394566u
,,1.19274M,7.628655u
,,1.19276M,7.048684u
,,1.19278M,7.365651u
,,1.1928M,8.370729u
,,1.19282M,9.808575u
,,1.19284M,10.51651u
,,1.19286M,9.576294u
,,1.19288M,8.353158u
,,1.1929M,7.197308u
,,1.19292M,6.566345u
,,1.19294M,6.044675u
,,1.19296M,7.102279u
,,1.19298M,8.533035u
,,1.193M,9.614817u
,,1.19302M,9.745725u
,,1.19304M,8.069944u
,,1.19306M,6.32837u
,,1.19308M,6.976933u
,,1.1931M,8.790806u
,,1.19312M,9.148808u
,,1.19314M,7.931883u
,,1.19316M,6.123829u
,,1.19318M,4.978705u
,,1.1932M,5.023953u
,,1.19322M,5.818696u
,,1.19324M,5.912296u
,,1.19326M,5.446997u
,,1.19328M,4.576114u
,,1.1933M,3.150212u
,,1.19332M,3.153485u
,,1.19334M,4.946848u
,,1.19336M,6.105492u
,,1.19338M,6.638927u
,,1.1934M,7.755795u
,,1.19342M,8.362245u
,,1.19344M,7.760787u
,,1.19346M,6.373282u
,,1.19348M,3.796569u
,,1.1935M,2.109282u
,,1.19352M,2.238079u
,,1.19354M,3.536775u
,,1.19356M,4.478134u
,,1.19358M,2.966991u
,,1.1936M,4.080256u
,,1.19362M,6.33789u
,,1.19364M,5.98373u
,,1.19366M,4.406483u
,,1.19368M,4.242483u
,,1.1937M,4.389834u
,,1.19372M,3.82147u
,,1.19374M,3.019535u
,,1.19376M,2.924323u
,,1.19378M,3.715393u
,,1.1938M,4.844446u
,,1.19382M,6.284128u
,,1.19384M,7.339139u
,,1.19386M,7.118128u
,,1.19388M,5.474549u
,,1.1939M,3.773457u
,,1.19392M,3.168615u
,,1.19394M,3.432804u
,,1.19396M,3.773634u
,,1.19398M,4.229814u
,,1.194M,4.659919u
,,1.19402M,3.914952u
,,1.19404M,2.490844u
,,1.19406M,2.543774u
,,1.19408M,4.52782u
,,1.1941M,6.039185u
,,1.19412M,4.809427u
,,1.19414M,3.793492u
,,1.19416M,5.417366u
,,1.19418M,6.220785u
,,1.1942M,4.966278u
,,1.19422M,4.13466u
,,1.19424M,2.580837u
,,1.19426M,584.7186n
,,1.19428M,1.196797u
,,1.1943M,2.612969u
,,1.19432M,5.105797u
,,1.19434M,7.105375u
,,1.19436M,6.83657u
,,1.19438M,4.55755u
,,1.1944M,1.643097u
,,1.19442M,889.8284n
,,1.19444M,2.208801u
,,1.19446M,3.590856u
,,1.19448M,2.959266u
,,1.1945M,2.857111u
,,1.19452M,2.566723u
,,1.19454M,971.8724n
,,1.19456M,1.805554u
,,1.19458M,3.947645u
,,1.1946M,5.554115u
,,1.19462M,3.305402u
,,1.19464M,701.1493n
,,1.19466M,1.687973u
,,1.19468M,3.584116u
,,1.1947M,5.514533u
,,1.19472M,5.544293u
,,1.19474M,4.33794u
,,1.19476M,4.454834u
,,1.19478M,4.544166u
,,1.1948M,2.330701u
,,1.19482M,293.5778n
,,1.19484M,600.3098n
,,1.19486M,2.341594u
,,1.19488M,4.105466u
,,1.1949M,4.48124u
,,1.19492M,2.77936u
,,1.19494M,1.180806u
,,1.19496M,1.57623u
,,1.19498M,1.847866u
,,1.195M,645.5864n
,,1.19502M,2.379407u
,,1.19504M,4.163112u
,,1.19506M,4.306964u
,,1.19508M,2.728546u
,,1.1951M,2.262284u
,,1.19512M,3.323427u
,,1.19514M,4.424129u
,,1.19516M,3.919166u
,,1.19518M,2.631454u
,,1.1952M,2.403637u
,,1.19522M,3.384286u
,,1.19524M,4.007769u
,,1.19526M,3.070875u
,,1.19528M,2.727003u
,,1.1953M,4.011535u
,,1.19532M,5.562476u
,,1.19534M,4.736917u
,,1.19536M,2.819934u
,,1.19538M,2.896244u
,,1.1954M,3.085218u
,,1.19542M,1.899461u
,,1.19544M,2.453172u
,,1.19546M,2.845147u
,,1.19548M,2.080751u
,,1.1955M,1.182254u
,,1.19552M,801.9522n
,,1.19554M,1.261065u
,,1.19556M,3.071473u
,,1.19558M,4.682212u
,,1.1956M,4.493737u
,,1.19562M,3.940721u
,,1.19564M,2.99835u
,,1.19566M,1.275392u
,,1.19568M,2.748408u
,,1.1957M,3.398844u
,,1.19572M,3.101989u
,,1.19574M,4.059927u
,,1.19576M,5.310741u
,,1.19578M,6.667505u
,,1.1958M,6.847657u
,,1.19582M,6.205404u
,,1.19584M,6.922855u
,,1.19586M,7.180881u
,,1.19588M,6.181576u
,,1.1959M,5.02843u
,,1.19592M,3.331251u
,,1.19594M,2.250732u
,,1.19596M,2.578269u
,,1.19598M,2.958854u
,,1.196M,3.501761u
,,1.19602M,4.084309u
,,1.19604M,4.962557u
,,1.19606M,5.275982u
,,1.19608M,4.356978u
,,1.1961M,4.382653u
,,1.19612M,5.339005u
,,1.19614M,5.941029u
,,1.19616M,5.666242u
,,1.19618M,4.520824u
,,1.1962M,3.620701u
,,1.19622M,3.278341u
,,1.19624M,3.689264u
,,1.19626M,4.947896u
,,1.19628M,5.389033u
,,1.1963M,4.522973u
,,1.19632M,4.402729u
,,1.19634M,4.70019u
,,1.19636M,3.897709u
,,1.19638M,3.447691u
,,1.1964M,2.611766u
,,1.19642M,1.384393u
,,1.19644M,1.116594u
,,1.19646M,2.566468u
,,1.19648M,1.755917u
,,1.1965M,575.3341n
,,1.19652M,830.6778n
,,1.19654M,2.11545u
,,1.19656M,2.569673u
,,1.19658M,2.577169u
,,1.1966M,2.507093u
,,1.19662M,2.52592u
,,1.19664M,3.151749u
,,1.19666M,1.716161u
,,1.19668M,2.310398u
,,1.1967M,2.460006u
,,1.19672M,2.067294u
,,1.19674M,1.665724u
,,1.19676M,2.597584u
,,1.19678M,3.746103u
,,1.1968M,3.530564u
,,1.19682M,4.131284u
,,1.19684M,4.722275u
,,1.19686M,4.891851u
,,1.19688M,4.400311u
,,1.1969M,4.099252u
,,1.19692M,4.496876u
,,1.19694M,4.754342u
,,1.19696M,4.536683u
,,1.19698M,3.379644u
,,1.197M,2.511535u
,,1.19702M,3.462643u
,,1.19704M,4.366003u
,,1.19706M,5.257143u
,,1.19708M,6.927269u
,,1.1971M,7.604414u
,,1.19712M,6.926362u
,,1.19714M,5.070055u
,,1.19716M,2.747502u
,,1.19718M,2.321306u
,,1.1972M,2.625231u
,,1.19722M,2.013915u
,,1.19724M,1.995661u
,,1.19726M,4.598229u
,,1.19728M,5.496957u
,,1.1973M,4.672083u
,,1.19732M,4.468389u
,,1.19734M,3.423154u
,,1.19736M,2.362152u
,,1.19738M,2.354451u
,,1.1974M,1.804462u
,,1.19742M,1.75165u
,,1.19744M,1.541644u
,,1.19746M,1.533567u
,,1.19748M,2.432326u
,,1.1975M,3.853454u
,,1.19752M,3.587807u
,,1.19754M,1.566723u
,,1.19756M,4.17632u
,,1.19758M,6.626817u
,,1.1976M,6.739603u
,,1.19762M,5.782068u
,,1.19764M,4.81185u
,,1.19766M,3.37396u
,,1.19768M,1.595413u
,,1.1977M,3.022092u
,,1.19772M,4.835802u
,,1.19774M,5.887363u
,,1.19776M,5.212959u
,,1.19778M,3.791219u
,,1.1978M,4.507614u
,,1.19782M,5.540698u
,,1.19784M,6.24041u
,,1.19786M,4.710763u
,,1.19788M,3.27467u
,,1.1979M,2.445592u
,,1.19792M,2.458891u
,,1.19794M,4.641347u
,,1.19796M,7.085805u
,,1.19798M,7.512875u
,,1.198M,6.126628u
,,1.19802M,4.644645u
,,1.19804M,3.660396u
,,1.19806M,3.244164u
,,1.19808M,4.039017u
,,1.1981M,4.475037u
,,1.19812M,4.324059u
,,1.19814M,5.890549u
,,1.19816M,8.447995u
,,1.19818M,8.792663u
,,1.1982M,6.477888u
,,1.19822M,4.375175u
,,1.19824M,3.073149u
,,1.19826M,3.002319u
,,1.19828M,3.764891u
,,1.1983M,4.336974u
,,1.19832M,4.203362u
,,1.19834M,3.517597u
,,1.19836M,3.037041u
,,1.19838M,3.77116u
,,1.1984M,4.873021u
,,1.19842M,4.871207u
,,1.19844M,4.839477u
,,1.19846M,5.68063u
,,1.19848M,6.187189u
,,1.1985M,5.968804u
,,1.19852M,5.763636u
,,1.19854M,6.99586u
,,1.19856M,7.40258u
,,1.19858M,6.053156u
,,1.1986M,4.925346u
,,1.19862M,4.334376u
,,1.19864M,4.900158u
,,1.19866M,5.584893u
,,1.19868M,5.258981u
,,1.1987M,5.416855u
,,1.19872M,6.288027u
,,1.19874M,6.214563u
,,1.19876M,4.766135u
,,1.19878M,4.244474u
,,1.1988M,5.648208u
,,1.19882M,7.064611u
,,1.19884M,6.902617u
,,1.19886M,6.687826u
,,1.19888M,6.245978u
,,1.1989M,5.925275u
,,1.19892M,5.479789u
,,1.19894M,5.82599u
,,1.19896M,6.183302u
,,1.19898M,5.052299u
,,1.199M,4.706295u
,,1.19902M,5.506163u
,,1.19904M,6.089744u
,,1.19906M,5.578378u
,,1.19908M,5.019173u
,,1.1991M,5.427337u
,,1.19912M,6.712952u
,,1.19914M,7.897139u
,,1.19916M,7.190242u
,,1.19918M,5.582838u
,,1.1992M,5.608185u
,,1.19922M,5.310814u
,,1.19924M,5.166843u
,,1.19926M,6.265094u
,,1.19928M,6.943142u
,,1.1993M,5.093313u
,,1.19932M,3.60517u
,,1.19934M,4.518617u
,,1.19936M,6.665835u
,,1.19938M,7.328783u
,,1.1994M,8.012014u
,,1.19942M,10.1189u
,,1.19944M,12.17759u
,,1.19946M,12.27675u
,,1.19948M,10.89645u
,,1.1995M,9.092765u
,,1.19952M,7.76168u
,,1.19954M,7.449826u
,,1.19956M,9.315414u
,,1.19958M,10.98641u
,,1.1996M,9.335713u
,,1.19962M,6.716043u
,,1.19964M,5.530768u
,,1.19966M,5.071056u
,,1.19968M,4.785235u
,,1.1997M,5.21911u
,,1.19972M,7.304368u
,,1.19974M,9.065045u
,,1.19976M,8.314452u
,,1.19978M,8.125734u
,,1.1998M,10.40868u
,,1.19982M,12.15567u
,,1.19984M,12.43283u
,,1.19986M,11.43185u
,,1.19988M,10.1868u
,,1.1999M,8.831259u
,,1.19992M,8.241838u
,,1.19994M,9.073735u
,,1.19996M,9.940168u
,,1.19998M,10.31325u
,,1.2M,10.08059u
